2.54887 -20 -20 2 2 3
2.54477 -19.9603 -19.9603 2 2 3
2.54067 -19.9207 -19.9207 2 2 3
2.53247 -19.8413 -19.8413 2 2 3
2.51603 -19.6826 -19.6826 2 2 3
2.48304 -19.3652 -19.3652 2 2 3
2.43058 -18.8692 -18.8692 2 2 3
2.37766 -18.3732 -18.3732 2 2 3
2.32407 -17.8771 -17.8771 2 2 3
2.26977 -17.381 -17.381 2 2 3
2.21475 -16.885 -16.885 2 2 3
2.15896 -16.3889 -16.3889 2 2 3
2.10239 -15.8929 -15.8929 2 2 3
2.04501 -15.3969 -15.3969 2 2 3
1.98678 -14.901 -14.901 2 2 3
1.9277 -14.4052 -14.4052 2 2 3
1.86773 -13.9094 -13.9094 2 2 3
1.80688 -13.4138 -13.4138 2 2 3
1.74513 -12.9182 -12.9182 2 2 3
1.6825 -12.4227 -12.4227 2 2 3
1.61901 -11.9273 -11.9273 2 2 3
1.5547 -11.432 -11.432 2 2 3
1.48963 -10.9369 -10.9369 2 2 3
1.42391 -10.4418 -10.4418 2 2 3
1.35767 -9.94676 -9.94676 2 2 3
1.29108 -9.45181 -9.45181 2 2 3
1.22449 -8.95686 -8.95686 2 2 3
1.15771 -8.46196 -8.46196 2 2 3
1.09205 -7.96696 -7.96696 2 2 3
1.02727 -7.47186 -7.47186 2 2 3
0.964168 -6.97658 -6.97658 2 2 3
0.903452 -6.48103 -6.48103 2 2 3
0.845923 -5.98515 -5.98515 2 2 3
0.792479 -5.48886 -5.48886 2 2 3
0.74407 -4.99211 -4.99211 2 2 3
0.701646 -4.49489 -4.49489 2 2 3
0.666099 -3.99724 -3.99724 2 2 3
0.638137 -3.49923 -3.49923 2 2 3
0.61819 -3.001 -3.001 2 2 3
0.606286 -2.50272 -2.50272 2 2 3
0.60196 -2.00456 -2.00456 2 2 3
0.604213 -1.50663 -1.50663 2 2 3
0.611586 -1.00897 -1.00897 2 2 3
0.622324 -0.511566 -0.511566 2 2 3
0.634603 -0.0143248 -0.0143248 2 2 3
0.64688 0.482828 0.482828 2 2 3
0.657937 0.979938 0.979938 2 2 3
0.66708 1.47701 1.47701 2 2 3
0.674029 1.97401 1.97401 2 2 3
0.67874 2.47092 2.47092 2 2 3
0.681375 2.96768 2.96768 2 2 3
0.682271 3.46428 3.46428 2 2 3
0.681714 3.9607 3.9607 2 2 3
0.680019 4.45693 4.45693 2 2 3
0.677454 4.95296 4.95296 2 2 3
0.674247 5.44881 5.44881 2 2 3
0.670607 5.94448 5.94448 2 2 3
0.666668 6.43999 6.43999 2 2 3
0.662556 6.93536 6.93536 2 2 3
0.658359 7.43058 7.43058 2 2 3
0.654145 7.92568 7.92568 2 2 3
0.649946 8.42078 8.42078 2 2 3
0.645766 8.91566 8.91566 2 2 3
0.641746 9.41045 9.41045 2 2 3
0.63783 9.90516 9.90516 2 2 3
0.634049 10.3998 10.3998 2 2 3
0.630404 10.8944 10.8944 2 2 3
0.626895 11.3889 11.3889 2 2 3
0.623525 11.8833 11.8833 2 2 3
0.620287 12.3777 12.3777 2 2 3
0.617186 12.8721 12.8721 2 2 3
0.61421 13.3664 13.3664 2 2 3
0.611358 13.8607 13.8607 2 2 3
0.608625 14.3549 14.3549 2 2 3
0.606003 14.8492 14.8492 2 2 3
0.60349 15.3434 15.3434 2 2 3
0.60108 15.8375 15.8375 2 2 3
0.598768 16.3317 16.3317 2 2 3
0.596549 16.8258 16.8258 2 2 3
0.594419 17.3199 17.3199 2 2 3
0.592373 17.814 17.814 2 2 3
0.590406 18.308 18.308 2 2 3
0.588515 18.8021 18.8021 2 2 3
0.586697 19.2961 19.2961 2 2 3
0.584947 19.7901 19.7901 2 2 3
0.583261 20.2841 20.2841 2 2 3
0.581637 20.7781 20.7781 2 2 3
0.580073 21.2721 21.2721 2 2 3
0.578563 21.7661 21.7661 2 2 3
0.577107 22.2601 22.2601 2 2 3
0.575701 22.754 22.754 2 2 3
0.574343 23.248 23.248 2 2 3
0.573031 23.7419 23.7419 2 2 3
0.571763 24.2358 24.2358 2 2 3
0.570536 24.7298 24.7298 2 2 3
0.569348 25.2237 25.2237 2 2 3
0.5682 25.7176 25.7176 2 2 3
0.567087 26.2115 26.2115 2 2 3
0.566008 26.7054 26.7054 2 2 3
0.564963 27.1993 27.1993 2 2 3
0.563949 27.6932 27.6932 2 2 3
0.562965 28.1871 28.1871 2 2 3
0.562011 28.6809 28.6809 2 2 3
0.561084 29.1748 29.1748 2 2 3
0.560184 29.6687 29.6687 2 2 3
0.559309 30.1626 30.1626 2 2 3
0.558459 30.6564 30.6564 2 2 3
0.557632 31.1503 31.1503 2 2 3
0.556828 31.6441 31.6441 2 2 3
0.556045 32.138 32.138 2 2 3
0.555283 32.6318 32.6318 2 2 3
0.554541 33.1257 33.1257 2 2 3
0.553819 33.6195 33.6195 2 2 3
0.553115 34.1134 34.1134 2 2 3
0.552429 34.6072 34.6072 2 2 3
0.55176 35.1011 35.1011 2 2 3
0.551107 35.5949 35.5949 2 2 3
0.550471 36.0887 36.0887 2 2 3
0.54985 36.5826 36.5826 2 2 3
0.549244 37.0764 37.0764 2 2 3
0.548652 37.5702 37.5702 2 2 3
0.548074 38.064 38.064 2 2 3
0.547509 38.5579 38.5579 2 2 3
0.546958 39.0517 39.0517 2 2 3
0.546419 39.5455 39.5455 2 2 3
0.545891 40.0393 40.0393 2 2 3
0.545376 40.5331 40.5331 2 2 3
0.544872 41.0269 41.0269 2 2 3
0.544379 41.5208 41.5208 2 2 3
0.543896 42.0146 42.0146 2 2 3
0.543424 42.5084 42.5084 2 2 3
0.542961 43.0022 43.0022 2 2 3
0.542509 43.496 43.496 2 2 3
0.542065 43.9898 43.9898 2 2 3
0.541631 44.4836 44.4836 2 2 3
0.541205 44.9774 44.9774 2 2 3
0.540788 45.4712 45.4712 2 2 3
0.54038 45.965 45.965 2 2 3
0.539979 46.4588 46.4588 2 2 3
0.539586 46.9526 46.9526 2 2 3
0.539201 47.4464 47.4464 2 2 3
0.538823 47.9402 47.9402 2 2 3
0.538452 48.434 48.434 2 2 3
0.538088 48.9278 48.9278 2 2 3
0.537731 49.4216 49.4216 2 2 3
0.53738 49.9154 49.9154 2 2 3
0.537036 50.4092 50.4092 2 2 3
0.536698 50.903 50.903 2 2 3
0.536366 51.3968 51.3968 2 2 3
0.53604 51.8906 51.8906 2 2 3
0.53572 52.3843 52.3843 2 2 3
0.535406 52.8781 52.8781 2 2 3
0.535097 53.3719 53.3719 2 2 3
0.534793 53.8657 53.8657 2 2 3
0.534494 54.3595 54.3595 2 2 3
0.5342 54.8533 54.8533 2 2 3
0.533912 55.3471 55.3471 2 2 3
0.533628 55.8409 55.8409 2 2 3
0.533349 56.3346 56.3346 2 2 3
0.533074 56.8284 56.8284 2 2 3
0.532804 57.3222 57.3222 2 2 3
0.532538 57.816 57.816 2 2 3
0.532277 58.3098 58.3098 2 2 3
0.532019 58.8036 58.8036 2 2 3
0.531766 59.2973 59.2973 2 2 3
0.531516 59.7911 59.7911 2 2 3
0.531271 60.2849 60.2849 2 2 3
0.531029 60.7787 60.7787 2 2 3
0.530791 61.2725 61.2725 2 2 3
0.530557 61.7662 61.7662 2 2 3
0.530326 62.26 62.26 2 2 3
0.530098 62.7538 62.7538 2 2 3
0.529874 63.2476 63.2476 2 2 3
0.529653 63.7414 63.7414 2 2 3
0.529436 64.2351 64.2351 2 2 3
0.529221 64.7289 64.7289 2 2 3
0.52901 65.2227 65.2227 2 2 3
0.528801 65.7165 65.7165 2 2 3
0.528596 66.2102 66.2102 2 2 3
0.528394 66.704 66.704 2 2 3
0.528194 67.1978 67.1978 2 2 3
0.527997 67.6916 67.6916 2 2 3
0.527803 68.1853 68.1853 2 2 3
0.527611 68.6791 68.6791 2 2 3
0.527423 69.1729 69.1729 2 2 3
0.527236 69.6667 69.6667 2 2 3
0.527052 70.1604 70.1604 2 2 3
0.526871 70.6542 70.6542 2 2 3
0.526692 71.148 71.148 2 2 3
0.526515 71.6417 71.6417 2 2 3
0.526341 72.1355 72.1355 2 2 3
0.526169 72.6293 72.6293 2 2 3
0.525999 73.1231 73.1231 2 2 3
0.525832 73.6168 73.6168 2 2 3
0.525666 74.1106 74.1106 2 2 3
0.525503 74.6044 74.6044 2 2 3
0.525341 75.0981 75.0981 2 2 3
0.525182 75.5919 75.5919 2 2 3
0.525025 76.0857 76.0857 2 2 3
0.52487 76.5795 76.5795 2 2 3
