1.75152 -20 -20 2 2 3
1.75527 -20.0398 -20.0398 2 2 3
1.75911 -20.0796 -20.0796 2 2 3
1.76674 -20.1592 -20.1592 2 2 3
1.78197 -20.3184 -20.3184 2 2 3
1.81236 -20.6368 -20.6368 2 2 3
1.85965 -21.1343 -21.1343 2 2 3
1.90617 -21.6319 -21.6319 2 2 3
1.95263 -22.1295 -22.1295 2 2 3
1.99875 -22.6271 -22.6271 2 2 3
2.04455 -23.1247 -23.1247 2 2 3
2.09001 -23.6223 -23.6223 2 2 3
2.13514 -24.1199 -24.1199 2 2 3
2.17995 -24.6176 -24.6176 2 2 3
2.22443 -25.1152 -25.1152 2 2 3
2.26891 -25.6129 -25.6129 2 2 3
2.31275 -26.1106 -26.1106 2 2 3
2.35629 -26.6082 -26.6082 2 2 3
2.39952 -27.1059 -27.1059 2 2 3
2.44245 -27.6036 -27.6036 2 2 3
2.48509 -28.1012 -28.1012 2 2 3
2.52744 -28.5989 -28.5989 2 2 3
2.56951 -29.0965 -29.0965 2 2 3
2.61131 -29.5941 -29.5941 2 2 3
2.65284 -30.0917 -30.0917 2 2 3
2.69411 -30.5892 -30.5892 2 2 3
2.73513 -31.0867 -31.0867 2 2 3
2.77589 -31.5842 -31.5842 2 2 3
2.81642 -32.0816 -32.0816 2 2 3
2.8567 -32.5789 -32.5789 2 2 3
2.89675 -33.0762 -33.0762 2 2 3
2.93658 -33.5734 -33.5734 2 2 3
2.97619 -34.0704 -34.0704 2 2 3
3.01558 -34.5674 -34.5674 2 2 3
3.05476 -35.0642 -35.0642 2 2 3
3.09373 -35.5608 -35.5608 2 2 3
3.13249 -36.0572 -36.0572 2 2 3
3.17105 -36.5534 -36.5534 2 2 3
3.20942 -37.0494 -37.0494 2 2 3
3.24759 -37.545 -37.545 2 2 3
3.28556 -38.0402 -38.0402 2 2 3
3.32313 -38.5345 -38.5345 2 2 3
3.3607 -39.0285 -39.0285 2 2 3
3.39806 -39.5219 -39.5219 2 2 3
3.43521 -40.0144 -40.0144 2 2 3
3.47214 -40.5057 -40.5057 2 2 3
3.50882 -40.9957 -40.9957 2 2 3
3.54524 -41.4839 -41.4839 2 2 3
3.58136 -41.9699 -41.9699 2 2 3
3.61714 -42.4528 -42.4528 2 2 3
3.65251 -42.9318 -42.9318 2 2 3
3.68737 -43.4055 -43.4055 2 2 3
3.7216 -43.8719 -43.8719 2 2 3
3.755 -44.3283 -44.3283 2 2 3
3.7873 -44.771 -44.771 2 2 3
3.81814 -45.1948 -45.1948 2 2 3
3.84708 -45.5934 -45.5934 2 2 3
3.87362 -45.9598 -45.9598 2 2 3
3.89732 -46.2877 -46.2877 2 2 3
3.91796 -46.5736 -46.5736 2 2 3
3.93554 -46.8176 -46.8176 2 2 3
3.95033 -47.0229 -47.0229 2 2 3
3.96267 -47.1945 -47.1945 2 2 3
3.97296 -47.3378 -47.3378 2 2 3
3.98156 -47.4576 -47.4576 2 2 3
3.98879 -47.5584 -47.5584 2 2 3
3.99491 -47.6437 -47.6437 2 2 3
4.00012 -47.7163 -47.7163 2 2 3
4.00458 -47.7785 -47.7785 2 2 3
4.00843 -47.8322 -47.8322 2 2 3
4.01177 -47.8789 -47.8789 2 2 3
4.01468 -47.9196 -47.9196 2 2 3
4.01725 -47.9554 -47.9554 2 2 3
4.01981 -47.9911 -47.9911 2 2 3
4.02177 -48.0185 -48.0185 2 2 3
4.02351 -48.043 -48.043 2 2 3
4.02508 -48.0649 -48.0649 2 2 3
4.02649 -48.0845 -48.0845 2 2 3
4.02776 -48.1023 -48.1023 2 2 3
4.02891 -48.1184 -48.1184 2 2 3
4.02996 -48.133 -48.133 2 2 3
4.03091 -48.1463 -48.1463 2 2 3
4.03178 -48.1585 -48.1585 2 2 3
4.03258 -48.1697 -48.1697 2 2 3
4.03331 -48.1799 -48.1799 2 2 3
4.03398 -48.1893 -48.1893 2 2 3
4.0346 -48.198 -48.198 2 2 3
4.03518 -48.206 -48.206 2 2 3
4.03571 -48.2134 -48.2134 2 2 3
4.0362 -48.2203 -48.2203 2 2 3
4.03666 -48.2267 -48.2267 2 2 3
4.03709 -48.2327 -48.2327 2 2 3
4.03749 -48.2383 -48.2383 2 2 3
4.03786 -48.2435 -48.2435 2 2 3
4.0382 -48.2483 -48.2483 2 2 3
4.03853 -48.2529 -48.2529 2 2 3
4.03884 -48.2572 -48.2572 2 2 3
4.03912 -48.2612 -48.2612 2 2 3
4.03939 -48.265 -48.265 2 2 3
4.03965 -48.2685 -48.2685 2 2 3
4.03989 -48.2719 -48.2719 2 2 3
4.04011 -48.275 -48.275 2 2 3
4.04033 -48.278 -48.278 2 2 3
4.04053 -48.2809 -48.2809 2 2 3
4.04072 -48.2835 -48.2835 2 2 3
4.0409 -48.2861 -48.2861 2 2 3
4.04108 -48.2885 -48.2885 2 2 3
4.04124 -48.2908 -48.2908 2 2 3
4.04139 -48.293 -48.293 2 2 3
4.04154 -48.295 -48.295 2 2 3
4.04168 -48.297 -48.297 2 2 3
4.04182 -48.2989 -48.2989 2 2 3
4.04194 -48.3007 -48.3007 2 2 3
4.04207 -48.3024 -48.3024 2 2 3
4.04218 -48.304 -48.304 2 2 3
4.04229 -48.3055 -48.3055 2 2 3
4.0424 -48.307 -48.307 2 2 3
4.0425 -48.3085 -48.3085 2 2 3
4.0426 -48.3098 -48.3098 2 2 3
4.04269 -48.3111 -48.3111 2 2 3
4.04278 -48.3124 -48.3124 2 2 3
4.04287 -48.3136 -48.3136 2 2 3
4.04295 -48.3147 -48.3147 2 2 3
4.04303 -48.3158 -48.3158 2 2 3
4.04311 -48.3169 -48.3169 2 2 3
4.04318 -48.3179 -48.3179 2 2 3
4.04325 -48.3189 -48.3189 2 2 3
4.04332 -48.3199 -48.3199 2 2 3
4.04338 -48.3208 -48.3208 2 2 3
4.04344 -48.3216 -48.3216 2 2 3
4.0435 -48.3225 -48.3225 2 2 3
4.04356 -48.3233 -48.3233 2 2 3
4.04362 -48.3241 -48.3241 2 2 3
4.04367 -48.3248 -48.3248 2 2 3
4.04372 -48.3256 -48.3256 2 2 3
4.04378 -48.3263 -48.3263 2 2 3
4.04382 -48.327 -48.327 2 2 3
4.04387 -48.3276 -48.3276 2 2 3
4.04392 -48.3283 -48.3283 2 2 3
4.04396 -48.3289 -48.3289 2 2 3
4.044 -48.3295 -48.3295 2 2 3
4.04404 -48.33 -48.33 2 2 3
4.04408 -48.3306 -48.3306 2 2 3
4.04412 -48.3311 -48.3311 2 2 3
4.04416 -48.3317 -48.3317 2 2 3
4.0442 -48.3322 -48.3322 2 2 3
4.04423 -48.3327 -48.3327 2 2 3
4.04427 -48.3332 -48.3332 2 2 3
4.0443 -48.3336 -48.3336 2 2 3
4.04433 -48.3341 -48.3341 2 2 3
4.04436 -48.3345 -48.3345 2 2 3
4.04439 -48.3349 -48.3349 2 2 3
4.04442 -48.3353 -48.3353 2 2 3
4.04445 -48.3357 -48.3357 2 2 3
4.04448 -48.3361 -48.3361 2 2 3
4.04451 -48.3365 -48.3365 2 2 3
4.04453 -48.3369 -48.3369 2 2 3
4.04456 -48.3372 -48.3372 2 2 3
4.04458 -48.3376 -48.3376 2 2 3
4.04461 -48.3379 -48.3379 2 2 3
4.04463 -48.3382 -48.3382 2 2 3
4.04465 -48.3386 -48.3386 2 2 3
4.04468 -48.3389 -48.3389 2 2 3
4.0447 -48.3392 -48.3392 2 2 3
4.04472 -48.3395 -48.3395 2 2 3
4.04474 -48.3398 -48.3398 2 2 3
4.04476 -48.34 -48.34 2 2 3
4.04478 -48.3403 -48.3403 2 2 3
4.0448 -48.3406 -48.3406 2 2 3
4.04482 -48.3409 -48.3409 2 2 3
4.04484 -48.3411 -48.3411 2 2 3
4.04485 -48.3414 -48.3414 2 2 3
4.04487 -48.3416 -48.3416 2 2 3
4.04489 -48.3418 -48.3418 2 2 3
4.0449 -48.3421 -48.3421 2 2 3
4.04492 -48.3423 -48.3423 2 2 3
4.04494 -48.3425 -48.3425 2 2 3
4.04495 -48.3427 -48.3427 2 2 3
4.04497 -48.3429 -48.3429 2 2 3
4.04498 -48.3431 -48.3431 2 2 3
4.04499 -48.3433 -48.3433 2 2 3
4.04501 -48.3435 -48.3435 2 2 3
4.04502 -48.3437 -48.3437 2 2 3
4.04504 -48.3439 -48.3439 2 2 3
4.04505 -48.3441 -48.3441 2 2 3
4.04506 -48.3443 -48.3443 2 2 3
4.04507 -48.3445 -48.3445 2 2 3
4.04509 -48.3446 -48.3446 2 2 3
4.0451 -48.3448 -48.3448 2 2 3
4.04511 -48.345 -48.345 2 2 3
4.04512 -48.3451 -48.3451 2 2 3
4.04513 -48.3453 -48.3453 2 2 3
4.04514 -48.3454 -48.3454 2 2 3
4.04515 -48.3456 -48.3456 2 2 3
4.04517 -48.3457 -48.3457 2 2 3
4.04518 -48.3459 -48.3459 2 2 3
4.04519 -48.346 -48.346 2 2 3
4.0452 -48.3462 -48.3462 2 2 3
4.04521 -48.3463 -48.3463 2 2 3
4.04522 -48.3464 -48.3464 2 2 3
1.75152 -20 -20 2 2 3
1.74764 -19.9602 -19.9602 2 2 3
1.74386 -19.9204 -19.9204 2 2 3
1.73622 -19.8408 -19.8408 2 2 3
1.72093 -19.6816 -19.6816 2 2 3
1.69029 -19.3632 -19.3632 2 2 3
1.64222 -18.8657 -18.8657 2 2 3
1.59347 -18.3683 -18.3683 2 2 3
1.54469 -17.8709 -17.8709 2 2 3
1.49592 -17.3734 -17.3734 2 2 3
1.44666 -16.8761 -16.8761 2 2 3
1.3972 -16.3787 -16.3787 2 2 3
1.34759 -15.8813 -15.8813 2 2 3
1.29786 -15.3839 -15.3839 2 2 3
1.24807 -14.8866 -14.8866 2 2 3
1.19826 -14.3892 -14.3892 2 2 3
1.14851 -13.8918 -13.8918 2 2 3
1.09889 -13.3944 -13.3944 2 2 3
1.0497 -12.897 -12.897 2 2 3
1.00069 -12.3995 -12.3995 2 2 3
0.95211 -11.9021 -11.9021 2 2 3
0.904074 -11.4045 -11.4045 2 2 3
0.856723 -10.9069 -10.9069 2 2 3
0.810211 -10.4093 -10.4093 2 2 3
0.764707 -9.91152 -9.91152 2 2 3
0.720403 -9.4137 -9.4137 2 2 3
0.677513 -8.91579 -8.91579 2 2 3
0.636272 -8.41778 -8.41778 2 2 3
0.596948 -7.91968 -7.91968 2 2 3
0.559833 -7.42149 -7.42149 2 2 3
0.525258 -6.92322 -6.92322 2 2 3
0.493591 -6.42492 -6.42492 2 2 3
0.465238 -5.92661 -5.92661 2 2 3
0.440649 -5.42836 -5.42836 2 2 3
0.420321 -4.93028 -4.93028 2 2 3
0.404774 -4.43251 -4.43251 2 2 3
0.394532 -3.93524 -3.93524 2 2 3
0.390079 -3.43873 -3.43873 2 2 3
0.391746 -2.94329 -2.94329 2 2 3
0.399571 -2.44927 -2.44927 2 2 3
0.413162 -1.95695 -1.95695 2 2 3
0.431435 -1.46645 -1.46645 2 2 3
0.452818 -0.977646 -0.977646 2 2 3
0.475361 -0.490151 -0.490151 2 2 3
0.497288 -0.00347889 -0.00347889 2 2 3
0.517274 0.482794 0.482794 2 2 3
0.534562 0.968951 0.968951 2 2 3
0.548965 1.45512 1.45512 2 2 3
0.560593 1.94133 1.94133 2 2 3
0.56975 2.42758 2.42758 2 2 3
0.576788 2.91382 2.91382 2 2 3
0.58206 3.40003 3.40003 2 2 3
0.58589 3.88616 3.88616 2 2 3
0.588553 4.37218 4.37218 2 2 3
0.590285 4.85808 4.85808 2 2 3
0.591278 5.34384 5.34384 2 2 3
0.591688 5.82946 5.82946 2 2 3
0.591635 6.31493 6.31493 2 2 3
0.59122 6.80025 6.80025 2 2 3
0.590534 7.28543 7.28543 2 2 3
0.589631 7.77047 7.77047 2 2 3
0.58857 8.25537 8.25537 2 2 3
0.587519 8.74026 8.74026 2 2 3
0.586197 9.22491 9.22491 2 2 3
0.584852 9.70943 9.70943 2 2 3
0.583462 10.1938 10.1938 2 2 3
0.582053 10.6781 10.6781 2 2 3
0.580637 11.1623 11.1623 2 2 3
0.579223 11.6465 11.6465 2 2 3
0.57782 12.1305 12.1305 2 2 3
0.576431 12.6144 12.6144 2 2 3
0.575063 13.0983 13.0983 2 2 3
0.573719 13.5821 13.5821 2 2 3
0.572401 14.0658 14.0658 2 2 3
0.571109 14.5494 14.5494 2 2 3
0.569851 15.033 15.033 2 2 3
0.568617 15.5166 15.5166 2 2 3
0.567417 16.0001 16.0001 2 2 3
0.566246 16.4835 16.4835 2 2 3
0.565105 16.9669 16.9669 2 2 3
0.563996 17.4502 17.4502 2 2 3
0.562915 17.9335 17.9335 2 2 3
0.561862 18.4167 18.4167 2 2 3
0.560842 18.9 18.9 2 2 3
0.559844 19.3831 19.3831 2 2 3
0.558878 19.8663 19.8663 2 2 3
0.557935 20.3494 20.3494 2 2 3
0.55702 20.8325 20.8325 2 2 3
0.556129 21.3155 21.3155 2 2 3
0.555262 21.7985 21.7985 2 2 3
0.554419 22.2815 22.2815 2 2 3
0.553599 22.7645 22.7645 2 2 3
0.5528 23.2475 23.2475 2 2 3
0.552022 23.7304 23.7304 2 2 3
0.551266 24.2133 24.2133 2 2 3
0.55053 24.6962 24.6962 2 2 3
0.549811 25.179 25.179 2 2 3
0.549112 25.6619 25.6619 2 2 3
0.548431 26.1447 26.1447 2 2 3
0.547767 26.6275 26.6275 2 2 3
0.54712 27.1103 27.1103 2 2 3
0.546489 27.5931 27.5931 2 2 3
0.545874 28.0758 28.0758 2 2 3
0.545274 28.5586 28.5586 2 2 3
0.544689 29.0413 29.0413 2 2 3
0.544117 29.524 29.524 2 2 3
0.54356 30.0067 30.0067 2 2 3
0.543015 30.4894 30.4894 2 2 3
0.542483 30.9721 30.9721 2 2 3
0.541964 31.4548 31.4548 2 2 3
0.541457 31.9374 31.9374 2 2 3
0.540961 32.4201 32.4201 2 2 3
0.540476 32.9027 32.9027 2 2 3
0.540003 33.3853 33.3853 2 2 3
0.53954 33.8679 33.8679 2 2 3
0.539087 34.3505 34.3505 2 2 3
0.538644 34.8331 34.8331 2 2 3
0.53821 35.3157 35.3157 2 2 3
0.537787 35.7983 35.7983 2 2 3
0.537371 36.2809 36.2809 2 2 3
0.536965 36.7635 36.7635 2 2 3
0.536567 37.246 37.246 2 2 3
0.536177 37.7286 37.7286 2 2 3
0.535795 38.2111 38.2111 2 2 3
0.535422 38.6937 38.6937 2 2 3
0.535055 39.1762 39.1762 2 2 3
0.534696 39.6587 39.6587 2 2 3
0.534344 40.1412 40.1412 2 2 3
0.533999 40.6238 40.6238 2 2 3
0.53366 41.1063 41.1063 2 2 3
0.533328 41.5888 41.5888 2 2 3
0.533003 42.0713 42.0713 2 2 3
0.532683 42.5538 42.5538 2 2 3
0.532369 43.0363 43.0363 2 2 3
0.532062 43.5187 43.5187 2 2 3
0.53176 44.0012 44.0012 2 2 3
0.531464 44.4837 44.4837 2 2 3
0.531172 44.9662 44.9662 2 2 3
0.530887 45.4486 45.4486 2 2 3
0.530606 45.9311 45.9311 2 2 3
0.53033 46.4136 46.4136 2 2 3
0.530059 46.896 46.896 2 2 3
0.529793 47.3785 47.3785 2 2 3
0.529531 47.8609 47.8609 2 2 3
0.529274 48.3434 48.3434 2 2 3
0.529021 48.8258 48.8258 2 2 3
0.528773 49.3082 49.3082 2 2 3
0.528528 49.7907 49.7907 2 2 3
0.528288 50.2731 50.2731 2 2 3
0.528052 50.7555 50.7555 2 2 3
0.527819 51.238 51.238 2 2 3
0.52759 51.7204 51.7204 2 2 3
0.527365 52.2028 52.2028 2 2 3
0.527143 52.6852 52.6852 2 2 3
0.526926 53.1676 53.1676 2 2 3
0.526711 53.65 53.65 2 2 3
0.5265 54.1324 54.1324 2 2 3
0.526292 54.6148 54.6148 2 2 3
0.526087 55.0972 55.0972 2 2 3
0.525885 55.5796 55.5796 2 2 3
0.525687 56.062 56.062 2 2 3
0.525491 56.5444 56.5444 2 2 3
0.525299 57.0268 57.0268 2 2 3
0.525109 57.5092 57.5092 2 2 3
0.524922 57.9916 57.9916 2 2 3
0.524737 58.474 58.474 2 2 3
0.524556 58.9564 58.9564 2 2 3
0.524377 59.4388 59.4388 2 2 3
0.5242 59.9211 59.9211 2 2 3
0.524026 60.4035 60.4035 2 2 3
0.523855 60.8859 60.8859 2 2 3
0.523686 61.3683 61.3683 2 2 3
0.523519 61.8506 61.8506 2 2 3
0.523355 62.333 62.333 2 2 3
0.523193 62.8154 62.8154 2 2 3
0.523033 63.2977 63.2977 2 2 3
0.522875 63.7801 63.7801 2 2 3
0.522719 64.2625 64.2625 2 2 3
0.522566 64.7448 64.7448 2 2 3
0.522414 65.2272 65.2272 2 2 3
0.522265 65.7096 65.7096 2 2 3
0.522117 66.1919 66.1919 2 2 3
0.521972 66.6743 66.6743 2 2 3
0.521828 67.1566 67.1566 2 2 3
0.521686 67.639 67.639 2 2 3
0.521546 68.1213 68.1213 2 2 3
0.521408 68.6037 68.6037 2 2 3
0.521271 69.086 69.086 2 2 3
0.521136 69.5684 69.5684 2 2 3
0.521004 70.0507 70.0507 2 2 3
0.520872 70.5331 70.5331 2 2 3
0.520742 71.0154 71.0154 2 2 3
0.520614 71.4978 71.4978 2 2 3
0.520487 71.9801 71.9801 2 2 3
0.520362 72.4625 72.4625 2 2 3
0.520238 72.9448 72.9448 2 2 3
0.520116 73.4271 73.4271 2 2 3
0.519996 73.9095 73.9095 2 2 3
0.519876 74.3918 74.3918 2 2 3
0.519758 74.8741 74.8741 2 2 3
