-3.1 0.18201
-3.099 0.18201
-3.0980000000000003 0.18201
-3.0970000000000004 0.18201
-3.0960000000000005 0.18201
-3.0950000000000006 0.18201
-3.0940000000000007 0.18201
-3.093000000000001 0.18201
-3.092000000000001 0.18201
-3.091000000000001 0.182
-3.090000000000001 0.182
-3.0890000000000013 0.182
-3.0880000000000014 0.182
-3.0870000000000015 0.182
-3.0860000000000016 0.182
-3.0850000000000017 0.182
-3.084000000000002 0.182
-3.083000000000002 0.182
-3.082000000000002 0.182
-3.081000000000002 0.182
-3.0800000000000023 0.182
-3.0790000000000024 0.182
-3.0780000000000025 0.182
-3.0770000000000026 0.182
-3.0760000000000027 0.182
-3.075000000000003 0.0275 0.02909 0.05113 0.15696 0.19856 0.20922
-3.074000000000003 0.0274 0.02907 0.05099 0.15606 0.19859 0.20922
-3.073000000000003 0.02734 0.02904 0.05087 0.15536 0.19856 0.20923
-3.072000000000003 0.02725 0.02733 0.029 0.02902 0.05067 0.05086 0.15424 0.15529 0.19848 0.19849 0.20922 0.20928
-3.0710000000000033 0.02712 0.02746 0.02891 0.02899 0.05031 0.0511 0.15237 0.15668 0.19827 0.19834 0.20917 0.20943
-3.0700000000000034 0.02705 0.02752 0.02883 0.02896 0.05007 0.0512 0.15117 0.1573 0.19804 0.1982 0.20916 0.20953
-3.0690000000000035 0.02699 0.02757 0.02876 0.02893 0.04984 0.05126 0.1501 0.15771 0.19778 0.19806 0.20915 0.20963
-3.0680000000000036 0.02694 0.0276 0.02868 0.0289 0.04962 0.0513 0.14906 0.15798 0.1975 0.19795 0.20913 0.20972
-3.0670000000000037 0.0269 0.02761 0.0286 0.02887 0.04939 0.05131 0.14802 0.1581 0.19719 0.19787 0.20911 0.2098
-3.066000000000004 0.02686 0.0276 0.02852 0.02885 0.04914 0.05129 0.14697 0.15804 0.19686 0.19783 0.20909 0.20987
-3.065000000000004 0.02682 0.02756 0.02845 0.02885 0.0489 0.05124 0.14594 0.15775 0.19651 0.19784 0.20905 0.20993
-3.064000000000004 0.02679 0.02748 0.02838 0.02884 0.04866 0.05112 0.14501 0.15713 0.19617 0.19789 0.20902 0.20997
-3.063000000000004 0.02677 0.02737 0.02833 0.02883 0.0485 0.05093 0.14438 0.15605 0.19591 0.19794 0.209 0.20998
-3.0620000000000043 0.02676 0.02724 0.02831 0.02879 0.04851 0.05064 0.14435 0.15441 0.19583 0.19788 0.20905 0.20994
-3.0610000000000044 0.0268 0.02708 0.02835 0.02869 0.04879 0.05019 0.1454 0.15192 0.19608 0.19758 0.20922 0.20981
-3.0600000000000045 0.02689 0.02848 0.04941 0.14805 0.19674 0.20954
-3.0590000000000046 0.02687 0.02843 0.04925 0.1474 0.19651 0.20956
-3.0580000000000047 0.02684 0.02838 0.04909 0.14673 0.19627 0.20958
-3.057000000000005 0.02682 0.02833 0.04891 0.14603 0.19601 0.20959
-3.056000000000005 0.02679 0.02828 0.04871 0.14531 0.19573 0.20959
-3.055000000000005 0.02676 0.02823 0.0485 0.14455 0.19544 0.2096
-3.054000000000005 0.02674 0.02818 0.04826 0.14377 0.19513 0.2096
-3.0530000000000053 0.02671 0.02813 0.04801 0.14298 0.1948 0.20959
-3.0520000000000054 0.02669 0.02808 0.04772 0.14218 0.19447 0.20957
-3.0510000000000055 0.02667 0.02803 0.04742 0.1414 0.19413 0.20955
-3.0500000000000056 0.02664 0.02799 0.04709 0.14066 0.1938 0.20951
-3.0490000000000057 0.02662 0.02795 0.04674 0.13998 0.19349 0.20947
-3.048000000000006 0.02661 0.02791 0.04638 0.1394 0.1932 0.20943
-3.047000000000006 0.02659 0.02789 0.04602 0.13894 0.19296 0.20937
-3.046000000000006 0.02658 0.02786 0.04565 0.1386 0.19276 0.20932
-3.045000000000006 0.02657 0.02784 0.0453 0.13838 0.1926 0.20926
-3.0440000000000063 0.02657 0.02783 0.04495 0.13828 0.19249 0.2092
-3.0430000000000064 0.02656 0.02782 0.04462 0.13829 0.19242 0.20914
-3.0420000000000065 0.02656 0.02782 0.0443 0.1384 0.19239 0.20908
-3.0410000000000066 0.02656 0.02782 0.04399 0.1386 0.19239 0.20902
-3.0400000000000067 0.02656 0.02782 0.04369 0.13887 0.19243 0.20896
-3.039000000000007 0.02657 0.02782 0.0434 0.13921 0.19249 0.2089
-3.038000000000007 0.02657 0.02783 0.04312 0.13962 0.19257 0.20883
-3.037000000000007 0.02658 0.02784 0.04284 0.14009 0.19268 0.20877
-3.036000000000007 0.02659 0.02785 0.04257 0.14061 0.19282 0.20871
-3.0350000000000072 0.02659 0.02786 0.04231 0.14119 0.19297 0.20865
-3.0340000000000074 0.0266 0.02788 0.04205 0.14182 0.19314 0.20858
-3.0330000000000075 0.02661 0.02789 0.04179 0.14251 0.19334 0.20852
-3.0320000000000076 0.02662 0.02792 0.04153 0.14327 0.19356 0.20845
-3.0310000000000077 0.02664 0.02794 0.04127 0.14408 0.19381 0.20837
-3.030000000000008 0.02665 0.02797 0.04101 0.14497 0.19408 0.20829
-3.029000000000008 0.02667 0.028 0.04074 0.14595 0.19438 0.20821
-3.028000000000008 0.02668 0.02805 0.04045 0.14705 0.19473 0.20811
-3.027000000000008 0.0267 0.0281 0.04015 0.14831 0.19514 0.208
-3.0260000000000082 0.02673 0.02817 0.0398 0.14986 0.19565 0.20786
-3.0250000000000083 0.02677 0.02829 0.03931 0.15216 0.19643 0.20764
-3.0240000000000085 0.02798 0.03355 0.18756 0.20537
-3.0230000000000086 0.02801 0.03348 0.18785 0.20532
-3.0220000000000087 0.02803 0.03341 0.18815 0.20527
-3.021000000000009 0.02805 0.03333 0.18844 0.20522
-3.020000000000009 0.02807 0.03326 0.18874 0.20517
-3.019000000000009 0.0281 0.03318 0.18905 0.20512
-3.018000000000009 0.02812 0.03311 0.18935 0.20506
-3.0170000000000092 0.02815 0.03303 0.18966 0.205
-3.0160000000000093 0.02818 0.03295 0.18998 0.20494
-3.0150000000000095 0.02821 0.03287 0.1903 0.20487
-3.0140000000000096 0.02824 0.03279 0.19062 0.20481
-3.0130000000000097 0.02827 0.0327 0.19095 0.20473
-3.01200000000001 0.0283 0.03262 0.19128 0.20466
-3.01100000000001 0.02834 0.03253 0.19162 0.20457
-3.01000000000001 0.02838 0.03244 0.19197 0.20449
-3.00900000000001 0.02842 0.03235 0.19232 0.20439
-3.00800000000001 0.02846 0.03225 0.19268 0.2043
-3.0070000000000103 0.02851 0.03215 0.19305 0.20419
-3.0060000000000104 0.02855 0.03205 0.19343 0.20408
-3.0050000000000106 0.02861 0.03195 0.19382 0.20395
-3.0040000000000107 0.02866 0.03184 0.19422 0.20382
-3.0030000000000108 0.02872 0.03172 0.19464 0.20367
-3.002000000000011 0.02879 0.0316 0.19507 0.20351
-3.001000000000011 0.02886 0.03147 0.19553 0.20332
-3.000000000000011 0.02895 0.03133 0.19601 0.20311
