-2.9 0.02847 0.19869
-2.901 0.02848 0.19872
-2.9019999999999997 0.02849 0.19876
-2.9029999999999996 0.0285 0.19879
-2.9039999999999995 0.02852 0.19882
-2.9049999999999994 0.02853 0.19885
-2.9059999999999993 0.02854 0.19889
-2.906999999999999 0.02856 0.19892
-2.907999999999999 0.02857 0.19895
-2.908999999999999 0.02858 0.19898
-2.909999999999999 0.0286 0.19901
-2.9109999999999987 0.02861 0.19904
-2.9119999999999986 0.02862 0.19907
-2.9129999999999985 0.02864 0.1991
-2.9139999999999984 0.02865 0.19913
-2.9149999999999983 0.02867 0.19916
-2.915999999999998 0.02868 0.19918
-2.916999999999998 0.02869 0.19921
-2.917999999999998 0.02871 0.19924
-2.918999999999998 0.02872 0.19927
-2.9199999999999977 0.02874 0.19929
-2.9209999999999976 0.02875 0.19932
-2.9219999999999975 0.02876 0.19935
-2.9229999999999974 0.02878 0.19937
-2.9239999999999973 0.02879 0.1994
-2.924999999999997 0.02881 0.19942
-2.925999999999997 0.02882 0.19945
-2.926999999999997 0.02884 0.19947
-2.927999999999997 0.02885 0.1995
-2.9289999999999967 0.02887 0.19952
-2.9299999999999966 0.02888 0.19954
-2.9309999999999965 0.0289 0.19956
-2.9319999999999964 0.02891 0.19959
-2.9329999999999963 0.02893 0.19961
-2.933999999999996 0.02894 0.19963
-2.934999999999996 0.02896 0.19965
-2.935999999999996 0.02897 0.19967
-2.936999999999996 0.02899 0.19969
-2.9379999999999957 0.02901 0.19971
-2.9389999999999956 0.02902 0.19973
-2.9399999999999955 0.02904 0.19975
-2.9409999999999954 0.02905 0.19977
-2.9419999999999953 0.02907 0.19979
-2.942999999999995 0.02908 0.19981
-2.943999999999995 0.0291 0.19983
-2.944999999999995 0.02912 0.19984
-2.945999999999995 0.02913 0.19986
-2.9469999999999947 0.02915 0.19988
-2.9479999999999946 0.02917 0.19989
-2.9489999999999945 0.02918 0.19991
-2.9499999999999944 0.0292 0.19993
-2.9509999999999943 0.02922 0.19994
-2.951999999999994 0.02923 0.19996
-2.952999999999994 0.02925 0.19997
-2.953999999999994 0.02927 0.19999
-2.954999999999994 0.02928 0.2
-2.9559999999999937 0.0293 0.20001
-2.9569999999999936 0.02932 0.20003
-2.9579999999999935 0.02933 0.20004
-2.9589999999999934 0.02935 0.20005
-2.9599999999999933 0.02937 0.20006
-2.960999999999993 0.02938 0.20007
-2.961999999999993 0.0294 0.20009
-2.962999999999993 0.02942 0.2001
-2.963999999999993 0.02944 0.20011
-2.9649999999999928 0.02945 0.20012
-2.9659999999999926 0.02947 0.20013
-2.9669999999999925 0.02949 0.20014
-2.9679999999999924 0.02951 0.20015
-2.9689999999999923 0.02952 0.20015
-2.969999999999992 0.02954 0.20016
-2.970999999999992 0.02956 0.20017
-2.971999999999992 0.02958 0.20018
-2.972999999999992 0.02959 0.20019
-2.9739999999999918 0.02961 0.20019
-2.9749999999999917 0.02963 0.2002
-2.9759999999999915 0.02965 0.20021
-2.9769999999999914 0.02967 0.20021
-2.9779999999999913 0.02968 0.20022
-2.978999999999991 0.0297 0.20022
-2.979999999999991 0.02972 0.20023
-2.980999999999991 0.02974 0.20023
-2.981999999999991 0.02976 0.20024
-2.9829999999999908 0.02978 0.20024
-2.9839999999999907 0.02979 0.20024
-2.9849999999999905 0.02981 0.20025
-2.9859999999999904 0.02983 0.20025
-2.9869999999999903 0.02985 0.20025
-2.98799999999999 0.02987 0.20025
-2.98899999999999 0.02989 0.20026
-2.98999999999999 0.02991 0.20026
-2.99099999999999 0.02992 0.20026
-2.99199999999999 0.02994 0.20026
-2.9929999999999897 0.02996 0.20026
-2.9939999999999896 0.02998 0.20026
-2.9949999999999894 0.02996 0.03004 0.20014 0.20038
-2.9959999999999893 0.02948 0.03057 0.19852 0.20171
-2.9969999999999892 0.02929 0.03082 0.19773 0.20222
-2.997999999999989 0.02916 0.03101 0.19709 0.20258
-2.998999999999989 0.02904 0.03118 0.19652 0.20287
-2.999999999999989 0.02895 0.03133 0.19601 0.20311
-3.000999999999989 0.02886 0.03147 0.19553 0.20332
-3.0019999999999887 0.02879 0.0316 0.19507 0.20351
-3.0029999999999886 0.02872 0.03172 0.19464 0.20367
-3.0039999999999885 0.02866 0.03184 0.19422 0.20382
-3.0049999999999883 0.02861 0.03195 0.19382 0.20395
-3.0059999999999882 0.02855 0.03205 0.19343 0.20408
-3.006999999999988 0.02851 0.03215 0.19305 0.20419
-3.007999999999988 0.02846 0.03225 0.19268 0.2043
-3.008999999999988 0.02842 0.03235 0.19232 0.20439
-3.009999999999988 0.02838 0.03244 0.19197 0.20449
-3.0109999999999877 0.02834 0.03253 0.19162 0.20457
-3.0119999999999876 0.0283 0.03262 0.19128 0.20466
-3.0129999999999875 0.02827 0.0327 0.19095 0.20473
-3.0139999999999874 0.02824 0.03279 0.19062 0.20481
-3.0149999999999872 0.02821 0.03287 0.1903 0.20487
-3.015999999999987 0.02818 0.03295 0.18998 0.20494
-3.016999999999987 0.02815 0.03303 0.18966 0.205
-3.017999999999987 0.02812 0.03311 0.18935 0.20506
-3.018999999999987 0.0281 0.03318 0.18905 0.20512
-3.0199999999999867 0.02807 0.03326 0.18874 0.20517
-3.0209999999999866 0.02805 0.03333 0.18844 0.20522
-3.0219999999999865 0.02803 0.03341 0.18815 0.20527
-3.0229999999999864 0.02801 0.03348 0.18785 0.20532
-3.0239999999999863 0.02798 0.03355 0.18756 0.20537
-3.024999999999986 0.02796 0.03362 0.18728 0.20541
-3.025999999999986 0.02794 0.03369 0.18699 0.20545
-3.026999999999986 0.02792 0.03376 0.18671 0.20549
-3.027999999999986 0.02791 0.03383 0.18643 0.20553
-3.0289999999999857 0.02789 0.0339 0.18615 0.20557
-3.0299999999999856 0.02777 0.028 0.03371 0.03418 0.18456 0.18733 0.20552 0.20565
-3.0309999999999855 0.02769 0.02811 0.03355 0.0344 0.18329 0.18838 0.20546 0.20568
-3.0319999999999854 0.02764 0.02819 0.03345 0.03455 0.18242 0.18905 0.20541 0.20569
-3.0329999999999853 0.0276 0.02826 0.03337 0.03468 0.18169 0.18956 0.20537 0.20569
-3.033999999999985 0.02756 0.02832 0.03331 0.03479 0.18106 0.18998 0.20533 0.20569
-3.034999999999985 0.02754 0.02837 0.03326 0.0349 0.18048 0.19035 0.2053 0.20568
-3.035999999999985 0.02751 0.02842 0.03322 0.035 0.17995 0.19067 0.20527 0.20568
-3.036999999999985 0.02747 0.02751 0.02836 0.02857 0.03307 0.03334 0.03499 0.03516 0.17909 0.17995 0.19015 0.19155 0.20518 0.20534 0.20555 0.20579
-3.0379999999999847 0.02744 0.02753 0.02824 0.0287 0.03295 0.03354 0.03495 0.03531 0.17833 0.18025 0.18913 0.19229 0.20509 0.2054 0.20545 0.20594
-3.0389999999999846 0.02741 0.02742 0.02743 0.02744 0.02745 0.02746 0.02747 0.02748 0.02749 0.0275 0.02752 0.02753 0.02755 0.02756 0.02757 0.02806 0.02808 0.0281 0.02811 0.02812 0.0282 0.02823 0.02834 0.02836 0.02837 0.02843 0.02844 0.0285 0.02861 0.02864 0.02865 0.02868 0.02869 0.02871 0.02875 0.02876 0.02881 0.02882 0.02883 0.02884 0.03283 0.03284 0.03285 0.03286 0.03291 0.03292 0.03297 0.03298 0.033 0.03304 0.03305 0.03308 0.03322 0.03329 0.03331 0.03339 0.0334 0.03343 0.03359 0.03363 0.03377 0.03379 0.03381 0.03384 0.03387 0.03484 0.03485 0.03486 0.03487 0.03488 0.03489 0.03497 0.035 0.03506 0.03509 0.0351 0.03511 0.03515 0.03516 0.0352 0.03533 0.03535 0.03537 0.03538 0.03539 0.03542 0.03543 0.03544 0.17759 0.17762 0.17763 0.17765 0.17769 0.17782 0.17787 0.17807 0.17812 0.17813 0.17818 0.1783 0.17833 0.17845 0.17883 0.17905 0.17911 0.17937 0.1794 0.1795 0.17963 0.18001 0.18016 0.18061 0.18066 0.18071 0.1808 0.18082 0.18091 0.18742 0.18756 0.1876 0.18777 0.18785 0.18794 0.18873 0.18898 0.18986 0.19003 0.19008 0.19051 0.19061 0.19097 0.1917 0.19188 0.19193 0.19211 0.19213 0.1922 0.19228 0.19251 0.1926 0.19285 0.19287 0.1929 0.19295 0.19296 0.193 0.205 0.20501 0.20502 0.20505 0.20507 0.20509 0.2051 0.20511 0.20514 0.20516 0.20521 0.20523 0.20525 0.20526 0.20527 0.2053 0.20531 0.20534 0.20535 0.20536 0.20537 0.20538 0.2054 0.20544 0.20546 0.20547 0.20548 0.20549 0.20553 0.20554 0.20557 0.20558 0.20559 0.2056 0.20561 0.20574 0.2058 0.20582 0.20588 0.20589 0.20591 0.20599 0.20601 0.20605 0.20606 0.20607
-3.0399999999999845 0.02738 0.02739 0.0274 0.02742 0.02743 0.02744 0.02745 0.02747 0.02748 0.02751 0.02755 0.02756 0.02757 0.02759 0.0276 0.02762 0.02764 0.02782 0.02786 0.02791 0.02801 0.02802 0.02814 0.02831 0.02836 0.02839 0.02855 0.02856 0.0286 0.02861 0.02862 0.02864 0.02872 0.02873 0.02889 0.0289 0.02896 0.02898 0.02901 0.03269 0.03272 0.03274 0.0328 0.03297 0.03299 0.033 0.03307 0.03308 0.0331 0.03311 0.03312 0.03317 0.03318 0.03339 0.03344 0.0335 0.03375 0.03397 0.03399 0.03418 0.03429 0.03437 0.03464 0.03468 0.03474 0.03485 0.03486 0.03495 0.03506 0.03515 0.03518 0.03519 0.03529 0.0353 0.03532 0.03533 0.03534 0.03535 0.03539 0.0354 0.03541 0.03554 0.03555 0.03557 0.03558 0.1768 0.17686 0.17695 0.17715 0.17768 0.17774 0.17776 0.17802 0.17808 0.1781 0.17811 0.17812 0.17813 0.17817 0.17819 0.17831 0.17833 0.17836 0.179 0.17916 0.17951 0.18033 0.18082 0.18088 0.18105 0.18151 0.18184 0.1821 0.18461 0.1851 0.18571 0.18685 0.18693 0.18697 0.18816 0.18954 0.18991 0.19019 0.19126 0.19132 0.19135 0.19158 0.19164 0.19165 0.19167 0.1917 0.19181 0.19182 0.19185 0.19227 0.19237 0.19322 0.19325 0.19351 0.19365 0.19375 0.2049 0.20492 0.20493 0.20495 0.20497 0.205 0.20505 0.20509 0.2051 0.20511 0.20515 0.20516 0.20517 0.20518 0.20519 0.20521 0.20522 0.20535 0.20538 0.2054 0.20544 0.20547 0.20554 0.20559 0.2056 0.20562 0.20563 0.20564 0.20565 0.20566 0.20567 0.2057 0.20571 0.20572 0.20576 0.20581 0.20585 0.20591 0.20594 0.20599 0.20603 0.20606 0.20609 0.20612
-3.0409999999999844 0.02735 0.02736 0.02738 0.02741 0.02742 0.02743 0.02744 0.02746 0.02747 0.02751 0.02758 0.02759 0.02761 0.02763 0.02766 0.02767 0.02768 0.02769 0.0277 0.02773 0.02774 0.02776 0.02777 0.02779 0.02787 0.02791 0.02792 0.02797 0.02798 0.02825 0.02841 0.02842 0.02844 0.0285 0.02861 0.02863 0.02865 0.02867 0.02872 0.02875 0.02898 0.02908 0.0291 0.02912 0.02918 0.03257 0.03262 0.03263 0.03264 0.03266 0.03275 0.03298 0.03302 0.03307 0.03309 0.03312 0.03313 0.03327 0.03335 0.03338 0.03362 0.03407 0.03409 0.03419 0.0342 0.0343 0.03437 0.03447 0.03451 0.03452 0.03454 0.03455 0.0346 0.03462 0.03468 0.03473 0.03475 0.03477 0.03482 0.03486 0.03491 0.03497 0.03498 0.03521 0.03525 0.03531 0.03533 0.03535 0.03539 0.03542 0.03545 0.03547 0.0356 0.03566 0.03567 0.03568 0.03572 0.17606 0.17623 0.17626 0.17633 0.17664 0.17737 0.17748 0.17767 0.17781 0.17796 0.17829 0.17862 0.17865 0.17876 0.17953 0.18099 0.18105 0.18112 0.18142 0.18174 0.1823 0.18239 0.18244 0.18254 0.18255 0.18267 0.18282 0.18283 0.18288 0.18322 0.18337 0.18366 0.1837 0.18389 0.18412 0.18512 0.18567 0.18577 0.18633 0.18645 0.18898 0.19029 0.19033 0.19047 0.1909 0.19161 0.19169 0.19183 0.19193 0.19223 0.19242 0.19357 0.19404 0.19413 0.19418 0.1942 0.19446 0.20464 0.20477 0.20478 0.2048 0.20484 0.20485 0.20486 0.20493 0.20505 0.20509 0.20511 0.20515 0.20518 0.20527 0.20531 0.20533 0.20546 0.20552 0.2056 0.20562 0.20566 0.20568 0.20569 0.2057 0.20575 0.20576 0.20579 0.20583 0.20586 0.20588 0.20589 0.2059 0.20592 0.20593 0.20594 0.20596 0.20598 0.206 0.20601 0.20603 0.20605 0.20608 0.20609 0.20611 0.20614 0.20616
-3.0419999999999843 0.02733 0.02734 0.02735 0.02737 0.02738 0.02741 0.02743 0.02746 0.02751 0.02752 0.02753 0.02755 0.02756 0.0276 0.02761 0.02765 0.02767 0.02768 0.02771 0.02773 0.02775 0.02777 0.02779 0.02781 0.02783 0.02786 0.02789 0.02797 0.02804 0.02806 0.02817 0.0282 0.02823 0.02845 0.02846 0.02853 0.02876 0.02895 0.02899 0.02906 0.02912 0.02915 0.02926 0.0293 0.02936 0.02938 0.03243 0.03246 0.0325 0.03253 0.03254 0.03265 0.03271 0.03277 0.03281 0.033 0.03301 0.03327 0.03335 0.03336 0.03367 0.03372 0.03378 0.03395 0.034 0.03401 0.03408 0.03412 0.0342 0.03427 0.0343 0.03431 0.03442 0.03449 0.03457 0.03458 0.03463 0.03465 0.0347 0.03476 0.03478 0.0348 0.03484 0.03493 0.03496 0.03502 0.0351 0.03521 0.03524 0.03527 0.03538 0.03542 0.03543 0.03559 0.0356 0.0357 0.03572 0.03574 0.03578 0.03579 0.03584 0.03585 0.03586 0.17529 0.17537 0.17551 0.1756 0.17561 0.17598 0.17622 0.17644 0.17659 0.17719 0.17723 0.17794 0.17834 0.17934 0.17949 0.17965 0.18001 0.18035 0.18051 0.18122 0.18141 0.18195 0.18224 0.18227 0.18247 0.18259 0.18286 0.18315 0.18357 0.18405 0.18409 0.18412 0.18453 0.18469 0.18536 0.1854 0.18575 0.18627 0.18699 0.18724 0.18823 0.18855 0.1888 0.19051 0.19054 0.19099 0.19233 0.19241 0.19335 0.19354 0.19387 0.19416 0.19426 0.19471 0.19473 0.1949 0.19509 0.19519 0.20423 0.20429 0.20441 0.20451 0.20452 0.20469 0.20471 0.20474 0.20476 0.20477 0.20481 0.20485 0.20489 0.20493 0.20495 0.20496 0.20508 0.20509 0.20517 0.20526 0.2053 0.20531 0.20548 0.2055 0.20551 0.20554 0.20564 0.20565 0.20573 0.20578 0.20585 0.20586 0.20587 0.20591 0.20593 0.20594 0.20598 0.20601 0.20602 0.20605 0.20609 0.20613 0.20614 0.20616 0.20618 0.20619 0.2062 0.20621 0.20624 0.20629 0.20631
-3.042999999999984 0.02722 0.02723 0.02724 0.02725 0.02728 0.02729 0.0273 0.02731 0.02732 0.02735 0.02746 0.02749 0.02752 0.0276 0.02762 0.02763 0.02766 0.0277 0.02773 0.02786 0.02789 0.02795 0.02801 0.02808 0.02811 0.02813 0.02816 0.02841 0.02843 0.0285 0.02862 0.02875 0.02913 0.02916 0.02933 0.02942 0.02944 0.02952 0.02957 0.02961 0.02965 0.0298 0.02984 0.02991 0.03013 0.03023 0.03027 0.03033 0.03051 0.03052 0.03064 0.03075 0.03079 0.03092 0.03103 0.03121 0.03129 0.03145 0.03162 0.0317 0.03175 0.03177 0.03189 0.03191 0.03197 0.03206 0.0321 0.03214 0.03217 0.03219 0.0323 0.03233 0.03236 0.03244 0.03263 0.03267 0.03281 0.03298 0.03307 0.03345 0.03355 0.03365 0.03378 0.03381 0.03388 0.03389 0.03403 0.03437 0.03441 0.03466 0.03467 0.03473 0.03475 0.03484 0.03499 0.03514 0.03524 0.03545 0.03584 0.03594 0.03597 0.03601 0.03603 0.03614 0.03617 0.03625 0.03631 0.03632 0.03636 0.17206 0.17234 0.17259 0.17308 0.17312 0.17385 0.174 0.17402 0.17454 0.1746 0.17475 0.17501 0.1758 0.17828 0.17918 0.17965 0.18115 0.18174 0.18193 0.18207 0.18268 0.18318 0.18346 0.1849 0.18567 0.18639 0.18704 0.18769 0.18773 0.18814 0.18828 0.19012 0.19075 0.19122 0.19201 0.19279 0.19414 0.19481 0.19527 0.1955 0.19562 0.19579 0.19589 0.19593 0.19653 0.19665 0.19667 0.19684 0.19769 0.19779 0.19805 0.19836 0.19858 0.19861 0.19893 0.19897 0.19955 0.20004 0.20005 0.20056 0.20058 0.20099 0.20135 0.2018 0.20192 0.20195 0.20253 0.20289 0.20308 0.20319 0.20371 0.20381 0.20388 0.20394 0.20397 0.20405 0.2041 0.20419 0.20422 0.20424 0.20439 0.20441 0.20444 0.20447 0.20457 0.2046 0.20462 0.20463 0.20468 0.20484 0.20485 0.20503 0.20535 0.20557 0.20559 0.20579 0.20582 0.20594 0.20596 0.20597 0.20601 0.20604 0.20607 0.20611 0.20619 0.2062 0.20622 0.20624 0.20636 0.20639 0.2064 0.20641
-3.043999999999984 0.02719 0.0272 0.02722 0.02727 0.02728 0.02729 0.02731 0.02733 0.02736 0.02738 0.02742 0.02745 0.02747 0.02751 0.02774 0.02776 0.02782 0.02784 0.02789 0.02795 0.02805 0.02825 0.0283 0.02832 0.0284 0.02847 0.02849 0.02852 0.02857 0.02861 0.02887 0.02902 0.02916 0.02933 0.02945 0.02951 0.02958 0.0296 0.02968 0.02973 0.02986 0.02988 0.02993 0.03013 0.0304 0.03053 0.03054 0.03056 0.03067 0.03103 0.03104 0.03113 0.03122 0.0313 0.03143 0.0315 0.03154 0.03155 0.03172 0.03177 0.03183 0.03184 0.0319 0.03212 0.03215 0.03216 0.03221 0.03225 0.03244 0.03253 0.03281 0.03285 0.03287 0.03294 0.03297 0.03302 0.03337 0.0334 0.03349 0.0336 0.03363 0.03391 0.03403 0.03406 0.03415 0.03419 0.03436 0.03438 0.03513 0.0353 0.03544 0.03545 0.03551 0.03577 0.03584 0.03598 0.03601 0.03606 0.03612 0.03615 0.03618 0.03635 0.03645 0.03646 0.03649 0.03651 0.03656 0.17105 0.17132 0.17149 0.17212 0.17359 0.17361 0.17373 0.17374 0.17404 0.17473 0.17505 0.17593 0.17637 0.17765 0.17809 0.17829 0.17841 0.17947 0.18365 0.18389 0.18472 0.18496 0.18557 0.1863 0.18704 0.18924 0.1893 0.18939 0.18998 0.19049 0.19107 0.19129 0.19167 0.19191 0.19287 0.19357 0.19476 0.19489 0.19533 0.19615 0.19623 0.19639 0.19645 0.19665 0.1967 0.19672 0.19684 0.19819 0.19861 0.19886 0.199 0.19918 0.19924 0.19925 0.19931 0.19934 0.19949 0.19978 0.20055 0.20129 0.20133 0.20135 0.20143 0.20188 0.2027 0.20288 0.20303 0.20308 0.20346 0.20377 0.20384 0.20385 0.20388 0.20389 0.20405 0.20408 0.20412 0.20416 0.20429 0.20441 0.20444 0.20445 0.20452 0.20467 0.20474 0.20494 0.20503 0.20509 0.20513 0.20533 0.20537 0.2054 0.20543 0.20546 0.20567 0.20601 0.20602 0.2061 0.20614 0.20617 0.20618 0.20627 0.20628 0.2063 0.20636 0.20638 0.20639 0.20641 0.20645
-3.044999999999984 0.02721 0.02723 0.02724 0.02725 0.02726 0.02727 0.02731 0.02732 0.02735 0.02738 0.0274 0.02741 0.02743 0.02746 0.02751 0.02773 0.02775 0.02779 0.02785 0.02799 0.02833 0.02838 0.02846 0.02848 0.02851 0.02868 0.02878 0.02879 0.02881 0.02894 0.02912 0.02913 0.02915 0.02927 0.02935 0.0294 0.02963 0.02999 0.03004 0.03006 0.03019 0.03021 0.03025 0.03039 0.03075 0.0308 0.03091 0.03095 0.03101 0.03103 0.0311 0.03142 0.03169 0.03187 0.03189 0.03196 0.03199 0.032 0.03207 0.03208 0.03211 0.03217 0.03228 0.0323 0.03231 0.03251 0.03256 0.03263 0.03264 0.03266 0.03279 0.03291 0.03306 0.03338 0.03341 0.03344 0.03354 0.03355 0.03361 0.03414 0.03417 0.0343 0.03441 0.03445 0.03511 0.03541 0.03544 0.03547 0.03549 0.03552 0.0356 0.03575 0.03579 0.03604 0.03617 0.03618 0.0362 0.03622 0.03623 0.03628 0.03629 0.0363 0.03642 0.17172 0.17246 0.17276 0.17281 0.17287 0.17313 0.17314 0.17327 0.17342 0.17466 0.17481 0.17584 0.17643 0.17721 0.17731 0.17758 0.1777 0.17772 0.1781 0.17948 0.18344 0.1837 0.18428 0.18507 0.18631 0.18943 0.1898 0.18983 0.19037 0.19052 0.19071 0.19225 0.19235 0.19285 0.19286 0.19302 0.19314 0.19451 0.19454 0.19465 0.19488 0.19509 0.19514 0.19646 0.19695 0.19709 0.19712 0.19747 0.19748 0.1975 0.19762 0.19794 0.19819 0.19881 0.19943 0.19975 0.19978 0.19996 0.20011 0.20014 0.20068 0.20154 0.20197 0.20212 0.20215 0.20216 0.20242 0.20257 0.20261 0.20276 0.20401 0.20402 0.20421 0.20427 0.20429 0.2043 0.20433 0.20437 0.2044 0.20443 0.20447 0.20471 0.20475 0.20488 0.205 0.2051 0.20513 0.20519 0.2052 0.20531 0.20533 0.2054 0.20541 0.20543 0.20561 0.20574 0.20577 0.20582 0.20585 0.20598 0.20601 0.20605 0.20608 0.20616 0.20621 0.20629 0.20632 0.20635 0.20637 0.20644
-3.045999999999984 0.02714 0.02717 0.02719 0.02722 0.02725 0.02727 0.02732 0.02733 0.02734 0.02735 0.02736 0.02743 0.02747 0.02749 0.0275 0.02757 0.02774 0.02776 0.028 0.02802 0.02809 0.02821 0.02834 0.02835 0.02847 0.02877 0.02879 0.02883 0.02884 0.02888 0.02899 0.02904 0.02906 0.02909 0.0291 0.0292 0.02921 0.02985 0.03008 0.03019 0.03026 0.03035 0.03041 0.03042 0.03056 0.03061 0.03081 0.03093 0.03106 0.03107 0.03109 0.0311 0.03117 0.03118 0.03136 0.0314 0.03145 0.03155 0.03156 0.03157 0.03181 0.03184 0.03203 0.03224 0.03232 0.03236 0.03239 0.0324 0.03244 0.0325 0.03259 0.0327 0.03271 0.0328 0.03289 0.033 0.03305 0.03311 0.03326 0.03364 0.03382 0.03383 0.03402 0.03414 0.03468 0.03473 0.03494 0.03496 0.03522 0.0354 0.03546 0.03549 0.03572 0.03574 0.0358 0.03584 0.03589 0.03592 0.03625 0.03631 0.03636 0.03645 0.03653 0.03663 0.03664 0.03688 0.0369 0.16902 0.16909 0.17036 0.17093 0.171 0.17191 0.17202 0.17272 0.17344 0.17488 0.17515 0.17543 0.17577 0.17612 0.17765 0.17836 0.17893 0.17906 0.18055 0.18069 0.18313 0.18343 0.18659 0.1868 0.18729 0.18839 0.1894 0.18998 0.19091 0.19222 0.19276 0.19305 0.19317 0.19331 0.19333 0.19379 0.19411 0.19417 0.19422 0.19423 0.19426 0.19442 0.19647 0.19731 0.19741 0.19775 0.19822 0.19826 0.19838 0.19849 0.19879 0.19883 0.19944 0.19945 0.1995 0.1997 0.20006 0.20016 0.20052 0.20084 0.20103 0.20129 0.20136 0.2019 0.20196 0.20204 0.20222 0.20231 0.20285 0.20323 0.20334 0.20336 0.20361 0.20372 0.20387 0.20412 0.20414 0.20431 0.20449 0.20484 0.20485 0.20486 0.20492 0.20498 0.20506 0.20508 0.20513 0.20528 0.20532 0.20538 0.2054 0.20544 0.20545 0.2055 0.20553 0.20564 0.20568 0.20571 0.20579 0.20589 0.20597 0.20599 0.20621 0.20624 0.20625 0.20632 0.20634 0.20639 0.2064 0.20642 0.20658
-3.0469999999999837 0.02709 0.0271 0.02714 0.02715 0.02716 0.02718 0.02719 0.0272 0.02727 0.02728 0.02734 0.02742 0.02745 0.02755 0.02776 0.02777 0.02778 0.02783 0.02793 0.02799 0.028 0.02805 0.0281 0.02812 0.02829 0.0283 0.02834 0.02879 0.02891 0.02904 0.02909 0.02949 0.02964 0.02965 0.0297 0.02971 0.02972 0.02973 0.02992 0.0301 0.03065 0.03067 0.03074 0.03083 0.03105 0.03106 0.0311 0.03114 0.0312 0.03133 0.0314 0.03145 0.03149 0.03152 0.03164 0.03182 0.03185 0.03186 0.0322 0.03234 0.03235 0.03238 0.03239 0.0324 0.03251 0.03287 0.03325 0.03346 0.03365 0.03369 0.03371 0.03373 0.03375 0.03381 0.03388 0.0339 0.03417 0.03422 0.03437 0.03472 0.03499 0.03549 0.03561 0.03602 0.0361 0.03626 0.03628 0.03653 0.03661 0.03662 0.03674 0.03677 0.03679 0.03685 0.03692 0.03695 0.03697 0.03713 0.03723 0.16727 0.16769 0.1689 0.16908 0.16932 0.16942 0.16983 0.1703 0.17049 0.17098 0.171 0.17102 0.1735 0.17353 0.1736 0.17369 0.17522 0.17753 0.17776 0.18021 0.1833 0.18388 0.18421 0.18472 0.18474 0.18625 0.18663 0.18676 0.18731 0.18779 0.18798 0.18819 0.18897 0.18909 0.18991 0.19303 0.19349 0.19366 0.1945 0.19579 0.19582 0.19604 0.19608 0.19648 0.19665 0.19747 0.19796 0.19917 0.19919 0.19929 0.19932 0.19977 0.19996 0.20045 0.20093 0.20116 0.20122 0.20132 0.20233 0.20267 0.20277 0.2029 0.20296 0.20298 0.20302 0.20336 0.20341 0.20347 0.20348 0.20352 0.20359 0.20361 0.20363 0.20374 0.20379 0.20381 0.20384 0.20394 0.20395 0.20397 0.2041 0.20456 0.2046 0.20462 0.20495 0.20523 0.20547 0.20548 0.20581 0.20598 0.20601 0.20628 0.20633 0.20634 0.20646 0.2065 0.20653 0.20656 0.2066 0.20661 0.20663 0.20669 0.20671
-3.0479999999999836 0.02705 0.02708 0.02716 0.02717 0.02718 0.02719 0.02722 0.02723 0.02728 0.02737 0.02745 0.02747 0.02749 0.02752 0.02755 0.02756 0.02767 0.02768 0.02772 0.0278 0.02781 0.02786 0.02791 0.02796 0.02799 0.02812 0.02821 0.02824 0.02828 0.02834 0.02847 0.02896 0.0294 0.02946 0.02949 0.02958 0.02965 0.02967 0.02981 0.03003 0.03007 0.03037 0.03039 0.03042 0.03043 0.03058 0.03062 0.0307 0.03111 0.03122 0.03135 0.03144 0.03151 0.0316 0.03162 0.03165 0.03166 0.03189 0.03196 0.03199 0.032 0.03202 0.03208 0.03213 0.03241 0.03242 0.0325 0.03338 0.03344 0.03352 0.03388 0.03394 0.03398 0.03403 0.0341 0.03413 0.03417 0.03441 0.03466 0.03485 0.03493 0.03498 0.03502 0.03518 0.0352 0.03538 0.03546 0.03555 0.03562 0.03629 0.0363 0.03639 0.03653 0.03654 0.03659 0.03668 0.03669 0.03676 0.03684 0.03689 0.0373 0.03753 0.16533 0.16682 0.16686 0.16963 0.17002 0.17026 0.17058 0.17079 0.17168 0.17193 0.17194 0.17206 0.17344 0.17348 0.17646 0.17784 0.17826 0.17902 0.17924 0.17932 0.18019 0.18041 0.18212 0.18227 0.18263 0.18452 0.1847 0.18501 0.18522 0.18523 0.18625 0.18651 0.18742 0.18827 0.18901 0.18937 0.19006 0.19025 0.19369 0.1955 0.1957 0.19577 0.19582 0.19586 0.19595 0.19614 0.1971 0.19752 0.19772 0.19776 0.19784 0.19786 0.19819 0.19872 0.19916 0.19922 0.19942 0.19978 0.20006 0.20045 0.20107 0.20139 0.20155 0.2017 0.20176 0.20203 0.20238 0.20283 0.20284 0.20286 0.20289 0.20309 0.2031 0.20362 0.20373 0.2038 0.20381 0.20382 0.20386 0.20389 0.20392 0.20394 0.20416 0.20423 0.20426 0.20432 0.20457 0.20461 0.20462 0.2047 0.20475 0.20538 0.20555 0.20563 0.20569 0.20581 0.20584 0.20603 0.20607 0.20621 0.20627 0.20634 0.20644 0.20646 0.20647 0.20648 0.20659 0.20661 0.20663 0.20664 0.20665 0.20666
-3.0489999999999835 0.02706 0.02707 0.02715 0.02716 0.02717 0.02719 0.0272 0.02726 0.02729 0.02735 0.02741 0.02744 0.02748 0.0275 0.02751 0.02764 0.02772 0.02785 0.02788 0.0279 0.02793 0.02803 0.02817 0.02823 0.02838 0.02844 0.02855 0.02865 0.02911 0.02933 0.0294 0.02945 0.0295 0.02962 0.02985 0.03002 0.03021 0.03046 0.03054 0.03058 0.03063 0.03076 0.03081 0.03084 0.03087 0.03089 0.03092 0.031 0.03103 0.03106 0.03112 0.03114 0.03116 0.03131 0.03133 0.03138 0.03157 0.03165 0.0317 0.03172 0.03177 0.03179 0.0318 0.03189 0.03203 0.03208 0.03239 0.03248 0.03263 0.03316 0.03333 0.03358 0.03366 0.03387 0.03405 0.03418 0.03421 0.03446 0.03456 0.03457 0.0348 0.03487 0.03496 0.03522 0.03525 0.03555 0.03569 0.03576 0.03579 0.03618 0.03626 0.03641 0.0366 0.03673 0.03674 0.03675 0.03691 0.03693 0.03694 0.03742 0.03745 0.16582 0.16625 0.16929 0.1695 0.17019 0.17073 0.17076 0.17098 0.17101 0.17325 0.17386 0.17576 0.17577 0.1769 0.17749 0.17842 0.1788 0.17906 0.17964 0.18169 0.18198 0.1826 0.18445 0.18503 0.18523 0.18581 0.1865 0.18838 0.18839 0.18957 0.19054 0.19074 0.19134 0.19136 0.19429 0.19485 0.19539 0.1954 0.19561 0.19567 0.19602 0.197 0.19747 0.19816 0.19858 0.19867 0.19871 0.19886 0.19902 0.19907 0.19941 0.19951 0.19952 0.19962 0.19968 0.19999 0.20011 0.20019 0.20029 0.20039 0.2004 0.20058 0.20059 0.20079 0.20097 0.20147 0.20188 0.2026 0.20272 0.20274 0.20319 0.20323 0.20349 0.2036 0.20365 0.20369 0.20385 0.20398 0.20399 0.20406 0.20407 0.20454 0.20465 0.20468 0.2047 0.20476 0.20507 0.20524 0.20542 0.20546 0.20554 0.20571 0.20586 0.2059 0.20601 0.20602 0.20606 0.20615 0.20631 0.20632 0.20635 0.20642 0.20647 0.2065 0.20652 0.20654 0.20666 0.2067 0.20671
-3.0499999999999834 0.02703 0.02704 0.02705 0.02706 0.02709 0.02713 0.02716 0.02717 0.0272 0.02723 0.02724 0.02726 0.02729 0.02731 0.02734 0.02739 0.02744 0.02747 0.02751 0.02753 0.02757 0.02761 0.02763 0.02779 0.02783 0.02789 0.02793 0.02804 0.02806 0.02819 0.02823 0.02836 0.02858 0.0287 0.02875 0.02877 0.02886 0.02894 0.02905 0.02922 0.02941 0.02943 0.02984 0.02994 0.03008 0.03014 0.03035 0.03037 0.03038 0.03046 0.03048 0.03062 0.03064 0.03065 0.0309 0.03116 0.03118 0.03121 0.03125 0.0315 0.03153 0.03158 0.03164 0.03165 0.03192 0.03207 0.03222 0.03234 0.0325 0.03257 0.03261 0.03264 0.03266 0.03269 0.03296 0.03303 0.03325 0.0333 0.03362 0.03391 0.03397 0.03405 0.03422 0.03436 0.03451 0.03464 0.03468 0.0348 0.03485 0.03491 0.03542 0.03544 0.03549 0.03562 0.03573 0.03589 0.03597 0.036 0.03632 0.03653 0.03658 0.03662 0.03679 0.0369 0.03707 0.03709 0.03714 0.03718 0.03738 0.03743 0.03752 0.03766 0.0377 0.16471 0.16479 0.16526 0.16592 0.16604 0.1672 0.16834 0.16842 0.16855 0.16963 0.16978 0.17117 0.17175 0.17224 0.1734 0.1736 0.1744 0.17525 0.17685 0.17744 0.17811 0.17889 0.17924 0.18067 0.18112 0.18139 0.18144 0.18408 0.1841 0.18483 0.18584 0.18651 0.1875 0.18793 0.18831 0.18989 0.1914 0.19187 0.19237 0.19276 0.19325 0.19336 0.19347 0.19467 0.19481 0.19489 0.19689 0.19708 0.19738 0.19755 0.1977 0.19821 0.19872 0.19989 0.19999 0.20094 0.20113 0.20125 0.20134 0.20194 0.20201 0.20231 0.20232 0.20234 0.20249 0.20269 0.20273 0.20276 0.2029 0.20307 0.20322 0.20331 0.20339 0.20342 0.20345 0.20359 0.20377 0.20379 0.20387 0.20414 0.20418 0.2043 0.20443 0.20452 0.20457 0.20476 0.20479 0.20499 0.20518 0.20527 0.20536 0.20558 0.20571 0.20584 0.20585 0.20591 0.20606 0.20621 0.20628 0.20629 0.20632 0.20633 0.20638 0.20639 0.2065 0.20652 0.20655 0.20659 0.20664 0.20665 0.20676 0.20687
-3.0509999999999833 0.02667 0.02803 0.04742 0.1414 0.19413 0.20955
-3.051999999999983 0.02669 0.02808 0.04772 0.14218 0.19447 0.20957
-3.052999999999983 0.02671 0.02813 0.04801 0.14298 0.1948 0.20959
-3.053999999999983 0.02674 0.02818 0.04826 0.14377 0.19513 0.2096
-3.054999999999983 0.02676 0.02823 0.0485 0.14455 0.19544 0.2096
-3.0559999999999827 0.02679 0.02828 0.04871 0.14531 0.19573 0.20959
-3.0569999999999826 0.02682 0.02833 0.04891 0.14603 0.19601 0.20959
-3.0579999999999825 0.02684 0.02838 0.04909 0.14673 0.19627 0.20958
-3.0589999999999824 0.02687 0.02843 0.04925 0.1474 0.19651 0.20956
-3.0599999999999823 0.02689 0.02848 0.04941 0.14805 0.19674 0.20954
-3.060999999999982 0.0268 0.02708 0.02835 0.02869 0.04879 0.05019 0.1454 0.15192 0.19608 0.19758 0.20922 0.20981
-3.061999999999982 0.02676 0.02724 0.02831 0.02879 0.04851 0.05064 0.14435 0.15441 0.19583 0.19788 0.20905 0.20994
-3.062999999999982 0.02677 0.02737 0.02833 0.02883 0.0485 0.05093 0.14438 0.15605 0.19591 0.19794 0.209 0.20998
-3.063999999999982 0.02679 0.02748 0.02838 0.02884 0.04866 0.05112 0.14501 0.15713 0.19617 0.19789 0.20902 0.20997
-3.0649999999999817 0.02682 0.02756 0.02845 0.02885 0.0489 0.05124 0.14594 0.15775 0.19651 0.19784 0.20905 0.20993
-3.0659999999999816 0.02686 0.0276 0.02852 0.02885 0.04914 0.05129 0.14697 0.15804 0.19686 0.19783 0.20909 0.20987
-3.0669999999999815 0.0269 0.02761 0.0286 0.02887 0.04939 0.05131 0.14802 0.1581 0.19719 0.19787 0.20911 0.2098
-3.0679999999999814 0.02694 0.0276 0.02868 0.0289 0.04962 0.0513 0.14906 0.15798 0.1975 0.19795 0.20913 0.20972
-3.0689999999999813 0.02699 0.02757 0.02876 0.02893 0.04984 0.05126 0.1501 0.15771 0.19778 0.19806 0.20915 0.20963
-3.069999999999981 0.02705 0.02752 0.02883 0.02896 0.05007 0.0512 0.15117 0.1573 0.19804 0.1982 0.20916 0.20953
-3.070999999999981 0.02712 0.02746 0.02891 0.02899 0.05031 0.0511 0.15237 0.15668 0.19827 0.19834 0.20917 0.20943
-3.071999999999981 0.02725 0.02733 0.029 0.02902 0.05067 0.05086 0.15424 0.15529 0.19848 0.19849 0.20922 0.20928
-3.072999999999981 0.02734 0.02904 0.05087 0.15536 0.19856 0.20923
-3.0739999999999807 0.0274 0.02907 0.05099 0.15606 0.19859 0.20922
-3.0749999999999806 0.0275 0.02909 0.05113 0.15696 0.19856 0.20922
-3.0759999999999805 0.182
-3.0769999999999804 0.182
-3.0779999999999803 0.182
-3.07899999999998 0.182
-3.07999999999998 0.182
-3.08099999999998 0.182
-3.08199999999998 0.182
-3.0829999999999798 0.182
-3.0839999999999796 0.182
-3.0849999999999795 0.182
-3.0859999999999794 0.182
-3.0869999999999793 0.182
-3.087999999999979 0.182
-3.088999999999979 0.182
-3.089999999999979 0.182
-3.090999999999979 0.182
-3.0919999999999788 0.18201
-3.0929999999999787 0.18201
-3.0939999999999785 0.18201
-3.0949999999999784 0.18201
-3.0959999999999783 0.18201
-3.096999999999978 0.18201
-3.097999999999978 0.18201
-3.098999999999978 0.18201
-3.099999999999978 0.18201
