1.3225 -10 -10 2 2 3
1.32315 -10.0354 -10.0354 2 2 3
1.32388 -10.0708 -10.0708 2 2 3
1.32536 -10.1418 -10.1418 2 2 3
1.32893 -10.2853 -10.2853 2 2 3
1.33504 -10.5023 -10.5023 2 2 3
1.3461 -10.8319 -10.8319 2 2 3
1.36489 -11.2962 -11.2962 2 2 3
1.38719 -11.766 -11.766 2 2 3
1.41251 -12.24 -12.24 2 2 3
1.4404 -12.7172 -12.7172 2 2 3
1.47052 -13.197 -13.197 2 2 3
1.50254 -13.6787 -13.6787 2 2 3
1.53621 -14.162 -14.162 2 2 3
1.5713 -14.6465 -14.6465 2 2 3
1.60763 -15.132 -15.132 2 2 3
1.64503 -15.6183 -15.6183 2 2 3
1.68338 -16.1054 -16.1054 2 2 3
1.72255 -16.593 -16.593 2 2 3
1.76246 -17.0812 -17.0812 2 2 3
1.803 -17.5698 -17.5698 2 2 3
1.84412 -18.0588 -18.0588 2 2 3
1.88575 -18.5481 -18.5481 2 2 3
1.92783 -19.0377 -19.0377 2 2 3
1.97032 -19.5276 -19.5276 2 2 3
2.01317 -20.0177 -20.0177 2 2 3
2.05634 -20.5081 -20.5081 2 2 3
2.09952 -20.9984 -20.9984 2 2 3
2.14328 -21.4892 -21.4892 2 2 3
2.18729 -21.9801 -21.9801 2 2 3
2.2315 -22.4712 -22.4712 2 2 3
2.27592 -22.9625 -22.9625 2 2 3
2.32051 -23.4538 -23.4538 2 2 3
2.36527 -23.9453 -23.9453 2 2 3
2.41018 -24.437 -24.437 2 2 3
2.45522 -24.9287 -24.9287 2 2 3
2.5004 -25.4206 -25.4206 2 2 3
2.54569 -25.9125 -25.9125 2 2 3
2.59109 -26.4046 -26.4046 2 2 3
2.63658 -26.8967 -26.8967 2 2 3
2.68217 -27.389 -27.389 2 2 3
2.72785 -27.8813 -27.8813 2 2 3
2.7736 -28.3737 -28.3737 2 2 3
2.81943 -28.8662 -28.8662 2 2 3
2.86533 -29.3588 -29.3588 2 2 3
2.91129 -29.8514 -29.8514 2 2 3
2.95731 -30.3442 -30.3442 2 2 3
3.00339 -30.837 -30.837 2 2 3
1.3225 -10 -10 2 2 3
1.32179 -9.96475 -9.96475 2 2 3
1.32116 -9.92946 -9.92946 2 2 3
1.31992 -9.85911 -9.85911 2 2 3
1.31807 -9.72019 -9.72019 2 2 3
1.31614 -9.51447 -9.51447 2 2 3
1.31544 -9.2136 -9.2136 2 2 3
1.31851 -8.81324 -8.81324 2 2 3
1.32491 -8.43515 -8.43515 2 2 3
1.33179 -8.07538 -8.07538 2 2 3
1.33488 -7.72091 -7.72091 2 2 3
1.32933 -7.35211 -7.35211 2 2 3
1.31168 -6.9554 -6.9554 2 2 3
1.28155 -6.52584 -6.52584 2 2 3
1.24154 -6.0718 -6.0718 2 2 3
1.19478 -5.60241 -5.60241 2 2 3
1.14369 -5.12402 -5.12402 2 2 3
1.08981 -4.63979 -4.63979 2 2 3
1.03453 -4.15303 -4.15303 2 2 3
0.978513 -3.66403 -3.66403 2 2 3
0.922425 -3.17349 -3.17349 2 2 3
0.866832 -2.68184 -2.68184 2 2 3
0.812235 -2.18934 -2.18934 2 2 3
0.759113 -1.69614 -1.69614 2 2 3
0.707897 -1.20234 -1.20234 2 2 3
0.658935 -0.70804 -0.70804 2 2 3
0.612552 -0.213292 -0.213292 2 2 3
0.568996 0.281841 0.281841 2 2 3
0.528436 0.777298 0.777298 2 2 3
0.490914 1.27301 1.27301 2 2 3
0.456442 1.76893 1.76893 2 2 3
0.424926 2.26498 2.26498 2 2 3
0.39623 2.76113 2.76113 2 2 3
0.370183 3.25733 3.25733 2 2 3
0.346576 3.75354 3.75354 2 2 3
0.325208 4.24974 4.24974 2 2 3
0.305859 4.74592 4.74592 2 2 3
0.288335 5.24204 5.24204 2 2 3
0.272432 5.73812 5.73812 2 2 3
0.257994 6.23414 6.23414 2 2 3
0.244854 6.7301 6.7301 2 2 3
0.23287 7.226 7.226 2 2 3
0.221917 7.72184 7.72184 2 2 3
0.211883 8.21763 8.21763 2 2 3
0.202668 8.71337 8.71337 2 2 3
0.194187 9.20906 9.20906 2 2 3
0.186365 9.7047 9.7047 2 2 3
0.179132 10.2003 10.2003 2 2 3
0.172429 10.6959 10.6959 2 2 3
0.166205 11.1914 11.1914 2 2 3
0.160413 11.6869 11.6869 2 2 3
0.155011 12.1823 12.1823 2 2 3
0.149964 12.6777 12.6777 2 2 3
0.145241 13.1731 13.1731 2 2 3
0.140813 13.6685 13.6685 2 2 3
0.136652 14.1639 14.1639 2 2 3
0.132738 14.6592 14.6592 2 2 3
0.12905 15.1545 15.1545 2 2 3
0.125569 15.6498 15.6498 2 2 3
0.12228 16.145 16.145 2 2 3
0.119167 16.6403 16.6403 2 2 3
0.116216 17.1355 17.1355 2 2 3
0.113416 17.6308 17.6308 2 2 3
0.110757 18.126 18.126 2 2 3
0.108227 18.6212 18.6212 2 2 3
0.105817 19.1164 19.1164 2 2 3
0.103521 19.6115 19.6115 2 2 3
0.101225 20.1067 20.1067 2 2 3
0.0991384 20.6019 20.6019 2 2 3
0.0971429 21.097 21.097 2 2 3
0.0952343 21.5921 21.5921 2 2 3
0.0934048 22.0873 22.0873 2 2 3
0.0916507 22.5824 22.5824 2 2 3
0.0899684 23.0775 23.0775 2 2 3
0.0883521 23.5726 23.5726 2 2 3
0.086799 24.0677 24.0677 2 2 3
0.0853054 24.5628 24.5628 2 2 3
0.0838677 25.0579 25.0579 2 2 3
0.0824835 25.553 25.553 2 2 3
0.0811491 26.0481 26.0481 2 2 3
0.079862 26.5432 26.5432 2 2 3
0.0786205 27.0382 27.0382 2 2 3
0.0774217 27.5333 27.5333 2 2 3
0.0762636 28.0284 28.0284 2 2 3
0.075144 28.5234 28.5234 2 2 3
0.0740612 29.0185 29.0185 2 2 3
0.0730134 29.5135 29.5135 2 2 3
0.0719993 30.0086 30.0086 2 2 3
0.0710165 30.5036 30.5036 2 2 3
0.0700641 30.9987 30.9987 2 2 3
0.069141 31.4937 31.4937 2 2 3
0.0682454 31.9888 31.9888 2 2 3
0.0673761 32.4838 32.4838 2 2 3
0.0665323 32.9788 32.9788 2 2 3
0.0657128 33.4739 33.4739 2 2 3
0.0649163 33.9689 33.9689 2 2 3
0.0641423 34.4639 34.4639 2 2 3
0.0633896 34.9589 34.9589 2 2 3
0.0626573 35.454 35.454 2 2 3
0.0619447 35.949 35.949 2 2 3
0.061251 36.444 36.444 2 2 3
0.0605754 36.939 36.939 2 2 3
0.0599174 37.434 37.434 2 2 3
0.0592758 37.929 37.929 2 2 3
0.0586508 38.424 38.424 2 2 3
0.0580412 38.9191 38.9191 2 2 3
0.0574466 39.4141 39.4141 2 2 3
0.0568663 39.9091 39.9091 2 2 3
0.0563001 40.4041 40.4041 2 2 3
0.0557474 40.8991 40.8991 2 2 3
0.0552075 41.3941 41.3941 2 2 3
0.0546802 41.8891 41.8891 2 2 3
0.054165 42.3841 42.3841 2 2 3
0.0536614 42.8791 42.8791 2 2 3
0.0531693 43.3741 43.3741 2 2 3
0.0526879 43.8691 43.8691 2 2 3
0.0522171 44.3641 44.3641 2 2 3
0.0517566 44.859 44.859 2 2 3
0.051306 45.354 45.354 2 2 3
0.0508649 45.849 45.849 2 2 3
0.0504331 46.344 46.344 2 2 3
0.0500102 46.839 46.839 2 2 3
0.0495961 47.334 47.334 2 2 3
0.0491904 47.829 47.829 2 2 3
0.048793 48.324 48.324 2 2 3
0.0484035 48.819 48.819 2 2 3
0.0480217 49.3139 49.3139 2 2 3
0.0476474 49.8089 49.8089 2 2 3
0.0472803 50.3039 50.3039 2 2 3
0.0469203 50.7989 50.7989 2 2 3
0.0465672 51.2939 51.2939 2 2 3
0.0462208 51.7889 51.7889 2 2 3
0.0458807 52.2838 52.2838 2 2 3
0.0455471 52.7788 52.7788 2 2 3
0.0452195 53.2738 53.2738 2 2 3
0.044898 53.7688 53.7688 2 2 3
0.0445821 54.2637 54.2637 2 2 3
0.044272 54.7587 54.7587 2 2 3
0.0439674 55.2537 55.2537 2 2 3
0.043668 55.7487 55.7487 2 2 3
0.0433739 56.2437 56.2437 2 2 3
0.0430849 56.7386 56.7386 2 2 3
0.0428009 57.2336 57.2336 2 2 3
0.0425216 57.7286 57.7286 2 2 3
0.0422471 58.2236 58.2236 2 2 3
0.0419771 58.7185 58.7185 2 2 3
0.0417116 59.2135 59.2135 2 2 3
0.0414505 59.7085 59.7085 2 2 3
0.0411936 60.2034 60.2034 2 2 3
0.0409409 60.6984 60.6984 2 2 3
0.0406922 61.1934 61.1934 2 2 3
0.0404475 61.6884 61.6884 2 2 3
0.0402066 62.1833 62.1833 2 2 3
0.0399695 62.6783 62.6783 2 2 3
0.0397361 63.1733 63.1733 2 2 3
0.0395063 63.6682 63.6682 2 2 3
0.0392801 64.1632 64.1632 2 2 3
0.0390571 64.6582 64.6582 2 2 3
0.0388377 65.1531 65.1531 2 2 3
0.0386215 65.6481 65.6481 2 2 3
0.0384085 66.1431 66.1431 2 2 3
0.0381986 66.638 66.638 2 2 3
0.0379918 67.133 67.133 2 2 3
0.037788 67.628 67.628 2 2 3
0.0375872 68.1229 68.1229 2 2 3
0.0373892 68.6179 68.6179 2 2 3
0.0371941 69.1129 69.1129 2 2 3
0.0370016 69.6078 69.6078 2 2 3
0.036812 70.1028 70.1028 2 2 3
0.0366249 70.5978 70.5978 2 2 3
0.0364404 71.0927 71.0927 2 2 3
0.0362584 71.5877 71.5877 2 2 3
0.036079 72.0827 72.0827 2 2 3
0.035902 72.5776 72.5776 2 2 3
0.0357274 73.0726 73.0726 2 2 3
0.035555 73.5675 73.5675 2 2 3
0.0353851 74.0625 74.0625 2 2 3
0.0352171 74.5575 74.5575 2 2 3
0.0350517 75.0524 75.0524 2 2 3
0.0348883 75.5474 75.5474 2 2 3
0.0347269 76.0424 76.0424 2 2 3
0.0345677 76.5373 76.5373 2 2 3
0.0344104 77.0323 77.0323 2 2 3
0.0342553 77.5272 77.5272 2 2 3
0.0341021 78.0222 78.0222 2 2 3
0.0339508 78.5172 78.5172 2 2 3
0.0338012 79.0121 79.0121 2 2 3
0.0336537 79.5071 79.5071 2 2 3
0.0335079 80.002 80.002 2 2 3
0.0333639 80.497 80.497 2 2 3
0.0332217 80.992 80.992 2 2 3
0.0330812 81.4869 81.4869 2 2 3
0.0329423 81.9819 81.9819 2 2 3
0.0328052 82.4768 82.4768 2 2 3
0.0326695 82.9718 82.9718 2 2 3
0.0325356 83.4668 83.4668 2 2 3
0.0324034 83.9617 83.9617 2 2 3
0.0322724 84.4567 84.4567 2 2 3
0.0321431 84.9516 84.9516 2 2 3
0.0320154 85.4466 85.4466 2 2 3
