0 0.159343 
0.05 0.156839 
0.1 0.153215 
0.15 0.148169 
0.2 0.141434 
0.25 0.133001 
0.3 0.123215 
0.35 0.11265 
0.4 0.101922 
0.45 0.0915555 
0.5 0.0819242 
0.55 0.0732494 
0.6 0.0656257 
0.65 0.0590551 
0.7 0.0534804 
0.75 0.0488114 
0.8 0.0449442 
0.85 0.0417735 
0.9 0.0391999 
0.95 0.0371335 
1 0.0354955 
1.05 0.0342183 
1.1 0.0332442 
1.15 0.0325254 
1.2 0.0320216 
1.25 0.0316997 
1.3 0.0315323 
1.35 0.0314967 
1.4 0.0315744 
1.45 0.0317501 
1.5 0.0320115 
1.55 0.0323481 
1.6 0.0327516 
1.65 0.0332151 
1.7 0.0337331 
1.75 0.0343009 
1.8 0.0349151 
1.85 0.0355725 
1.9 0.0362709 
1.95 0.0370084 
2 0.0377836 
2.05 0.0385957 
2.1 0.0394437 
2.15 0.0403274 
2.2 0.0412464 
2.25 0.0422009 
2.3 0.043191 
2.35 0.044217 
2.4 0.0452795 
2.45 0.0463791 
2.5 0.0475165 
2.55 0.0486927 
2.6 0.0499086 
2.65 0.0511652 
2.7 0.0524638 
2.75 0.0538055 
2.8 0.0551918 
2.85 0.0566241 
2.9 0.0581038 
2.95 0.0596325 
3 0.061212 
3.05 0.0628438 
3.1 0.0645298 
3.15 0.0662718 
3.2 0.0680717 
3.25 0.0699314 
3.3 0.0718529 
3.35 0.0738381 
3.4 0.0758891 
3.45 0.078008 
3.5 0.0801965 
3.55 0.0824568 
3.6 0.0847907 
3.65 0.0872 
3.7 0.0896864 
3.75 0.0922514 
3.8 0.0948965 
3.85 0.0976226 
3.9 0.100431 
3.95 0.103321 
4 0.106294 
4.05 0.109349 
4.1 0.112486 
4.15 0.115702 
4.2 0.118995 
4.25 0.122363 
4.3 0.1258 
4.35 0.129303 
4.4 0.132865 
4.45 0.136477 
4.5 0.140133 
4.55 0.14382 
4.6 0.147528 
4.65 0.151243 
4.7 0.15495 
4.75 0.158631 
4.8 0.162269 
4.85 0.165843 
4.9 0.169331 
4.95 0.172711 
5 0.175958 
5.05 0.179046 
5.1 0.181951 
5.15 0.184646 
5.2 0.187106 
5.25 0.189305 
5.3 0.19122 
5.35 0.192828 
5.4 0.19411 
5.45 0.195048 
5.5 0.195629 
5.55 0.195841 
5.6 0.195679 
5.65 0.19514 
5.7 0.194223 
5.75 0.192936 
5.8 0.191285 
5.85 0.189284 
5.9 0.186948 
5.95 0.184295 
6 0.181344 
6.05 0.178118 
6.1 0.174638 
6.15 0.170928 
6.2 0.167011 
6.25 0.162909 
6.3 0.158644 
6.35 0.154234 
6.4 0.149699 
6.45 0.145055 
6.5 0.140315 
6.55 0.135491 
6.6 0.130593 
6.65 0.125627 
6.7 0.120599 
6.75 0.115514 
6.8 0.110376 
6.85 0.105191 
6.9 0.0999695 
6.95 0.0947271 
7 0.0894896 
7.05 0.0842931 
7.1 0.0791845 
7.15 0.0742182 
7.2 0.0694516 
7.25 0.0649393 
7.3 0.0607276 
7.35 0.0568513 
7.4 0.0533315 
7.45 0.0501766 
7.5 0.0473832 
7.55 0.044939 
7.6 0.042825 
7.65 0.0410181 
7.7 0.0394927 
7.75 0.0382231 
7.8 0.0371836 
7.85 0.0363503 
7.9 0.0357009 
7.95 0.035215 
8 0.0348746 
8.05 0.0346636 
8.1 0.0345678 
8.15 0.034575 
8.2 0.0346746 
8.25 0.0348573 
8.3 0.0351154 
8.35 0.035442 
8.4 0.0358316 
8.45 0.0362793 
8.5 0.0367809 
8.55 0.0373332 
8.6 0.0379333 
8.65 0.0385788 
8.7 0.0392679 
8.75 0.0399991 
8.8 0.0407711 
8.85 0.0415832 
8.9 0.0424347 
8.95 0.0433252 
9 0.0442546 
9.05 0.0452228 
9.1 0.0462301 
9.15 0.0472768 
9.2 0.0483633 
9.25 0.0494903 
9.3 0.0506584 
9.35 0.0518686 
9.4 0.0531218 
9.45 0.0544189 
9.5 0.0557612 
9.55 0.0571498 
9.6 0.0585862 
9.65 0.0600716 
9.7 0.0616075 
9.75 0.0631955 
9.8 0.0648371 
9.85 0.0665341 
9.9 0.068288 
9.95 0.0701008 
10 0.071974 
10.05 0.0739097 
10.1 0.0759095 
10.15 0.0779753 
10.2 0.0801089 
10.25 0.0823121 
10.3 0.0845865 
10.35 0.0869338 
10.4 0.0893554 
10.45 0.0918528 
10.5 0.0944271 
10.55 0.0970792 
10.6 0.0998098 
10.65 0.102619 
10.7 0.105507 
10.75 0.108474 
10.8 0.111518 
10.85 0.114637 
10.9 0.11783 
10.95 0.121093 
11 0.124422 
11.05 0.127812 
11.1 0.131257 
11.15 0.134751 
11.2 0.138284 
11.25 0.141846 
11.3 0.145428 
11.35 0.149014 
11.4 0.152592 
11.45 0.156146 
11.5 0.159657 
11.55 0.163107 
11.6 0.166475 
11.65 0.169739 
11.7 0.172877 
11.75 0.175865 
11.8 0.178678 
11.85 0.181291 
11.9 0.18368 
11.95 0.185821 
12 0.187691 
12.05 0.189268 
12.1 0.190533 
12.15 0.191469 
12.2 0.19206 
12.25 0.192296 
12.3 0.192169 
12.35 0.191674 
12.4 0.190811 
12.45 0.189581 
12.5 0.187992 
12.55 0.186052 
12.6 0.183774 
12.65 0.181173 
12.7 0.178264 
12.75 0.175065 
12.8 0.171596 
12.85 0.167876 
12.9 0.163923 
12.95 0.159755 
13 0.155389 
13.05 0.150839 
13.1 0.146119 
13.15 0.141239 
13.2 0.136205 
13.25 0.131023 
13.3 0.125694 
13.35 0.120221 
13.4 0.114604 
13.45 0.10885 
13.5 0.102974 
13.55 0.0970073 
13.6 0.0910002 
13.65 0.0850241 
13.7 0.0791658 
13.75 0.0735181 
13.8 0.0681685 
13.85 0.0631888 
13.9 0.0586305 
13.95 0.0545226 
14 0.0508733 
14.05 0.0476742 
14.1 0.0449041 
14.15 0.0425338 
14.2 0.0405295 
14.25 0.0388555 
14.3 0.0374768 
14.35 0.0363598 
14.4 0.0354738 
14.45 0.0347908 
14.5 0.034286 
14.55 0.0339377 
14.6 0.0337269 
14.65 0.0336371 
14.7 0.0336545 
14.75 0.033767 
14.8 0.0339643 
14.85 0.0342379 
14.9 0.0345804 
14.95 0.0349858 
15 0.0354488 
15.05 0.0359652 
15.1 0.0365315 
15.15 0.0371446 
15.2 0.0378022 
15.25 0.0385024 
15.3 0.0392437 
15.35 0.0400249 
15.4 0.0408452 
15.45 0.0417039 
15.5 0.0426007 
15.55 0.0435355 
15.6 0.0445083 
15.65 0.0455193 
15.7 0.046569 
15.75 0.0476578 
15.8 0.0487863 
15.85 0.0499554 
15.9 0.0511659 
15.95 0.0524187 
16 0.0537151 
16.05 0.0550561 
16.1 0.056443 
16.15 0.0578773 
16.2 0.0593602 
16.25 0.0608933 
16.3 0.0624783 
16.35 0.0641167 
16.4 0.0658103 
16.45 0.0675608 
16.5 0.0693702 
16.55 0.0712401 
16.6 0.0731726 
16.65 0.0751695 
16.7 0.0772327 
16.75 0.0793642 
16.8 0.0815659 
16.85 0.0838396 
16.9 0.0861871 
16.95 0.08861 
17 0.09111 
17.05 0.0936883 
17.1 0.0963462 
17.15 0.0990845 
17.2 0.101904 
17.25 0.104805 
17.3 0.107787 
17.35 0.110849 
17.4 0.113991 
17.45 0.11721 
17.5 0.120504 
17.55 0.123869 
17.6 0.127301 
17.65 0.130794 
17.7 0.134341 
17.75 0.137935 
17.8 0.141567 
17.85 0.145225 
17.9 0.148898 
17.95 0.152571 
18 0.156229 
18.05 0.159856 
18.1 0.163431 
18.15 0.166936 
18.2 0.170348 
18.25 0.173644 
18.3 0.176801 
18.35 0.179794 
18.4 0.182598 
18.45 0.185188 
18.5 0.187539 
18.55 0.189628 
18.6 0.191432 
18.65 0.192931 
18.7 0.194106 
18.75 0.194944 
18.8 0.19543 
18.85 0.195558 
18.9 0.195321 
18.95 0.19472 
19 0.193757 
19.05 0.192439 
19.1 0.190776 
19.15 0.188781 
19.2 0.186472 
19.25 0.183867 
19.3 0.180987 
19.35 0.177854 
19.4 0.174491 
19.45 0.170924 
19.5 0.167174 
19.55 0.163265 
19.6 0.15922 
19.65 0.15506 
19.7 0.150804 
19.75 0.14647 
19.8 0.142075 
19.85 0.137632 
19.9 0.133154 
19.95 0.128651 
20 0.124132 
20.05 0.119602 
20.1 0.115069 
20.15 0.110536 
20.2 0.106007 
20.25 0.101487 
20.3 0.0969813 
20.35 0.0924976 
20.4 0.0880471 
20.45 0.0836456 
20.5 0.0793141 
20.55 0.0750787 
20.6 0.0709697 
20.65 0.0670197 
20.7 0.0632611 
20.75 0.0597236 
20.8 0.0564314 
20.85 0.0534025 
20.9 0.050647 
20.95 0.0481682 
21 0.0459627 
21.05 0.044022 
21.1 0.0423335 
21.15 0.0408819 
21.2 0.0396502 
21.25 0.038621 
21.3 0.0377768 
21.35 0.0371009 
21.4 0.0365773 
21.45 0.0361914 
21.5 0.0359299 
21.55 0.0357806 
21.6 0.035733 
21.65 0.0357776 
21.7 0.0359058 
21.75 0.0361106 
21.8 0.0363855 
21.85 0.036725 
21.9 0.0371246 
21.95 0.0375801 
22 0.0380881 
22.05 0.0386458 
22.1 0.0392508 
22.15 0.039901 
22.2 0.0405948 
22.25 0.0413309 
22.3 0.0421084 
22.35 0.0429265 
22.4 0.0437846 
22.45 0.0446825 
22.5 0.04562 
22.55 0.0465972 
22.6 0.0476143 
22.65 0.0486716 
22.7 0.0497697 
22.75 0.0509091 
22.8 0.0520906 
22.85 0.0533149 
22.9 0.054583 
22.95 0.0558959 
23 0.0572547 
23.05 0.0586606 
23.1 0.0601149 
23.15 0.0616189 
23.2 0.0631739 
23.25 0.0647816 
23.3 0.0664432 
23.35 0.0681605 
23.4 0.069935 
23.45 0.0717683 
23.5 0.0736621 
23.55 0.075618 
23.6 0.0776376 
23.65 0.0797226 
23.7 0.0818745 
23.75 0.0840947 
23.8 0.0863848 
23.85 0.0887459 
23.9 0.0911792 
23.95 0.0936856 
24 0.0962658 
24.05 0.0989201 
24.1 0.101649 
24.15 0.104451 
24.2 0.107327 
24.25 0.110274 
24.3 0.113292 
24.35 0.116377 
24.4 0.119526 
24.45 0.122734 
24.5 0.125998 
24.55 0.129309 
24.6 0.132662 
24.65 0.136048 
24.7 0.139456 
24.75 0.142875 
24.8 0.146294 
24.85 0.149696 
24.9 0.153067 
24.95 0.15639 
25 0.159645 
25.05 0.162813 
25.1 0.165871 
25.15 0.168798 
25.2 0.17157 
25.25 0.174163 
25.3 0.176553 
25.35 0.178714 
25.4 0.180623 
25.45 0.182256 
25.5 0.183592 
25.55 0.184609 
25.6 0.185289 
25.65 0.185616 
25.7 0.185575 
25.75 0.185155 
25.8 0.184348 
25.85 0.183148 
25.9 0.181551 
25.95 0.179556 
26 0.177163 
26.05 0.174374 
26.1 0.171192 
26.15 0.167617 
26.2 0.163649 
26.25 0.159283 
26.3 0.154512 
26.35 0.149319 
26.4 0.143682 
26.45 0.137571 
26.5 0.130956 
26.55 0.123824 
26.6 0.116206 
26.65 0.1082 
26.7 0.0999841 
26.75 0.0917839 
26.8 0.0838326 
26.85 0.0763321 
26.9 0.0694307 
26.95 0.0632174 
27 0.0577273 
27.05 0.0529537 
27.1 0.0488603 
27.15 0.0453933 
27.2 0.0424899 
27.25 0.0400854 
27.3 0.0381168 
27.35 0.0365262 
27.4 0.0352611 
27.45 0.0342756 
27.5 0.0335295 
27.55 0.0329889 
27.6 0.0326246 
27.65 0.0324121 
27.7 0.0323308 
27.75 0.0323634 
27.8 0.0324955 
27.85 0.0327152 
27.9 0.0330126 
27.95 0.0333792 
28 0.0338083 
28.05 0.0342943 
28.1 0.0348326 
28.15 0.0354193 
28.2 0.0360514 
28.25 0.0367263 
28.3 0.0374423 
28.35 0.0381977 
28.4 0.0389914 
28.45 0.0398225 
28.5 0.0406906 
28.55 0.0415953 
28.6 0.0425366 
28.65 0.0435145 
28.7 0.0445293 
28.75 0.0455815 
28.8 0.0466716 
28.85 0.0478004 
28.9 0.0489686 
28.95 0.0501772 
29 0.0514273 
29.05 0.0527199 
29.1 0.0540562 
29.15 0.0554377 
29.2 0.0568657 
29.25 0.0583417 
29.3 0.0598673 
29.35 0.061444 
29.4 0.0630737 
29.45 0.0647582 
29.5 0.0664992 
29.55 0.0682986 
29.6 0.0701584 
29.65 0.0720807 
29.7 0.0740673 
29.75 0.0761205 
29.8 0.0782421 
29.85 0.0804343 
29.9 0.0826991 
29.95 0.0850384 
30 0.0874541 
30.05 0.089948 
30.1 0.0925218 
30.15 0.0951768 
30.2 0.0979144 
30.25 0.100736 
30.3 0.103641 
30.35 0.106631 
30.4 0.109705 
30.45 0.112862 
30.5 0.116102 
30.55 0.119422 
30.6 0.122819 
30.65 0.126289 
30.7 0.129828 
30.75 0.13343 
30.8 0.137088 
30.85 0.140793 
30.9 0.144536 
30.95 0.148304 
31 0.152085 
31.05 0.155865 
31.1 0.159626 
31.15 0.16335 
31.2 0.167019 
31.25 0.17061 
31.3 0.174102 
31.35 0.177469 
31.4 0.180688 
31.45 0.183732 
31.5 0.186577 
31.55 0.189197 
31.6 0.191566 
31.65 0.193662 
31.7 0.195462 
31.75 0.196948 
31.8 0.198102 
31.85 0.19891 
31.9 0.199362 
31.95 0.199453 
32 0.19918 
32.05 0.198545 
32.1 0.197554 
32.15 0.196218 
32.2 0.194549 
32.25 0.192566 
32.3 0.190287 
32.35 0.187737 
32.4 0.184938 
32.45 0.181917 
32.5 0.1787 
32.55 0.175315 
32.6 0.171788 
32.65 0.168145 
32.7 0.164412 
32.75 0.160612 
32.8 0.15677 
32.85 0.152904 
32.9 0.149036 
32.95 0.145182 
33 0.141359 
33.05 0.13758 
33.1 0.133857 
33.15 0.130201 
33.2 0.126622 
33.25 0.123126 
33.3 0.11972 
33.35 0.116409 
33.4 0.113196 
33.45 0.110085 
33.5 0.107077 
33.55 0.104174 
33.6 0.101376 
33.65 0.0986829 
33.7 0.0960942 
33.75 0.0936089 
33.8 0.0912256 
33.85 0.0889426 
33.9 0.0867581 
33.95 0.0846698 
34 0.0826756 
34.05 0.080773 
34.1 0.0789596 
34.15 0.0772328 
34.2 0.0755901 
34.25 0.0740288 
34.3 0.0725465 
34.35 0.0711405 
34.4 0.0698082 
34.45 0.0685472 
34.5 0.0673549 
34.55 0.0662289 
34.6 0.0651668 
34.65 0.0641662 
34.7 0.0632249 
34.75 0.0623404 
34.8 0.0615107 
34.85 0.0607336 
34.9 0.0600069 
34.95 0.0593286 
35 0.0586967 
35.05 0.0581092 
35.1 0.0575642 
35.15 0.0570597 
35.2 0.0565939 
35.25 0.056165 
35.3 0.0557711 
35.35 0.0554106 
35.4 0.0550816 
35.45 0.0547824 
35.5 0.0545113 
35.55 0.0542666 
35.6 0.0540466 
35.65 0.0538496 
35.7 0.0536738 
35.75 0.0535175 
35.8 0.0533789 
35.85 0.0532563 
35.9 0.0531478 
35.95 0.0530515 
36 0.0529655 
36.05 0.0528877 
36.1 0.052816 
36.15 0.0527482 
36.2 0.052682 
36.25 0.0526148 
36.3 0.052544 
36.35 0.0524668 
36.4 0.0523801 
36.45 0.0522807 
36.5 0.052165 
36.55 0.0520291 
36.6 0.0518688 
36.65 0.0516795 
36.7 0.0514563 
36.75 0.0511935 
36.8 0.0508854 
36.85 0.0505256 
36.9 0.0501072 
36.95 0.0496234 
37 0.0490671 
37.05 0.048432 
37.1 0.0477127 
37.15 0.0469061 
37.2 0.0460122 
37.25 0.0450355 
37.3 0.0439855 
37.35 0.0428772 
37.4 0.0417303 
37.45 0.0405679 
37.5 0.0394143 
37.55 0.0382932 
37.6 0.0372263 
37.65 0.0362311 
37.7 0.0353214 
37.75 0.0345067 
37.8 0.0337924 
37.85 0.0331807 
37.9 0.0326711 
37.95 0.0322611 
38 0.0319466 
38.05 0.0317228 
38.1 0.0315844 
38.15 0.0315258 
38.2 0.0315416 
38.25 0.0316265 
38.3 0.0317755 
38.35 0.0319843 
38.4 0.0322486 
38.45 0.0325648 
38.5 0.0329295 
38.55 0.0333399 
38.6 0.0337936 
38.65 0.0342882 
38.7 0.0348221 
38.75 0.0353935 
38.8 0.0360012 
38.85 0.0366441 
38.9 0.0373215 
38.95 0.0380325 
39 0.0387768 
39.05 0.039554 
39.1 0.0403639 
39.15 0.0412065 
39.2 0.0420818 
39.25 0.04299 
39.3 0.0439314 
39.35 0.0449063 
39.4 0.0459153 
39.45 0.0469588 
39.5 0.0480375 
39.55 0.0491519 
39.6 0.0503029 
39.65 0.0514912 
39.7 0.0527177 
39.75 0.0539833 
39.8 0.0552888 
39.85 0.0566353 
39.9 0.0580238 
39.95 0.0594553 
40 0.0609307 
40.05 0.0624512 
40.1 0.0640178 
40.15 0.0656315 
40.2 0.0672934 
40.25 0.0690043 
40.3 0.0707653 
40.35 0.072577 
40.4 0.0744403 
40.45 0.0763559 
40.5 0.078324 
40.55 0.0803451 
40.6 0.0824193 
40.65 0.0845463 
40.7 0.0867257 
40.75 0.0889566 
40.8 0.0912379 
40.85 0.0935678 
40.9 0.0959441 
40.95 0.0983639 
41 0.100824 
41.05 0.103319 
41.1 0.105844 
41.15 0.108394 
41.2 0.110959 
41.25 0.113533 
41.3 0.116103 
41.35 0.118658 
41.4 0.121185 
41.45 0.123667 
41.5 0.126085 
41.55 0.128418 
41.6 0.130643 
41.65 0.132729 
41.7 0.134646 
41.75 0.136353 
41.8 0.137804 
41.85 0.138945 
41.9 0.139705 
41.95 0.139992 
42 0.139683 
42.05 0.138596 
42.1 0.136453 
42.15 0.132869 
42.2 0.127502 
42.25 0.120351 
42.3 0.111803 
42.35 0.102456 
42.4 0.0929209 
42.45 0.083697 
42.5 0.0751334 
42.55 0.0674325 
42.6 0.0606781 
42.65 0.0548697 
42.7 0.0499537 
42.75 0.0458479 
42.8 0.0424581 
42.85 0.0396898 
42.9 0.0374539 
42.95 0.0356703 
43 0.0342688 
43.05 0.0331893 
43.1 0.0323809 
43.15 0.0318009 
43.2 0.0314138 
43.25 0.0311902 
43.3 0.0311058 
43.35 0.0311407 
43.4 0.0312784 
43.45 0.0315055 
43.5 0.0318108 
43.55 0.0321855 
43.6 0.0326219 
43.65 0.0331141 
43.7 0.0336572 
43.75 0.0342472 
43.8 0.034881 
43.85 0.0355558 
43.9 0.0362698 
43.95 0.0370213 
44 0.0378093 
44.05 0.0386329 
44.1 0.0394915 
44.15 0.0403849 
44.2 0.0413129 
44.25 0.0422757 
44.3 0.0432735 
44.35 0.0443068 
44.4 0.0453761 
44.45 0.046482 
44.5 0.0476254 
44.55 0.0488072 
44.6 0.0500283 
44.65 0.0512898 
44.7 0.052593 
44.75 0.053939 
44.8 0.0553291 
44.85 0.0567649 
44.9 0.0582477 
44.95 0.0597791 
45 0.0613608 
45.05 0.0629943 
45.1 0.0646815 
45.15 0.066424 
45.2 0.0682237 
45.25 0.0700825 
45.3 0.0720022 
45.35 0.0739846 
45.4 0.0760317 
45.45 0.0781454 
45.5 0.0803274 
45.55 0.0825796 
45.6 0.0849036 
45.65 0.087301 
45.7 0.0897733 
45.75 0.0923217 
45.8 0.0949473 
45.85 0.097651 
45.9 0.100433 
45.95 0.103294 
46 0.106233 
46.05 0.109249 
46.1 0.112341 
46.15 0.115507 
46.2 0.118743 
46.25 0.122047 
46.3 0.125413 
46.35 0.128835 
46.4 0.132307 
46.45 0.135819 
46.5 0.139363 
46.55 0.142927 
46.6 0.146498 
46.65 0.150063 
46.7 0.153603 
46.75 0.157103 
46.8 0.160542 
46.85 0.1639 
46.9 0.167153 
46.95 0.170278 
47 0.17325 
47.05 0.176042 
47.1 0.178629 
47.15 0.180983 
47.2 0.183078 
47.25 0.184889 
47.3 0.18639 
47.35 0.18756 
47.4 0.188376 
47.45 0.18882 
47.5 0.188877 
47.55 0.188533 
47.6 0.187779 
47.65 0.186607 
47.7 0.185013 
47.75 0.182996 
47.8 0.180557 
47.85 0.177697 
47.9 0.174418 
47.95 0.170722 
48 0.166609 
48.05 0.162075 
48.1 0.157111 
48.15 0.151701 
48.2 0.14582 
48.25 0.139437 
48.3 0.132523 
48.35 0.125068 
48.4 0.117117 
48.45 0.10879 
48.5 0.100287 
48.55 0.0918489 
48.6 0.0837173 
48.65 0.0760923 
48.7 0.0691151 
48.75 0.0628646 
48.8 0.0573661 
48.85 0.0526039 
48.9 0.0485345 
48.95 0.0450986 
49 0.0422296 
49.05 0.03986 
49.1 0.0379254 
49.15 0.0363667 
49.2 0.0351311 
49.25 0.0341723 
49.3 0.0334506 
49.35 0.0329317 
49.4 0.032587 
49.45 0.032392 
49.5 0.0323264 
49.55 0.0323732 
49.6 0.0325182 
49.65 0.0327497 
49.7 0.0330577 
49.75 0.0334342 
49.8 0.0338725 
49.85 0.0343671 
49.9 0.0349134 
49.95 0.0355078 
50 0.0361472 
50.05 0.0368293 
50.1 0.0375522 
50.15 0.0383143 
50.2 0.0391146 
50.25 0.0399523 
50.3 0.0408269 
50.35 0.0417382 
50.4 0.042686 
50.45 0.0436705 
50.5 0.0446921 
50.55 0.0457511 
50.6 0.0468482 
50.65 0.0479841 
50.7 0.0491596 
50.75 0.0503757 
50.8 0.0516335 
50.85 0.052934 
50.9 0.0542786 
50.95 0.0556686 
51 0.0571054 
51.05 0.0585905 
51.1 0.0601256 
51.15 0.0617122 
51.2 0.0633521 
51.25 0.0650471 
51.3 0.0667991 
51.35 0.06861 
51.4 0.0704818 
51.45 0.0724165 
51.5 0.0744161 
51.55 0.0764826 
51.6 0.0786183 
51.65 0.080825 
51.7 0.0831048 
51.75 0.0854598 
51.8 0.0878918 
51.85 0.0904025 
51.9 0.0929937 
51.95 0.0956668 
52 0.098423 
52.05 0.101263 
52.1 0.104188 
52.15 0.107198 
52.2 0.110293 
52.25 0.113472 
52.3 0.116733 
52.35 0.120075 
52.4 0.123494 
52.45 0.126987 
52.5 0.130548 
52.55 0.134172 
52.6 0.137852 
52.65 0.141578 
52.7 0.145341 
52.75 0.14913 
52.8 0.152929 
52.85 0.156726 
52.9 0.160503 
52.95 0.164242 
53 0.167923 
53.05 0.171524 
53.1 0.175022 
53.15 0.178394 
53.2 0.181615 
53.25 0.184658 
53.3 0.187499 
53.35 0.190112 
53.4 0.192471 
53.45 0.194555 
53.5 0.196341 
53.55 0.19781 
53.6 0.198946 
53.65 0.199736 
53.7 0.20017 
53.75 0.200242 
53.8 0.199952 
53.85 0.199301 
53.9 0.198298 
53.95 0.196953 
54 0.19528 
54.05 0.193297 
54.1 0.191026 
54.15 0.188488 
54.2 0.18571 
54.25 0.182718 
54.3 0.179538 
54.35 0.176197 
54.4 0.172724 
54.45 0.169145 
54.5 0.165484 
54.55 0.161768 
54.6 0.158017 
54.65 0.154255 
54.7 0.150499 
54.75 0.146768 
54.8 0.143078 
54.85 0.139442 
54.9 0.135873 
54.95 0.132382 
55 0.128978 
55.05 0.125667 
55.1 0.122457 
55.15 0.119352 
55.2 0.116356 
55.25 0.113472 
55.3 0.110701 
55.35 0.108046 
55.4 0.105506 
55.45 0.103081 
55.5 0.10077 
55.55 0.0985724 
55.6 0.0964865 
55.65 0.0945104 
55.7 0.0926418 
55.75 0.0908784 
55.8 0.0892177 
55.85 0.087657 
55.9 0.0861935 
55.95 0.0848244 
56 0.0835468 
56.05 0.0823577 
56.1 0.0812544 
56.15 0.0802338 
56.2 0.0792932 
56.25 0.0784296 
56.3 0.0776403 
56.35 0.0769226 
56.4 0.0762737 
56.45 0.0756911 
56.5 0.0751723 
56.55 0.0747147 
56.6 0.0743159 
56.65 0.0739736 
56.7 0.0736856 
56.75 0.0734497 
56.8 0.0732636 
56.85 0.0731253 
56.9 0.0730329 
56.95 0.0729842 
57 0.0729773 
57.05 0.0730105 
57.1 0.0730817 
57.15 0.0731892 
57.2 0.073331 
57.25 0.0735055 
57.3 0.0737107 
57.35 0.0739448 
57.4 0.0742059 
57.45 0.0744922 
57.5 0.0748017 
57.55 0.0751324 
57.6 0.0754822 
57.65 0.075849 
57.7 0.0762304 
57.75 0.0766241 
57.8 0.0770275 
57.85 0.0774378 
57.9 0.0778522 
57.95 0.0782675 
58 0.0786801 
58.05 0.0790865 
58.1 0.0794824 
58.15 0.0798634 
58.2 0.0802243 
58.25 0.0805597 
58.3 0.0808632 
58.35 0.0811277 
58.4 0.0813452 
58.45 0.0815064 
58.5 0.0816006 
58.55 0.0816152 
58.6 0.0815354 
58.65 0.0813431 
58.7 0.0810166 
58.75 0.0805285 
58.8 0.0798443 
58.85 0.0789198 
58.9 0.077698 
58.95 0.076108 
59 0.0740714 
59.05 0.0715256 
59.1 0.0684633 
59.15 0.0649584 
59.2 0.0611552 
59.25 0.0572312 
59.3 0.0533577 
59.35 0.049675 
59.4 0.0462818 
59.45 0.0432365 
59.5 0.0405637 
59.55 0.038263 
59.6 0.0363174 
59.65 0.0347001 
59.7 0.0333796 
59.75 0.032323 
59.8 0.0314987 
59.85 0.0308774 
59.9 0.0304326 
59.95 0.0301412 
60 0.0299829 
60.05 0.0299404 
60.1 0.0299991 
60.15 0.0301465 
60.2 0.0303721 
60.25 0.0306671 
60.3 0.0310243 
60.35 0.0314375 
60.4 0.0319017 
60.45 0.0324128 
60.5 0.0329674 
60.55 0.0335626 
60.6 0.0341963 
60.65 0.0348666 
60.7 0.0355722 
60.75 0.036312 
60.8 0.0370853 
60.85 0.0378914 
60.9 0.0387301 
60.95 0.0396013 
61 0.040505 
61.05 0.0414414 
61.1 0.0424108 
61.15 0.0434137 
61.2 0.0444507 
61.25 0.0455224 
61.3 0.0466295 
61.35 0.0477728 
61.4 0.0489534 
61.45 0.0501722 
61.5 0.0514303 
61.55 0.0527287 
61.6 0.0540688 
61.65 0.0554517 
61.7 0.0568788 
61.75 0.0583514 
61.8 0.059871 
61.85 0.0614391 
61.9 0.0630571 
61.95 0.0647266 
62 0.066449 
62.05 0.0682261 
62.1 0.0700594 
62.15 0.0719504 
62.2 0.0739007 
62.25 0.0759117 
62.3 0.0779851 
62.35 0.080122 
62.4 0.0823238 
62.45 0.0845916 
62.5 0.0869263 
62.55 0.0893288 
62.6 0.0917995 
62.65 0.0943387 
62.7 0.0969462 
62.75 0.0996215 
62.8 0.102364 
62.85 0.105171 
62.9 0.108041 
62.95 0.110972 
63 0.113958 
63.05 0.116997 
63.1 0.120082 
63.15 0.123206 
63.2 0.126362 
63.25 0.12954 
63.3 0.132729 
63.35 0.135917 
63.4 0.139091 
63.45 0.142233 
63.5 0.145327 
63.55 0.148354 
63.6 0.15129 
63.65 0.154114 
63.7 0.156799 
63.75 0.159318 
63.8 0.161642 
63.85 0.163739 
63.9 0.165576 
63.95 0.167117 
64 0.168326 
64.05 0.169161 
64.1 0.16958 
64.15 0.169535 
64.2 0.168973 
64.25 0.167832 
64.3 0.166034 
64.35 0.163479 
64.4 0.160032 
64.45 0.155506 
64.5 0.149668 
64.55 0.142323 
64.6 0.133491 
64.65 0.123485 
64.7 0.112826 
64.75 0.102079 
64.8 0.0917292 
64.85 0.0821262 
64.9 0.0734782 
64.95 0.0658737 
65 0.0593133 
65.05 0.0537406 
65.1 0.0490672 
65.15 0.045191 
65.2 0.0420083 
65.25 0.0394211 
65.3 0.0373404 
65.35 0.0356883 
65.4 0.0343973 
65.45 0.0334104 
65.5 0.0326795 
65.55 0.0321648 
65.6 0.031833 
65.65 0.0316565 
65.7 0.0316129 
65.75 0.0316835 
65.8 0.0318528 
65.85 0.0321085 
65.9 0.0324401 
65.95 0.0328392 
66 0.0332988 
66.05 0.0338134 
66.1 0.0343784 
66.15 0.0349899 
66.2 0.0356452 
66.25 0.0363417 
66.3 0.0370776 
66.35 0.0378516 
66.4 0.0386626 
66.45 0.0395099 
66.5 0.040393 
66.55 0.0413117 
66.6 0.0422661 
66.65 0.0432562 
66.7 0.0442825 
66.75 0.0453455 
66.8 0.0464458 
66.85 0.047584 
66.9 0.0487612 
66.95 0.0499783 
67 0.0512364 
67.05 0.0525366 
67.1 0.0538802 
67.15 0.0552686 
67.2 0.0567031 
67.25 0.0581854 
67.3 0.0597169 
67.35 0.0612994 
67.4 0.0629346 
67.45 0.0646243 
67.5 0.0663703 
67.55 0.0681746 
67.6 0.070039 
67.65 0.0719657 
67.7 0.0739566 
67.75 0.0760138 
67.8 0.0781392 
67.85 0.080335 
67.9 0.0826032 
67.95 0.0849456 
68 0.0873641 
68.05 0.0898606 
68.1 0.0924365 
68.15 0.0950934 
68.2 0.0978323 
68.25 0.100654 
68.3 0.10356 
68.35 0.106549 
68.4 0.109622 
68.45 0.112778 
68.5 0.116015 
68.55 0.119331 
68.6 0.122723 
68.65 0.126187 
68.7 0.129718 
68.75 0.13331 
68.8 0.136956 
68.85 0.140647 
68.9 0.144374 
68.95 0.148123 
69 0.151882 
69.05 0.155636 
69.1 0.159368 
69.15 0.16306 
69.2 0.166691 
69.25 0.170241 
69.3 0.173686 
69.35 0.177001 
69.4 0.180163 
69.45 0.183144 
69.5 0.18592 
69.55 0.188464 
69.6 0.190752 
69.65 0.19276 
69.7 0.194465 
69.75 0.195849 
69.8 0.196894 
69.85 0.197587 
69.9 0.197917 
69.95 0.197878 
70 0.197468 
70.05 0.19669 
70.1 0.195548 
70.15 0.194052 
70.2 0.192217 
70.25 0.190058 
70.3 0.187596 
70.35 0.184852 
70.4 0.181849 
70.45 0.178613 
70.5 0.175169 
70.55 0.171543 
70.6 0.167761 
70.65 0.163846 
70.7 0.159824 
70.75 0.155716 
70.8 0.151544 
70.85 0.147327 
70.9 0.143081 
70.95 0.138823 
71 0.134566 
71.05 0.130323 
71.1 0.126102 
71.15 0.121913 
71.2 0.117762 
71.25 0.113655 
71.3 0.109597 
71.35 0.10559 
71.4 0.101639 
71.45 0.0977455 
71.5 0.0939125 
71.55 0.0901432 
71.6 0.0864417 
71.65 0.0828131 
71.7 0.0792641 
71.75 0.0758032 
71.8 0.0724404 
71.85 0.0691878 
71.9 0.0660582 
71.95 0.0630653 
72 0.0602226 
72.05 0.0575425 
72.1 0.0550355 
72.15 0.0527098 
72.2 0.0505708 
72.25 0.0486209 
72.3 0.0468596 
72.35 0.0452836 
72.4 0.0438877 
72.45 0.0426648 
72.5 0.0416064 
72.55 0.0407033 
72.6 0.0399456 
72.65 0.0393236 
72.7 0.0388276 
72.75 0.0384482 
72.8 0.0381766 
72.85 0.0380046 
72.9 0.0379244 
72.95 0.0379292 
73 0.0380126 
73.05 0.0381689 
73.1 0.0383932 
73.15 0.0386809 
73.2 0.0390282 
73.25 0.0394315 
73.3 0.0398879 
73.35 0.0403948 
73.4 0.0409499 
73.45 0.0415515 
73.5 0.0421979 
73.55 0.0428879 
73.6 0.0436204 
73.65 0.0443946 
73.7 0.04521 
73.75 0.0460661 
73.8 0.0469628 
73.85 0.0478998 
73.9 0.0488774 
73.95 0.0498956 
74 0.0509549 
74.05 0.0520556 
74.1 0.0531984 
74.15 0.0543838 
74.2 0.0556127 
74.25 0.0568857 
74.3 0.0582039 
74.35 0.0595682 
74.4 0.0609795 
74.45 0.0624391 
74.5 0.0639481 
74.55 0.0655076 
74.6 0.0671189 
74.65 0.0687832 
74.7 0.0705018 
74.75 0.072276 
74.8 0.0741071 
74.85 0.0759962 
74.9 0.0779446 
74.95 0.0799534 
75 0.0820238 
75.05 0.0841566 
75.1 0.0863528 
75.15 0.0886129 
75.2 0.0909375 
75.25 0.0933268 
75.3 0.0957808 
75.35 0.0982991 
75.4 0.100881 
75.45 0.103525 
75.5 0.10623 
75.55 0.108994 
75.6 0.111813 
75.65 0.114685 
75.7 0.117604 
75.75 0.120565 
75.8 0.123563 
75.85 0.126589 
75.9 0.129636 
75.95 0.132694 
76 0.135752 
76.05 0.138798 
76.1 0.141817 
76.15 0.144796 
76.2 0.147716 
76.25 0.150561 
76.3 0.153309 
76.35 0.155941 
76.4 0.158434 
76.45 0.160764 
76.5 0.162906 
76.55 0.164835 
76.6 0.166524 
76.65 0.167946 
76.7 0.169072 
76.75 0.169876 
76.8 0.170327 
76.85 0.170396 
76.9 0.170052 
76.95 0.169262 
77 0.167991 
77.05 0.166197 
77.1 0.163832 
77.15 0.160833 
77.2 0.15712 
77.25 0.152581 
77.3 0.147078 
77.35 0.140459 
77.4 0.132649 
77.45 0.123756 
77.5 0.114096 
77.55 0.104109 
77.6 0.0942437 
77.65 0.0848738 
77.7 0.0762589 
77.75 0.0685457 
77.8 0.0617874 
77.85 0.0559691 
77.9 0.0510322 
77.95 0.0468947 
78 0.0434647 
78.05 0.0406506 
78.1 0.0383661 
78.15 0.0365333 
78.2 0.0350837 
78.25 0.0339583 
78.3 0.033107 
78.35 0.0324874 
78.4 0.0320642 
78.45 0.0318081 
78.5 0.0316946 
78.55 0.0317037 
78.6 0.0318187 
78.65 0.0320258 
78.7 0.0323139 
78.75 0.0326736 
78.8 0.0330974 
78.85 0.033579 
78.9 0.0341134 
78.95 0.0346964 
79 0.0353246 
79.05 0.0359955 
79.1 0.0367068 
79.15 0.037457 
79.2 0.0382449 
79.25 0.0390695 
79.3 0.0399302 
79.35 0.0408267 
79.4 0.0417589 
79.45 0.0427269 
79.5 0.0437309 
79.55 0.0447713 
79.6 0.0458487 
79.65 0.0469638 
79.7 0.0481173 
79.75 0.0493102 
79.8 0.0505435 
79.85 0.0518183 
79.9 0.0531359 
79.95 0.0544974 
80 0.0559044 
80.05 0.0573582 
80.1 0.0588604 
80.15 0.0604127 
80.2 0.0620167 
80.25 0.0636741 
80.3 0.0653869 
80.35 0.0671569 
80.4 0.0689859 
80.45 0.0708761 
80.5 0.0728293 
80.55 0.0748477 
80.6 0.0769332 
80.65 0.0790879 
80.7 0.0813139 
80.75 0.0836131 
80.8 0.0859873 
80.85 0.0884386 
80.9 0.0909684 
80.95 0.0935785 
81 0.0962701 
81.05 0.0990443 
81.1 0.101902 
81.15 0.104843 
81.2 0.107869 
81.25 0.110977 
81.3 0.114168 
81.35 0.117439 
81.4 0.120789 
81.45 0.124213 
81.5 0.127707 
81.55 0.131267 
81.6 0.134885 
81.65 0.138553 
81.7 0.142263 
81.75 0.146003 
81.8 0.149761 
81.85 0.153523 
81.9 0.157274 
81.95 0.160996 
82 0.16467 
82.05 0.168275 
82.1 0.171789 
82.15 0.175189 
82.2 0.17845 
82.25 0.181546 
82.3 0.184453 
82.35 0.187144 
82.4 0.189593 
82.45 0.191777 
82.5 0.193672 
82.55 0.195257 
82.6 0.196514 
82.65 0.197427 
82.7 0.197984 
82.75 0.198177 
82.8 0.198 
82.85 0.197454 
82.9 0.196542 
82.95 0.195272 
83 0.193656 
83.05 0.191707 
83.1 0.189445 
83.15 0.18689 
83.2 0.184065 
83.25 0.180993 
83.3 0.177702 
83.35 0.174216 
83.4 0.170561 
83.45 0.166764 
83.5 0.162848 
83.55 0.158838 
83.6 0.154755 
83.65 0.15062 
83.7 0.146453 
83.75 0.142269 
83.8 0.138085 
83.85 0.133913 
83.9 0.129766 
83.95 0.125652 
84 0.121581 
84.05 0.117558 
84.1 0.113591 
84.15 0.109682 
84.2 0.105835 
84.25 0.102054 
84.3 0.0983393 
84.35 0.0946942 
84.4 0.0911204 
84.45 0.0876201 
84.5 0.0841962 
84.55 0.0808522 
84.6 0.0775929 
84.65 0.0744239 
84.7 0.0713523 
84.75 0.068386 
84.8 0.0655338 
84.85 0.0628053 
84.9 0.0602096 
84.95 0.0577558 
85 0.0554514 
85.05 0.053303 
85.1 0.0513151 
85.15 0.04949 
85.2 0.0478284 
85.25 0.0463286 
85.3 0.0449875 
85.35 0.0438004 
85.4 0.0427611 
85.45 0.041863 
85.5 0.0410986 
85.55 0.0404602 
85.6 0.0399402 
85.65 0.0395306 
85.7 0.0392243 
85.75 0.039014 
85.8 0.0388932 
85.85 0.0388557 
85.9 0.0388958 
85.95 0.0390083 
86 0.0391887 
86.05 0.0394327 
86.1 0.0397366 
86.15 0.040097 
86.2 0.0405111 
86.25 0.0409763 
86.3 0.0414904 
86.35 0.0420516 
86.4 0.0426581 
86.45 0.0433088 
86.5 0.0440024 
86.55 0.0447381 
86.6 0.0455153 
86.65 0.0463333 
86.7 0.0471919 
86.75 0.0480909 
86.8 0.0490303 
86.85 0.0500101 
86.9 0.0510305 
86.95 0.052092 
87 0.0531948 
87.05 0.0543396 
87.1 0.0555269 
87.15 0.0567574 
87.2 0.0580318 
87.25 0.0593511 
87.3 0.0607161 
87.35 0.0621277 
87.4 0.0635869 
87.45 0.0650947 
87.5 0.0666522 
87.55 0.0682605 
87.6 0.0699206 
87.65 0.0716337 
87.7 0.0734007 
87.75 0.0752227 
87.8 0.0771007 
87.85 0.0790356 
87.9 0.0810282 
87.95 0.0830793 
88 0.0851894 
88.05 0.0873589 
88.1 0.0895881 
88.15 0.0918769 
88.2 0.0942249 
88.25 0.0966315 
88.3 0.0990958 
88.35 0.101616 
88.4 0.104191 
88.45 0.106817 
88.5 0.109491 
88.55 0.112211 
88.6 0.11497 
88.65 0.117763 
88.7 0.120585 
88.75 0.123427 
88.8 0.12628 
88.85 0.129136 
88.9 0.131982 
88.95 0.134806 
89 0.137594 
89.05 0.140331 
89.1 0.143 
89.15 0.145582 
89.2 0.148056 
89.25 0.1504 
89.3 0.152591 
89.35 0.154604 
89.4 0.156412 
89.45 0.157985 
89.5 0.159293 
89.55 0.160303 
89.6 0.160979 
89.65 0.161283 
89.7 0.161173 
89.75 0.160598 
89.8 0.159501 
89.85 0.15781 
89.9 0.155431 
89.95 0.152239 
90 0.148059 
90.05 0.142676 
90.1 0.1359 
90.15 0.127732 
90.2 0.11844 
90.25 0.108498 
90.3 0.0984273 
90.35 0.0886891 
90.4 0.0796202 
90.45 0.0714269 
90.5 0.0642022 
90.55 0.0579547 
90.6 0.0526373 
90.65 0.0481708 
90.7 0.0444618 
90.75 0.0414138 
90.8 0.038935 
90.85 0.0369417 
90.9 0.03536 
90.95 0.0341259 
91 0.033185 
91.05 0.0324915 
91.1 0.0320072 
91.15 0.0317 
91.2 0.0315438 
91.25 0.0315167 
91.3 0.0316008 
91.35 0.0317814 
91.4 0.0320462 
91.45 0.0323853 
91.5 0.0327906 
91.55 0.0332553 
91.6 0.0337741 
91.65 0.0343424 
91.7 0.0349567 
91.75 0.0356141 
91.8 0.0363124 
91.85 0.0370497 
91.9 0.0378247 
91.95 0.0386364 
92 0.0394841 
92.05 0.0403674 
92.1 0.0412861 
92.15 0.0422403 
92.2 0.04323 
92.25 0.0442558 
92.3 0.0453181 
92.35 0.0464174 
92.4 0.0475547 
92.45 0.0487307 
92.5 0.0499465 
92.55 0.0512031 
92.6 0.0525016 
92.65 0.0538434 
92.7 0.0552298 
92.75 0.0566621 
92.8 0.058142 
92.85 0.0596709 
92.9 0.0612506 
92.95 0.0628827 
93 0.064569 
93.05 0.0663113 
93.1 0.0681116 
93.15 0.0699718 
93.2 0.0718937 
93.25 0.0738795 
93.3 0.0759312 
93.35 0.0780506 
93.4 0.0802399 
93.45 0.0825009 
93.5 0.0848356 
93.55 0.0872458 
93.6 0.0897331 
93.65 0.0922991 
93.7 0.0949452 
93.75 0.0976724 
93.8 0.100482 
93.85 0.103373 
93.9 0.106348 
93.95 0.109404 
94 0.112542 
94.05 0.11576 
94.1 0.119055 
94.15 0.122424 
94.2 0.125863 
94.25 0.129368 
94.3 0.132932 
94.35 0.136546 
94.4 0.140204 
94.45 0.143894 
94.5 0.147604 
94.55 0.151322 
94.6 0.155031 
94.65 0.158715 
94.7 0.162356 
94.75 0.165933 
94.8 0.169425 
94.85 0.172809 
94.9 0.176059 
94.95 0.179152 
95 0.182062 
95.05 0.184762 
95.1 0.187227 
95.15 0.189431 
95.2 0.191352 
95.25 0.192967 
95.3 0.194256 
95.35 0.195202 
95.4 0.195792 
95.45 0.196014 
95.5 0.195863 
95.55 0.195334 
95.6 0.194431 
95.65 0.193157 
95.7 0.191522 
95.75 0.189538 
95.8 0.18722 
95.85 0.184588 
95.9 0.18166 
95.95 0.178458 
96 0.175006 
96.05 0.171327 
96.1 0.167444 
96.15 0.16338 
96.2 0.159157 
96.25 0.154794 
96.3 0.150312 
96.35 0.145725 
96.4 0.14105 
96.45 0.136299 
96.5 0.131481 
96.55 0.126606 
96.6 0.121679 
96.65 0.116705 
96.7 0.111689 
96.75 0.106636 
96.8 0.101553 
96.85 0.0964518 
96.9 0.0913515 
96.95 0.0862794 
97 0.0812725 
97.05 0.0763764 
97.1 0.0716423 
97.15 0.067122 
97.2 0.0628632 
97.25 0.0589048 
97.3 0.0552746 
97.35 0.0519885 
97.4 0.0490506 
97.45 0.0464551 
97.5 0.0441887 
97.55 0.0422322 
97.6 0.0405634 
97.65 0.0391584 
97.7 0.0379928 
97.75 0.0370429 
97.8 0.0362865 
97.85 0.035703 
97.9 0.0352737 
97.95 0.0349818 
98 0.0348125 
98.05 0.0347529 
98.1 0.0347914 
98.15 0.0349184 
98.2 0.0351253 
98.25 0.0354048 
98.3 0.0357508 
98.35 0.0361578 
98.4 0.0366215 
98.45 0.037138 
98.5 0.0377042 
98.55 0.0383175 
98.6 0.0389756 
98.65 0.039677 
98.7 0.0404202 
98.75 0.0412041 
98.8 0.0420279 
98.85 0.0428912 
98.9 0.0437936 
98.95 0.0447349 
99 0.0457154 
99.05 0.0467351 
99.1 0.0477945 
99.15 0.048894 
99.2 0.0500344 
99.25 0.0512163 
99.3 0.0524406 
99.35 0.0537084 
99.4 0.0550206 
99.45 0.0563784 
99.5 0.0577831 
99.55 0.059236 
99.6 0.0607385 
99.65 0.0622921 
99.7 0.0638982 
99.75 0.0655586 
99.8 0.0672748 
99.85 0.0690485 
99.9 0.0708816 
99.95 0.0727758 
100 0.0747329 
100.05 0.0767546 
100.1 0.0788427 
100.15 0.0809991 
100.2 0.0832253 
100.25 0.0855232 
100.3 0.0878941 
100.35 0.0903395 
100.4 0.0928606 
100.45 0.0954585 
100.5 0.098134 
100.55 0.100888 
100.6 0.103719 
100.65 0.106629 
100.7 0.109616 
100.75 0.112678 
100.8 0.115815 
100.85 0.119023 
100.9 0.122298 
100.95 0.125637 
101 0.129033 
101.05 0.132481 
101.1 0.135973 
101.15 0.139499 
101.2 0.143048 
101.25 0.14661 
101.3 0.150171 
101.35 0.153715 
101.4 0.157227 
101.45 0.160687 
101.5 0.164077 
101.55 0.167375 
101.6 0.170559 
101.65 0.173606 
101.7 0.176491 
101.75 0.179191 
101.8 0.18168 
101.85 0.183934 
101.9 0.18593 
101.95 0.187645 
102 0.189058 
102.05 0.190151 
102.1 0.190907 
102.15 0.191313 
102.2 0.191359 
102.25 0.191037 
102.3 0.190345 
102.35 0.189283 
102.4 0.187854 
102.45 0.186065 
102.5 0.183926 
102.55 0.181449 
102.6 0.178649 
102.65 0.17554 
102.7 0.172141 
102.75 0.168467 
102.8 0.164537 
102.85 0.160367 
102.9 0.15597 
102.95 0.151361 
103 0.146549 
103.05 0.141541 
103.1 0.136342 
103.15 0.130953 
103.2 0.125373 
103.25 0.119601 
103.3 0.113638 
103.35 0.107498 
103.4 0.101211 
103.45 0.0948312 
103.5 0.0884413 
103.55 0.082145 
103.6 0.0760544 
103.65 0.0702755 
103.7 0.0648956 
103.75 0.0599762 
103.8 0.0555517 
103.85 0.0516316 
103.9 0.0482053 
103.95 0.0452481 
104 0.0427259 
104.05 0.0405997 
104.1 0.0388292 
104.15 0.0373747 
104.2 0.0361989 
104.25 0.0352676 
104.3 0.0345502 
104.35 0.0340194 
104.4 0.0336518 
104.45 0.0334267 
104.5 0.0333267 
104.55 0.0333368 
104.6 0.0334443 
104.65 0.0336383 
104.7 0.0339097 
104.75 0.034251 
104.8 0.0346556 
104.85 0.0351183 
104.9 0.0356345 
104.95 0.0362006 
105 0.0368135 
105.05 0.0374708 
105.1 0.0381706 
105.15 0.0389112 
105.2 0.0396914 
105.25 0.0405104 
105.3 0.0413676 
105.35 0.0422626 
105.4 0.0431952 
105.45 0.0441656 
105.5 0.0451738 
105.55 0.0462203 
105.6 0.0473057 
105.65 0.0484305 
105.7 0.0495954 
105.75 0.0508015 
105.8 0.0520497 
105.85 0.053341 
105.9 0.0546767 
105.95 0.056058 
106 0.0574863 
106.05 0.058963 
106.1 0.0604896 
106.15 0.0620678 
106.2 0.0636991 
106.25 0.0653855 
106.3 0.0671285 
106.35 0.06893 
106.4 0.070792 
106.45 0.0727164 
106.5 0.0747051 
106.55 0.07676 
106.6 0.0788831 
106.65 0.0810763 
106.7 0.0833417 
106.75 0.0856808 
106.8 0.0880956 
106.85 0.0905876 
106.9 0.0931583 
106.95 0.0958091 
107 0.0985408 
107.05 0.101354 
107.1 0.10425 
107.15 0.107228 
107.2 0.110287 
107.25 0.113427 
107.3 0.116647 
107.35 0.119942 
107.4 0.123311 
107.45 0.126749 
107.5 0.130251 
107.55 0.13381 
107.6 0.137419 
107.65 0.141069 
107.7 0.14475 
107.75 0.14845 
107.8 0.152155 
107.85 0.15585 
107.9 0.159518 
107.95 0.163142 
108 0.1667 
108.05 0.170172 
108.1 0.173535 
108.15 0.176765 
108.2 0.179837 
108.25 0.182727 
108.3 0.185408 
108.35 0.187857 
108.4 0.190049 
108.45 0.191962 
108.5 0.193573 
108.55 0.194866 
108.6 0.195823 
108.65 0.196433 
108.7 0.196685 
108.75 0.196575 
108.8 0.196101 
108.85 0.195266 
108.9 0.194075 
108.95 0.192538 
109 0.19067 
109.05 0.188487 
109.1 0.186008 
109.15 0.183254 
109.2 0.180249 
109.25 0.177016 
109.3 0.17358 
109.35 0.169967 
109.4 0.166201 
109.45 0.162305 
109.5 0.158303 
109.55 0.154216 
109.6 0.150064 
109.65 0.145866 
109.7 0.141638 
109.75 0.137394 
109.8 0.133147 
109.85 0.128909 
109.9 0.124689 
109.95 0.120495 
110 0.116333 
110.05 0.112207 
110.1 0.108123 
110.15 0.104084 
110.2 0.100092 
110.25 0.0961502 
110.3 0.0922626 
110.35 0.0884331 
110.4 0.0846671 
110.45 0.080972 
110.5 0.0773572 
110.55 0.0738341 
110.6 0.0704166 
110.65 0.0671199 
110.7 0.0639604 
110.75 0.0609543 
110.8 0.0581168 
110.85 0.0554609 
110.9 0.0529969 
110.95 0.0507316 
111 0.0486684 
111.05 0.0468069 
111.1 0.045144 
111.15 0.0436738 
111.2 0.0423881 
111.25 0.0412777 
111.3 0.040332 
111.35 0.0395402 
111.4 0.0388913 
111.45 0.0383746 
111.5 0.0379797 
111.55 0.037697 
111.6 0.0375174 
111.65 0.0374327 
111.7 0.0374352 
111.75 0.0375183 
111.8 0.0376758 
111.85 0.0379024 
111.9 0.0381933 
111.95 0.0385443 
112 0.0389519 
112.05 0.0394129 
112.1 0.0399245 
112.15 0.0404846 
112.2 0.041091 
112.25 0.0417423 
112.3 0.0424371 
112.35 0.0431743 
112.4 0.0439532 
112.45 0.044773 
112.5 0.0456334 
112.55 0.0465343 
112.6 0.0474754 
112.65 0.0484569 
112.7 0.049479 
112.75 0.050542 
112.8 0.0516465 
112.85 0.0527929 
112.9 0.053982 
112.95 0.0552145 
113 0.0564913 
113.05 0.0578133 
113.1 0.0591815 
113.15 0.060597 
113.2 0.0620609 
113.25 0.0635745 
113.3 0.065139 
113.35 0.0667556 
113.4 0.0684257 
113.45 0.0701507 
113.5 0.0719318 
113.55 0.0737705 
113.6 0.075668 
113.65 0.0776258 
113.7 0.0796449 
113.75 0.0817268 
113.8 0.0838723 
113.85 0.0860826 
113.9 0.0883585 
113.95 0.0907005 
114 0.0931092 
114.05 0.0955847 
114.1 0.0981268 
114.15 0.100735 
114.2 0.103409 
114.25 0.106146 
114.3 0.108945 
114.35 0.111804 
114.4 0.114719 
114.45 0.117686 
114.5 0.120699 
114.55 0.123755 
114.6 0.126844 
114.65 0.12996 
114.7 0.133093 
114.75 0.136233 
114.8 0.139368 
114.85 0.142484 
114.9 0.145567 
114.95 0.148601 
115 0.151567 
115.05 0.154447 
115.1 0.15722 
115.15 0.159865 
115.2 0.162358 
115.25 0.164674 
115.3 0.16679 
115.35 0.16868 
115.4 0.170317 
115.45 0.171675 
115.5 0.172728 
115.55 0.173449 
115.6 0.173813 
115.65 0.173793 
115.7 0.173364 
115.75 0.172498 
115.8 0.171168 
115.85 0.169344 
115.9 0.166989 
115.95 0.164061 
116 0.160504 
116.05 0.156245 
116.1 0.151185 
116.15 0.145205 
116.2 0.138187 
116.25 0.1301 
116.3 0.12108 
116.35 0.111443 
116.4 0.101602 
116.45 0.0919657 
116.5 0.0828691 
116.55 0.0745401 
116.6 0.0671036 
116.65 0.0605993 
116.7 0.0550058 
116.75 0.0502628 
116.8 0.0462893 
116.85 0.0429963 
116.9 0.0402955 
116.95 0.038104 
117 0.0363473 
117.05 0.0349599 
117.1 0.0338854 
117.15 0.0330755 
117.2 0.03249 
117.25 0.0320949 
117.3 0.031862 
117.35 0.0317679 
117.4 0.0317933 
117.45 0.031922 
117.5 0.032141 
117.55 0.0324394 
117.6 0.0328082 
117.65 0.0332401 
117.7 0.0337291 
117.75 0.0342702 
117.8 0.0348595 
117.85 0.0354938 
117.9 0.0361704 
117.95 0.0368874 
118 0.0376432 
118.05 0.0384366 
118.1 0.0392667 
118.15 0.040133 
118.2 0.0410352 
118.25 0.0419733 
118.3 0.0429472 
118.35 0.0439573 
118.4 0.0450041 
118.45 0.046088 
118.5 0.0472099 
118.55 0.0483704 
118.6 0.0495707 
118.65 0.0508115 
118.7 0.0520942 
118.75 0.05342 
118.8 0.0547901 
118.85 0.0562059 
118.9 0.057669 
118.95 0.0591809 
119 0.0607433 
119.05 0.0623577 
119.1 0.0640261 
119.15 0.0657503 
119.2 0.067532 
119.25 0.0693734 
119.3 0.0712764 
119.35 0.073243 
119.4 0.0752752 
119.45 0.0773751 
119.5 0.0795448 
119.55 0.0817863 
119.6 0.0841015 
119.65 0.0864924 
119.7 0.0889608 
119.75 0.0915084 
119.8 0.0941367 
119.85 0.096847 
119.9 0.0996405 
119.95 0.102518 
120 0.105479 
120.05 0.108525 
120.1 0.111654 
120.15 0.114866 
120.2 0.118159 
120.25 0.121529 
120.3 0.124974 
120.35 0.128489 
120.4 0.132069 
120.45 0.135706 
120.5 0.139393 
120.55 0.14312 
120.6 0.146877 
120.65 0.15065 
120.7 0.154425 
120.75 0.158186 
120.8 0.161917 
120.85 0.165596 
120.9 0.169204 
120.95 0.172718 
121 0.176115 
121.05 0.179369 
121.1 0.182455 
121.15 0.185348 
121.2 0.188021 
121.25 0.19045 
121.3 0.19261 
121.35 0.194478 
121.4 0.196035 
121.45 0.197261 
121.5 0.198143 
121.55 0.198668 
121.6 0.198829 
121.65 0.198623 
121.7 0.198049 
121.75 0.197113 
121.8 0.195822 
121.85 0.19419 
121.9 0.192233 
121.95 0.189968 
122 0.187418 
122.05 0.184607 
122.1 0.181558 
122.15 0.178299 
122.2 0.174855 
122.25 0.171254 
122.3 0.167521 
122.35 0.163681 
122.4 0.159759 
122.45 0.155777 
122.5 0.151756 
122.55 0.147715 
122.6 0.143672 
122.65 0.139643 
122.7 0.135641 
122.75 0.131678 
122.8 0.127765 
122.85 0.123912 
122.9 0.120124 
122.95 0.116408 
123 0.112769 
123.05 0.109211 
123.1 0.105736 
123.15 0.102347 
123.2 0.0990437 
123.25 0.0958283 
123.3 0.0927008 
123.35 0.0896612 
123.4 0.0867096 
123.45 0.0838459 
123.5 0.0810701 
123.55 0.0783823 
123.6 0.0757829 
123.65 0.0732725 
123.7 0.070852 
123.75 0.0685226 
123.8 0.066286 
123.85 0.0641438 
123.9 0.062098 
123.95 0.0601506 
124 0.0583036 
124.05 0.0565589 
124.1 0.054918 
124.15 0.053382 
124.2 0.0519519 
124.25 0.0506276 
124.3 0.049409 
124.35 0.048295 
124.4 0.0472842 
124.45 0.0463746 
124.5 0.0455637 
124.55 0.0448486 
124.6 0.0442263 
124.65 0.0436934 
124.7 0.0432462 
124.75 0.0428812 
124.8 0.0425947 
124.85 0.0423832 
124.9 0.0422431 
124.95 0.0421711 
125 0.0421639 
125.05 0.0422184 
125.1 0.0423318 
125.15 0.0425014 
125.2 0.0427247 
125.25 0.0429996 
125.3 0.0433238 
125.35 0.0436957 
125.4 0.0441134 
125.45 0.0445756 
125.5 0.0450809 
125.55 0.0456281 
125.6 0.0462162 
125.65 0.0468445 
125.7 0.0475121 
125.75 0.0482184 
125.8 0.0489631 
125.85 0.0497457 
125.9 0.0505659 
125.95 0.0514235 
126 0.0523184 
126.05 0.0532507 
126.1 0.0542203 
126.15 0.0552273 
126.2 0.0562719 
126.25 0.0573542 
126.3 0.0584745 
126.35 0.059633 
126.4 0.06083 
126.45 0.0620657 
126.5 0.0633404 
126.55 0.0646543 
126.6 0.0660078 
126.65 0.0674009 
126.7 0.0688338 
126.75 0.0703065 
126.8 0.071819 
126.85 0.0733712 
126.9 0.0749628 
126.95 0.0765934 
127 0.0782623 
127.05 0.0799686 
127.1 0.0817114 
127.15 0.0834892 
127.2 0.0853002 
127.25 0.0871424 
127.3 0.0890132 
127.35 0.0909094 
127.4 0.0928276 
127.45 0.0947633 
127.5 0.0967114 
127.55 0.0986662 
127.6 0.100621 
127.65 0.102567 
127.7 0.104495 
127.75 0.106396 
127.8 0.108255 
127.85 0.11006 
127.9 0.111792 
127.95 0.113434 
128 0.114961 
128.05 0.116346 
128.1 0.117557 
128.15 0.118554 
128.2 0.119285 
128.25 0.119684 
128.3 0.119661 
128.35 0.119086 
128.4 0.117763 
128.45 0.115399 
128.5 0.111663 
128.55 0.106416 
128.6 0.0998485 
128.65 0.0923981 
128.7 0.0845759 
128.75 0.0768375 
128.8 0.0695249 
128.85 0.0628561 
128.9 0.0569415 
128.95 0.0518104 
129 0.0474378 
129.05 0.0437669 
129.1 0.040725 
129.15 0.0382352 
129.2 0.0362226 
129.25 0.0346183 
129.3 0.0333612 
129.35 0.0323982 
129.4 0.031684 
129.45 0.0311802 
129.5 0.0308548 
129.55 0.0306812 
129.6 0.0306373 
129.65 0.0307049 
129.7 0.0308689 
129.75 0.0311169 
129.8 0.0314388 
129.85 0.0318263 
129.9 0.0322725 
129.95 0.0327719 
130 0.0333199 
130.05 0.0339129 
130.1 0.0345478 
130.15 0.0352225 
130.2 0.0359349 
130.25 0.0366837 
130.3 0.0374679 
130.35 0.0382867 
130.4 0.0391397 
130.45 0.0400265 
130.5 0.0409471 
130.55 0.0419017 
130.6 0.0428906 
130.65 0.0439141 
130.7 0.0449729 
130.75 0.0460676 
130.8 0.0471989 
130.85 0.0483679 
130.9 0.0495753 
130.95 0.0508223 
131 0.05211 
131.05 0.0534397 
131.1 0.0548126 
131.15 0.0562301 
131.2 0.0576936 
131.25 0.0592045 
131.3 0.0607646 
131.35 0.0623752 
131.4 0.0640382 
131.45 0.0657552 
131.5 0.0675278 
131.55 0.069358 
131.6 0.0712474 
131.65 0.0731978 
131.7 0.0752111 
131.75 0.0772889 
131.8 0.0794329 
131.85 0.0816449 
131.9 0.0839263 
131.95 0.0862787 
132 0.0887033 
132.05 0.0912013 
132.1 0.0937734 
132.15 0.0964204 
132.2 0.0991426 
132.25 0.10194 
132.3 0.104812 
132.35 0.107757 
132.4 0.110774 
132.45 0.11386 
132.5 0.117013 
132.55 0.120228 
132.6 0.1235 
132.65 0.126824 
132.7 0.130192 
132.75 0.133595 
132.8 0.137024 
132.85 0.140467 
132.9 0.143911 
132.95 0.147341 
133 0.150741 
133.05 0.154094 
133.1 0.157378 
133.15 0.160573 
133.2 0.163656 
133.25 0.166601 
133.3 0.169384 
133.35 0.171976 
133.4 0.174352 
133.45 0.176481 
133.5 0.178337 
133.55 0.17989 
133.6 0.181114 
133.65 0.181982 
133.7 0.182468 
133.75 0.182548 
133.8 0.182199 
133.85 0.181399 
133.9 0.180128 
133.95 0.178364 
134 0.176085 
134.05 0.173268 
134.1 0.169881 
134.15 0.165885 
134.2 0.161229 
134.25 0.155841 
134.3 0.149631 
134.35 0.142504 
134.4 0.134412 
134.45 0.125433 
134.5 0.115805 
134.55 0.10589 
134.6 0.0960802 
134.65 0.0867203 
134.7 0.0780645 
134.75 0.0702666 
134.8 0.0633919 
134.85 0.0574384 
134.9 0.0523585 
134.95 0.0480784 
135 0.0445119 
135.05 0.0415708 
135.1 0.0391705 
135.15 0.0372337 
135.2 0.0356916 
135.25 0.0344845 
135.3 0.0335613 
135.35 0.0328787 
135.4 0.0324005 
135.45 0.0320961 
135.5 0.0319404 
135.55 0.0319123 
135.6 0.0319946 
135.65 0.032173 
135.7 0.0324355 
135.75 0.0327725 
135.8 0.033176 
135.85 0.0336393 
135.9 0.0341572 
135.95 0.0347252 
136 0.0353398 
136.05 0.0359981 
136.1 0.0366979 
136.15 0.0374374 
136.2 0.0382153 
136.25 0.0390304 
136.3 0.0398823 
136.35 0.0407704 
136.4 0.0416945 
136.45 0.0426547 
136.5 0.0436513 
136.55 0.0446844 
136.6 0.0457548 
136.65 0.046863 
136.7 0.0480098 
136.75 0.049196 
136.8 0.0504228 
136.85 0.0516911 
136.9 0.0530022 
136.95 0.0543573 
137 0.0557579 
137.05 0.0572054 
137.1 0.0587014 
137.15 0.0602474 
137.2 0.0618451 
137.25 0.0634964 
137.3 0.065203 
137.35 0.0669668 
137.4 0.0687899 
137.45 0.0706741 
137.5 0.0726215 
137.55 0.0746342 
137.6 0.0767142 
137.65 0.0788637 
137.7 0.0810848 
137.75 0.0833793 
137.8 0.0857494 
137.85 0.088197 
137.9 0.0907238 
137.95 0.0933314 
138 0.0960214 
138.05 0.0987949 
138.1 0.101653 
138.15 0.104596 
138.2 0.107624 
138.25 0.110738 
138.3 0.113935 
138.35 0.117215 
138.4 0.120576 
138.45 0.124014 
138.5 0.127525 
138.55 0.131105 
138.6 0.134746 
138.65 0.138443 
138.7 0.142185 
138.75 0.145962 
138.8 0.149763 
138.85 0.153574 
138.9 0.15738 
138.95 0.161163 
139 0.164906 
139.05 0.168587 
139.1 0.172185 
139.15 0.175677 
139.2 0.179038 
139.25 0.182244 
139.3 0.185268 
139.35 0.188084 
139.4 0.190668 
139.45 0.192994 
139.5 0.19504 
139.55 0.196783 
139.6 0.198206 
139.65 0.199291 
139.7 0.200027 
139.75 0.200404 
139.8 0.200417 
139.85 0.200066 
139.9 0.199354 
139.95 0.198289 
140 0.196882 
140.05 0.195149 
140.1 0.193108 
140.15 0.190779 
140.2 0.188188 
140.25 0.185359 
140.3 0.182319 
140.35 0.179094 
140.4 0.175714 
140.45 0.172204 
140.5 0.168591 
140.55 0.164902 
140.6 0.161159 
140.65 0.157387 
140.7 0.153605 
140.75 0.149833 
140.8 0.146088 
140.85 0.142387 
140.9 0.138742 
140.95 0.135166 
141 0.13167 
141.05 0.128261 
141.1 0.124948 
141.15 0.121735 
141.2 0.118629 
141.25 0.115632 
141.3 0.112748 
141.35 0.109978 
141.4 0.107322 
141.45 0.104782 
141.5 0.102357 
141.55 0.100046 
141.6 0.0978476 
141.65 0.0957606 
141.7 0.0937828 
141.75 0.091912 
141.8 0.0901459 
141.85 0.0884819 
141.9 0.0869172 
141.95 0.0854491 
142 0.0840747 
142.05 0.082791 
142.1 0.0815952 
142.15 0.0804844 
142.2 0.0794555 
142.25 0.0785058 
142.3 0.0776324 
142.35 0.0768325 
142.4 0.0761033 
142.45 0.0754421 
142.5 0.0748464 
142.55 0.0743136 
142.6 0.0738412 
142.65 0.0734268 
142.7 0.0730679 
142.75 0.0727624 
142.8 0.072508 
142.85 0.0723025 
142.9 0.0721438 
142.95 0.0720299 
143 0.0719587 
143.05 0.0719283 
143.1 0.0719367 
143.15 0.071982 
143.2 0.0720623 
143.25 0.0721757 
143.3 0.0723204 
143.35 0.0724944 
143.4 0.0726959 
143.45 0.0729229 
143.5 0.0731734 
143.55 0.0734454 
143.6 0.0737368 
143.65 0.0740454 
143.7 0.0743689 
143.75 0.0747049 
143.8 0.0750509 
143.85 0.075404 
143.9 0.0757614 
143.95 0.0761199 
144 0.0764761 
144.05 0.0768263 
144.1 0.0771664 
144.15 0.0774918 
144.2 0.0777976 
144.25 0.0780782 
144.3 0.0783273 
144.35 0.0785378 
144.4 0.0787015 
144.45 0.0788093 
144.5 0.0788502 
144.55 0.0788116 
144.6 0.0786782 
144.65 0.0784318 
144.7 0.0780499 
144.75 0.0775046 
144.8 0.0767603 
144.85 0.0757718 
144.9 0.0744819 
144.95 0.0728227 
145 0.0707257 
145.05 0.0681491 
145.1 0.0651114 
145.15 0.0617047 
145.2 0.0580749 
145.25 0.0543865 
145.3 0.0507902 
145.35 0.0474043 
145.4 0.044309 
145.45 0.0415488 
145.5 0.0391395 
145.55 0.0370762 
145.6 0.0353403 
145.65 0.0339055 
145.7 0.0327422 
145.75 0.0318201 
145.8 0.0311103 
145.85 0.0305862 
145.9 0.0302239 
145.95 0.0300025 
146 0.0299038 
146.05 0.0299123 
146.1 0.0300146 
146.15 0.0301995 
146.2 0.0304577 
146.25 0.0307813 
146.3 0.0311635 
146.35 0.031599 
146.4 0.0320833 
146.45 0.0326125 
146.5 0.0331837 
146.55 0.0337942 
146.6 0.0344422 
146.65 0.0351261 
146.7 0.0358446 
146.75 0.0365968 
146.8 0.037382 
146.85 0.0381999 
146.9 0.0390502 
146.95 0.0399329 
147 0.0408481 
147.05 0.041796 
147.1 0.042777 
147.15 0.0437915 
147.2 0.0448403 
147.25 0.045924 
147.3 0.0470434 
147.35 0.0481993 
147.4 0.0493926 
147.45 0.0506245 
147.5 0.051896 
147.55 0.0532082 
147.6 0.0545623 
147.65 0.0559597 
147.7 0.0574017 
147.75 0.0588895 
147.8 0.0604248 
147.85 0.0620089 
147.9 0.0636433 
147.95 0.0653295 
148 0.0670692 
148.05 0.0688638 
148.1 0.0707149 
148.15 0.0726241 
148.2 0.0745928 
148.25 0.0766225 
148.3 0.0787146 
148.35 0.0808704 
148.4 0.0830911 
148.45 0.0853777 
148.5 0.0877311 
148.55 0.0901519 
148.6 0.0926404 
148.65 0.0951966 
148.7 0.0978203 
148.75 0.100511 
148.8 0.103266 
148.85 0.106086 
148.9 0.108966 
148.95 0.111904 
149 0.114895 
149.05 0.117935 
149.1 0.121018 
149.15 0.124135 
149.2 0.127279 
149.25 0.130439 
149.3 0.133604 
149.35 0.136761 
149.4 0.139894 
149.45 0.142988 
149.5 0.146023 
149.55 0.148979 
149.6 0.151833 
149.65 0.154561 
149.7 0.157136 
149.75 0.159529 
149.8 0.16171 
149.85 0.163644 
149.9 0.165297 
149.95 0.166632 
150 0.167607 
150.05 0.168179 
150.1 0.168301 
150.15 0.167916 
150.2 0.166962 
150.25 0.165359 
150.3 0.163006 
150.35 0.159764 
150.4 0.155442 
150.45 0.149795 
150.5 0.142611 
150.55 0.133894 
150.6 0.123952 
150.65 0.113311 
150.7 0.102548 
150.75 0.0921586 
150.8 0.0825046 
150.85 0.0738017 
150.9 0.0661437 
150.95 0.0595341 
151 0.0539178 
151.05 0.049207 
151.1 0.0452992 
151.15 0.0420903 
151.2 0.0394815 
151.25 0.0373831 
151.3 0.0357165 
151.35 0.0344137 
151.4 0.0334171 
151.45 0.0326784 
151.5 0.0321572 
151.55 0.03182 
151.6 0.0316391 
151.65 0.0315918 
151.7 0.0316592 
151.75 0.0318259 
151.8 0.0320792 
151.85 0.0324087 
151.9 0.0328059 
151.95 0.0332639 
152 0.033777 
152.05 0.0343405 
152.1 0.0349507 
152.15 0.0356046 
152.2 0.0362998 
152.25 0.0370345 
152.3 0.0378072 
152.35 0.0386169 
152.4 0.0394628 
152.45 0.0403446 
152.5 0.041262 
152.55 0.0422149 
152.6 0.0432036 
152.65 0.0442284 
152.7 0.0452898 
152.75 0.0463885 
152.8 0.0475251 
152.85 0.0487005 
152.9 0.0499158 
152.95 0.0511719 
153 0.0524702 
153.05 0.0538117 
153.1 0.0551979 
153.15 0.0566301 
153.2 0.05811 
153.25 0.0596391 
153.3 0.061219 
153.35 0.0628515 
153.4 0.0645383 
153.45 0.0662813 
153.5 0.0680825 
153.55 0.0699437 
153.6 0.071867 
153.65 0.0738543 
153.7 0.0759077 
153.75 0.0780293 
153.8 0.080221 
153.85 0.0824849 
153.9 0.0848229 
153.95 0.0872368 
154 0.0897284 
154.05 0.0922993 
154.1 0.094951 
154.15 0.0976845 
154.2 0.100501 
154.25 0.103401 
154.3 0.106384 
154.35 0.109451 
154.4 0.1126 
154.45 0.11583 
154.5 0.119139 
154.55 0.122524 
154.6 0.125981 
154.65 0.129505 
154.7 0.13309 
154.75 0.136729 
154.8 0.140413 
154.85 0.144131 
154.9 0.147873 
154.95 0.151625 
155 0.155372 
155.05 0.159097 
155.1 0.162783 
155.15 0.166408 
155.2 0.169951 
155.25 0.173391 
155.3 0.176701 
155.35 0.179858 
155.4 0.182835 
155.45 0.185607 
155.5 0.188147 
155.55 0.190432 
155.6 0.192437 
155.65 0.19414 
155.7 0.195521 
155.75 0.196563 
155.8 0.197253 
155.85 0.19758 
155.9 0.197537 
155.95 0.197122 
156 0.196337 
156.05 0.195188 
156.1 0.193683 
156.15 0.191836 
156.2 0.189663 
156.25 0.187184 
156.3 0.18442 
156.35 0.181395 
156.4 0.178132 
156.45 0.174657 
156.5 0.170996 
156.55 0.167174 
156.6 0.163214 
156.65 0.159141 
156.7 0.154977 
156.75 0.150742 
156.8 0.146455 
156.85 0.142133 
156.9 0.13779 
156.95 0.13344 
157 0.129094 
157.05 0.124761 
157.1 0.120449 
157.15 0.116165 
157.2 0.111914 
157.25 0.107699 
157.3 0.103525 
157.35 0.0993942 
157.4 0.0953111 
157.45 0.0912801 
157.5 0.0873069 
157.55 0.0833996 
157.6 0.0795683 
157.65 0.0758262 
157.7 0.0721888 
157.75 0.0686738 
157.8 0.0653003 
157.85 0.0620875 
157.9 0.0590533 
157.95 0.0562133 
158 0.0535798 
158.05 0.0511608 
158.1 0.0489603 
158.15 0.0469782 
158.2 0.0452107 
158.25 0.0436508 
158.3 0.0422896 
158.35 0.041116 
158.4 0.0401184 
158.45 0.0392844 
158.5 0.0386017 
158.55 0.0380584 
158.6 0.0376429 
158.65 0.0373445 
158.7 0.0371535 
158.75 0.0370607 
158.8 0.0370579 
158.85 0.037138 
158.9 0.0372943 
158.95 0.037521 
159 0.0378133 
159.05 0.0381665 
159.1 0.0385769 
159.15 0.0390412 
159.2 0.0395565 
159.25 0.0401205 
159.3 0.040731 
159.35 0.0413865 
159.4 0.0420856 
159.45 0.0428271 
159.5 0.0436102 
159.55 0.0444343 
159.6 0.0452989 
159.65 0.0462039 
159.7 0.0471492 
159.75 0.0481348 
159.8 0.049161 
159.85 0.0502281 
159.9 0.0513367 
159.95 0.0524873 
160 0.0536807 
160.05 0.0549175 
160.1 0.0561988 
160.15 0.0575254 
160.2 0.0588984 
160.25 0.060319 
160.3 0.0617883 
160.35 0.0633076 
160.4 0.0648781 
160.45 0.0665013 
160.5 0.0681785 
160.55 0.0699111 
160.6 0.0717005 
160.65 0.0735482 
160.7 0.0754556 
160.75 0.0774241 
160.8 0.0794551 
160.85 0.0815499 
160.9 0.0837098 
160.95 0.0859358 
161 0.0882289 
161.05 0.0905899 
161.1 0.0930195 
161.15 0.095518 
161.2 0.0980854 
161.25 0.100722 
161.3 0.103426 
161.35 0.106197 
161.4 0.109033 
161.45 0.111932 
161.5 0.114891 
161.55 0.117906 
161.6 0.120973 
161.65 0.124086 
161.7 0.127239 
161.75 0.130424 
161.8 0.133632 
161.85 0.136853 
161.9 0.140076 
161.95 0.143287 
162 0.146473 
162.05 0.149617 
162.1 0.152702 
162.15 0.155711 
162.2 0.158621 
162.25 0.161413 
162.3 0.164063 
162.35 0.166548 
162.4 0.168843 
162.45 0.170924 
162.5 0.172766 
162.55 0.174343 
162.6 0.175631 
162.65 0.176605 
162.7 0.177242 
162.75 0.17752 
162.8 0.177416 
162.85 0.17691 
162.9 0.175983 
162.95 0.174615 
163 0.172786 
163.05 0.170475 
163.1 0.167655 
163.15 0.164297 
163.2 0.160361 
163.25 0.155791 
163.3 0.150517 
163.35 0.144448 
163.4 0.137497 
163.45 0.129628 
163.5 0.12093 
163.55 0.111645 
163.6 0.102122 
163.65 0.0927334 
163.7 0.0837993 
163.75 0.0755539 
163.8 0.0681366 
163.85 0.0616041 
163.9 0.0559512 
163.95 0.0511306 
164 0.047071 
164.05 0.0436903 
164.1 0.0409044 
164.15 0.0386333 
164.2 0.0368036 
164.25 0.0353502 
164.3 0.0342166 
164.35 0.0333543 
164.4 0.0327224 
164.45 0.0322863 
164.5 0.0320171 
164.55 0.031891 
164.6 0.0318879 
164.65 0.0319914 
164.7 0.0321879 
164.75 0.032466 
164.8 0.0328165 
164.85 0.0332319 
164.9 0.0337057 
164.95 0.0342329 
165 0.0348093 
165.05 0.0354316 
165.1 0.0360969 
165.15 0.0368033 
165.2 0.0375489 
165.25 0.0383326 
165.3 0.0391534 
165.35 0.0400106 
165.4 0.040904 
165.45 0.0418333 
165.5 0.0427987 
165.55 0.0438003 
165.6 0.0448385 
165.65 0.045914 
165.7 0.0470273 
165.75 0.0481793 
165.8 0.0493708 
165.85 0.0506029 
165.9 0.0518767 
165.95 0.0531934 
166 0.0545542 
166.05 0.0559606 
166.1 0.057414 
166.15 0.058916 
166.2 0.0604681 
166.25 0.0620722 
166.3 0.0637299 
166.35 0.0654431 
166.4 0.0672136 
166.45 0.0690435 
166.5 0.0709346 
166.55 0.072889 
166.6 0.0749088 
166.65 0.076996 
166.7 0.0791527 
166.75 0.0813809 
166.8 0.0836826 
166.85 0.0860598 
166.9 0.0885143 
166.95 0.0910478 
167 0.093662 
167.05 0.0963581 
167.1 0.0991375 
167.15 0.102001 
167.2 0.104949 
167.25 0.107981 
167.3 0.111097 
167.35 0.114297 
167.4 0.117578 
167.45 0.120938 
167.5 0.124374 
167.55 0.127881 
167.6 0.131454 
167.65 0.135088 
167.7 0.138773 
167.75 0.142501 
167.8 0.146261 
167.85 0.150042 
167.9 0.153828 
167.95 0.157605 
168 0.161355 
168.05 0.165059 
168.1 0.168697 
168.15 0.172247 
168.2 0.175685 
168.25 0.178986 
168.3 0.182126 
168.35 0.185079 
168.4 0.187819 
168.45 0.19032 
168.5 0.192558 
168.55 0.194511 
168.6 0.196157 
168.65 0.197477 
168.7 0.198457 
168.75 0.199084 
168.8 0.199349 
168.85 0.199249 
168.9 0.198782 
168.95 0.197954 
169 0.196771 
169.05 0.195247 
169.1 0.193395 
169.15 0.191235 
169.2 0.188787 
169.25 0.186076 
169.3 0.183127 
169.35 0.179965 
169.4 0.176617 
169.45 0.173111 
169.5 0.169472 
169.55 0.165727 
169.6 0.1619 
169.65 0.158015 
169.7 0.154093 
169.75 0.150155 
169.8 0.146219 
169.85 0.142301 
169.9 0.138416 
169.95 0.134577 
170 0.130796 
170.05 0.127081 
170.1 0.123442 
170.15 0.119885 
170.2 0.116414 
170.25 0.113035 
170.3 0.109751 
170.35 0.106564 
170.4 0.103475 
170.45 0.100485 
170.5 0.0975947 
170.55 0.0948037 
170.6 0.0921111 
170.65 0.089516 
170.7 0.087017 
170.75 0.0846126 
170.8 0.0823012 
170.85 0.080081 
170.9 0.0779501 
170.95 0.0759068 
171 0.0739492 
171.05 0.0720754 
171.1 0.0702836 
171.15 0.0685722 
171.2 0.0669395 
171.25 0.0653838 
171.3 0.0639036 
171.35 0.0624975 
171.4 0.0611639 
171.45 0.0599015 
171.5 0.058709 
171.55 0.057585 
171.6 0.0565282 
171.65 0.0555373 
171.7 0.054611 
171.75 0.053748 
171.8 0.0529471 
171.85 0.0522067 
171.9 0.0515256 
171.95 0.0509023 
172 0.0503355 
172.05 0.0498236 
172.1 0.0493653 
172.15 0.0489591 
172.2 0.0486034 
172.25 0.0482968 
172.3 0.0480377 
172.35 0.0478248 
172.4 0.0476565 
172.45 0.0475314 
172.5 0.0474481 
172.55 0.0474051 
172.6 0.0474011 
172.65 0.0474347 
172.7 0.0475047 
172.75 0.0476097 
172.8 0.0477485 
172.85 0.04792 
172.9 0.0481229 
172.95 0.048356 
173 0.0486184 
173.05 0.0489088 
173.1 0.0492262 
173.15 0.0495695 
173.2 0.0499376 
173.25 0.0503294 
173.3 0.050744 
173.35 0.0511801 
173.4 0.0516366 
173.45 0.0521124 
173.5 0.0526063 
173.55 0.0531168 
173.6 0.0536427 
173.65 0.0541824 
173.7 0.0547344 
173.75 0.0552968 
173.8 0.0558677 
173.85 0.0564451 
173.9 0.0570264 
173.95 0.0576089 
174 0.0581897 
174.05 0.0587652 
174.1 0.0593314 
174.15 0.0598838 
174.2 0.060417 
174.25 0.0609247 
174.3 0.0613995 
174.35 0.0618326 
174.4 0.0622132 
174.45 0.0625282 
174.5 0.0627611 
174.55 0.062891 
174.6 0.0628907 
174.65 0.0627242 
174.7 0.0623427 
174.75 0.061681 
174.8 0.0606576 
174.85 0.0591917 
174.9 0.0572433 
174.95 0.0548507 
175 0.0521276 
175.05 0.0492282 
175.1 0.0463072 
175.15 0.0434941 
175.2 0.0408826 
175.25 0.0385307 
175.3 0.036466 
175.35 0.0346939 
175.4 0.0332042 
175.45 0.0319779 
175.5 0.0309913 
175.55 0.0302189 
175.6 0.029636 
175.65 0.0292194 
175.7 0.028948 
175.75 0.0288034 
175.8 0.0287694 
175.85 0.0288321 
175.9 0.0289798 
175.95 0.0292024 
176 0.0294915 
176.05 0.0298401 
176.1 0.0302424 
176.15 0.0306934 
176.2 0.0311892 
176.25 0.0317265 
176.3 0.0323025 
176.35 0.032915 
176.4 0.0335625 
176.45 0.0342434 
176.5 0.0349567 
176.55 0.0357018 
176.6 0.0364779 
176.65 0.037285 
176.7 0.0381227 
176.75 0.0389911 
176.8 0.0398903 
176.85 0.0408207 
176.9 0.0417827 
176.95 0.0427767 
177 0.0438034 
177.05 0.0448634 
177.1 0.0459575 
177.15 0.0470866 
177.2 0.0482515 
177.25 0.0494532 
177.3 0.0506928 
177.35 0.0519713 
177.4 0.05329 
177.45 0.0546501 
177.5 0.0560527 
177.55 0.0574992 
177.6 0.058991 
177.65 0.0605293 
177.7 0.0621157 
177.75 0.0637515 
177.8 0.0654382 
177.85 0.0671773 
177.9 0.0689701 
177.95 0.0708181 
178 0.0727226 
178.05 0.074685 
178.1 0.0767066 
178.15 0.0787885 
178.2 0.0809317 
178.25 0.0831372 
178.3 0.0854056 
178.35 0.0877375 
178.4 0.090133 
178.45 0.092592 
178.5 0.095114 
178.55 0.0976982 
178.6 0.100343 
178.65 0.103047 
178.7 0.105806 
178.75 0.108618 
178.8 0.111479 
178.85 0.114382 
178.9 0.117322 
178.95 0.120292 
179 0.123282 
179.05 0.126281 
179.1 0.129279 
179.15 0.132261 
179.2 0.135213 
179.25 0.138115 
179.3 0.14095 
179.35 0.143694 
179.4 0.146323 
179.45 0.14881 
179.5 0.151124 
179.55 0.153233 
179.6 0.1551 
179.65 0.156682 
179.7 0.157935 
179.75 0.158805 
179.8 0.15923 
179.85 0.159137 
179.9 0.158432 
179.95 0.156991 
180 0.154641 
180.05 0.151133 
180.1 0.146141 
180.15 0.139398 
180.2 0.130936 
180.25 0.121145 
180.3 0.110627 
180.35 0.100003 
180.4 0.0897834 
180.45 0.0803268 
180.5 0.0718383 
180.55 0.0643994 
180.6 0.0580035 
180.65 0.0525881 
180.7 0.0480608 
180.75 0.0443175 
180.8 0.0412535 
180.85 0.0387711 
180.9 0.0367821 
180.95 0.0352096 
181 0.0339875 
181.05 0.0330602 
181.1 0.0323807 
181.15 0.0319103 
181.2 0.0316168 
181.25 0.0314735 
181.3 0.0314586 
181.35 0.0315542 
181.4 0.0317455 
181.45 0.0320204 
181.5 0.0323689 
181.55 0.032783 
181.6 0.033256 
181.65 0.0337825 
181.7 0.0343582 
181.75 0.0349794 
181.8 0.0356435 
181.85 0.0363481 
181.9 0.0370915 
181.95 0.0378723 
182 0.0386897 
182.05 0.039543 
182.1 0.0404317 
182.15 0.0413558 
182.2 0.0423152 
182.25 0.0433101 
182.3 0.044341 
182.35 0.0454084 
182.4 0.0465129 
182.45 0.0476553 
182.5 0.0488365 
182.55 0.0500575 
182.6 0.0513193 
182.65 0.0526231 
182.7 0.0539702 
182.75 0.055362 
182.8 0.0567998 
182.85 0.0582852 
182.9 0.0598198 
182.95 0.0614052 
183 0.0630431 
183.05 0.0647353 
183.1 0.0664836 
183.15 0.06829 
183.2 0.0701563 
183.25 0.0720845 
183.3 0.0740765 
183.35 0.0761344 
183.4 0.0782602 
183.45 0.0804558 
183.5 0.0827231 
183.55 0.0850639 
183.6 0.0874802 
183.65 0.0899735 
183.7 0.0925452 
183.75 0.0951968 
183.8 0.0979291 
183.85 0.100743 
183.9 0.103639 
183.95 0.106617 
184 0.109676 
184.05 0.112816 
184.1 0.116035 
184.15 0.11933 
184.2 0.122697 
184.25 0.126134 
184.3 0.129634 
184.35 0.13319 
184.4 0.136796 
184.45 0.140442 
184.5 0.144118 
184.55 0.147811 
184.6 0.151507 
184.65 0.155192 
184.7 0.158848 
184.75 0.162456 
184.8 0.165996 
184.85 0.169445 
184.9 0.172781 
184.95 0.17598 
185 0.179015 
185.05 0.18186 
185.1 0.184491 
185.15 0.186881 
185.2 0.189005 
185.25 0.190839 
185.3 0.192363 
185.35 0.193555 
185.4 0.194399 
185.45 0.194882 
185.5 0.194993 
185.55 0.194725 
185.6 0.194077 
185.65 0.193049 
185.7 0.191647 
185.75 0.189878 
185.8 0.187756 
185.85 0.185295 
185.9 0.182512 
185.95 0.179427 
186 0.176059 
186.05 0.172432 
186.1 0.168565 
186.15 0.164481 
186.2 0.160198 
186.25 0.155736 
186.3 0.151113 
186.35 0.146341 
186.4 0.141435 
186.45 0.136403 
186.5 0.131253 
186.55 0.125989 
186.6 0.120616 
186.65 0.115135 
186.7 0.109553 
186.75 0.103881 
186.8 0.0981395 
186.85 0.0923655 
186.9 0.086611 
186.95 0.080944 
187 0.0754416 
187.05 0.0701822 
187.1 0.0652359 
187.15 0.0606585 
187.2 0.056487 
187.25 0.0527401 
187.3 0.0494196 
187.35 0.0465136 
187.4 0.0440006 
187.45 0.0418528 
187.5 0.040039 
187.55 0.0385269 
187.6 0.0372847 
187.65 0.0362827 
187.7 0.035493 
187.75 0.0348908 
187.8 0.0344538 
187.85 0.0341625 
187.9 0.0339997 
187.95 0.0339508 
188 0.034003 
188.05 0.0341455 
188.1 0.0343689 
188.15 0.0346655 
188.2 0.0350285 
188.25 0.0354524 
188.3 0.0359324 
188.35 0.0364645 
188.4 0.0370457 
188.45 0.037673 
188.5 0.0383445 
188.55 0.0390583 
188.6 0.039813 
188.65 0.0406076 
188.7 0.0414414 
188.75 0.0423139 
188.8 0.0432247 
188.85 0.0441738 
188.9 0.0451614 
188.95 0.0461876 
189 0.0472529 
189.05 0.0483578 
189.1 0.0495031 
189.15 0.0506896 
189.2 0.0519181 
189.25 0.0531896 
189.3 0.0545053 
189.35 0.0558664 
189.4 0.0572742 
189.45 0.05873 
189.5 0.0602353 
189.55 0.0617917 
189.6 0.0634006 
189.65 0.0650639 
189.7 0.0667832 
189.75 0.0685603 
189.8 0.070397 
189.85 0.0722952 
189.9 0.0742568 
189.95 0.0762836 
190 0.0783775 
190.05 0.0805405 
190.1 0.0827744 
190.15 0.0850809 
190.2 0.0874617 
190.25 0.0899185 
190.3 0.0924526 
190.35 0.0950653 
190.4 0.0977576 
190.45 0.10053 
190.5 0.103384 
190.55 0.106318 
190.6 0.109332 
190.65 0.112426 
190.7 0.115597 
190.75 0.118844 
190.8 0.122163 
190.85 0.12555 
190.9 0.129 
190.95 0.132508 
191 0.136065 
191.05 0.139663 
191.1 0.143292 
191.15 0.146941 
191.2 0.150596 
191.25 0.154243 
191.3 0.157866 
191.35 0.161446 
191.4 0.164964 
191.45 0.1684 
191.5 0.171731 
191.55 0.174933 
191.6 0.177983 
191.65 0.180856 
191.7 0.183527 
191.75 0.18597 
191.8 0.188163 
191.85 0.190082 
191.9 0.191705 
191.95 0.193015 
192 0.193993 
192.05 0.194626 
192.1 0.194905 
192.15 0.194822 
192.2 0.194375 
192.25 0.193564 
192.3 0.192394 
192.35 0.190873 
192.4 0.189013 
192.45 0.18683 
192.5 0.184339 
192.55 0.181561 
192.6 0.178517 
192.65 0.17523 
192.7 0.171721 
192.75 0.168015 
192.8 0.164133 
192.85 0.160099 
192.9 0.155932 
192.95 0.151652 
193 0.147278 
193.05 0.142824 
193.1 0.138305 
193.15 0.133732 
193.2 0.129117 
193.25 0.124465 
193.3 0.119785 
193.35 0.115081 
193.4 0.110356 
193.45 0.105616 
193.5 0.100866 
193.55 0.0961139 
193.6 0.0913716 
193.65 0.086657 
193.7 0.0819952 
193.75 0.0774179 
193.8 0.072963 
193.85 0.0686718 
193.9 0.0645853 
193.95 0.0607408 
194 0.0571687 
194.05 0.0538906 
194.1 0.0509188 
194.15 0.0482561 
194.2 0.0458977 
194.25 0.0438324 
194.3 0.0420446 
194.35 0.0405155 
194.4 0.0392249 
194.45 0.0381523 
194.5 0.0372773 
194.55 0.0365807 
194.6 0.0360445 
194.65 0.0356525 
194.7 0.0353896 
194.75 0.0352428 
194.8 0.0352003 
194.85 0.0352519 
194.9 0.0353886 
194.95 0.0356027 
195 0.0358875 
195.05 0.0362373 
195.1 0.0366471 
195.15 0.0371127 
195.2 0.0376307 
195.25 0.038198 
195.3 0.0388122 
195.35 0.0394712 
195.4 0.0401735 
195.45 0.0409177 
195.5 0.0417028 
195.55 0.0425281 
195.6 0.043393 
195.65 0.0442974 
195.7 0.045241 
195.75 0.046224 
195.8 0.0472465 
195.85 0.0483091 
195.9 0.0494121 
195.95 0.0505563 
196 0.0517423 
196.05 0.0529711 
196.1 0.0542435 
196.15 0.0555607 
196.2 0.0569237 
196.25 0.0583339 
196.3 0.0597924 
196.35 0.0613007 
196.4 0.0628603 
196.45 0.0644725 
196.5 0.0661391 
196.55 0.0678616 
196.6 0.0696416 
196.65 0.0714809 
196.7 0.0733811 
196.75 0.0753441 
196.8 0.0773714 
196.85 0.0794648 
196.9 0.081626 
196.95 0.0838565 
197 0.0861579 
197.05 0.0885315 
197.1 0.0909786 
197.15 0.0935003 
197.2 0.0960974 
197.25 0.0987706 
197.3 0.10152 
197.35 0.104345 
197.4 0.107247 
197.45 0.110222 
197.5 0.113271 
197.55 0.116389 
197.6 0.119576 
197.65 0.122826 
197.7 0.126134 
197.75 0.129495 
197.8 0.132902 
197.85 0.136346 
197.9 0.139818 
197.95 0.143306 
198 0.146799 
198.05 0.150282 
198.1 0.15374 
198.15 0.157156 
198.2 0.160511 
198.25 0.163785 
198.3 0.166956 
198.35 0.170003 
198.4 0.172901 
198.45 0.175628 
198.5 0.178157 
198.55 0.180465 
198.6 0.182527 
198.65 0.18432 
198.7 0.185822 
198.75 0.187013 
198.8 0.187874 
198.85 0.188389 
198.9 0.188545 
198.95 0.188332 
199 0.187743 
199.05 0.186773 
199.1 0.185422 
199.15 0.183692 
199.2 0.181589 
199.25 0.179118 
199.3 0.176288 
199.35 0.17311 
199.4 0.169593 
199.45 0.165747 
199.5 0.161582 
199.55 0.157102 
199.6 0.15231 
199.65 0.147207 
199.7 0.141785 
199.75 0.136034 
199.8 0.129939 
199.85 0.123491 
199.9 0.116692 
199.95 0.109577 
200 0.102227 
