0 0 
0.05 0.00338733 
0.1 0.00560841 
0.15 0.00751194 
0.2 0.00930307 
0.25 0.0110533 
0.3 0.0127944 
0.35 0.014543 
0.4 0.0163096 
0.45 0.0181018 
0.5 0.0199254 
0.55 0.0217856 
0.6 0.023687 
0.65 0.0256341 
0.7 0.0276311 
0.75 0.0296823 
0.8 0.0317918 
0.85 0.0339638 
0.9 0.0362022 
0.95 0.0385111 
1 0.0408941 
1.05 0.0433547 
1.1 0.0458958 
1.15 0.0485196 
1.2 0.0512272 
1.25 0.0540182 
1.3 0.0568898 
1.35 0.0598357 
1.4 0.062844 
1.45 0.0658941 
1.5 0.0689499 
1.55 0.0719455 
1.6 0.0747458 
1.65 0.0770112 
1.7 0.0779864 
1.75 0.0772367 
1.8 0.0748213 
1.85 0.071151 
1.9 0.0667058 
1.95 0.0619263 
2 0.0571612 
2.05 0.0526538 
2.1 0.0485517 
2.15 0.044927 
2.2 0.041798 
2.25 0.0391491 
2.3 0.0369448 
2.35 0.0351403 
2.4 0.0336884 
2.45 0.0325431 
2.5 0.0316625 
2.55 0.0310088 
2.6 0.0305496 
2.65 0.0302568 
2.7 0.0301066 
2.75 0.0300791 
2.8 0.0301576 
2.85 0.0303283 
2.9 0.0305796 
2.95 0.030902 
3 0.0312877 
3.05 0.0317301 
3.1 0.032224 
3.15 0.0327651 
3.2 0.0333499 
3.25 0.0339754 
3.3 0.0346394 
3.35 0.0353402 
3.4 0.0360764 
3.45 0.0368468 
3.5 0.0376508 
3.55 0.038488 
3.6 0.0393579 
3.65 0.0402606 
3.7 0.0411961 
3.75 0.0421647 
3.8 0.0431667 
3.85 0.0442027 
3.9 0.0452732 
3.95 0.046379 
4 0.0475208 
4.05 0.0486995 
4.1 0.0499161 
4.15 0.0511715 
4.2 0.0524669 
4.25 0.0538035 
4.3 0.0551823 
4.35 0.0566048 
4.4 0.0580722 
4.45 0.0595858 
4.5 0.0611472 
4.55 0.0627576 
4.6 0.0644186 
4.65 0.0661316 
4.7 0.0678981 
4.75 0.0697195 
4.8 0.0715973 
4.85 0.073533 
4.9 0.0755277 
4.95 0.077583 
5 0.0796998 
5.05 0.0818793 
5.1 0.0841224 
5.15 0.0864297 
5.2 0.0888018 
5.25 0.0912387 
5.3 0.0937405 
5.35 0.0963065 
5.4 0.0989357 
5.45 0.101627 
5.5 0.104377 
5.55 0.107185 
5.6 0.110045 
5.65 0.112954 
5.7 0.115907 
5.75 0.118896 
5.8 0.121914 
5.85 0.124952 
5.9 0.127999 
5.95 0.131043 
6 0.13407 
6.05 0.137063 
6.1 0.140005 
6.15 0.142876 
6.2 0.145654 
6.25 0.148313 
6.3 0.150826 
6.35 0.153163 
6.4 0.155291 
6.45 0.157173 
6.5 0.158769 
6.55 0.160034 
6.6 0.160918 
6.65 0.161361 
6.7 0.161296 
6.75 0.160636 
6.8 0.159273 
6.85 0.157053 
6.9 0.153762 
6.95 0.149105 
7 0.142784 
7.05 0.134719 
7.1 0.125191 
7.15 0.114747 
7.2 0.104015 
7.25 0.093546 
7.3 0.083748 
7.35 0.0748727 
7.4 0.0670379 
7.45 0.0602616 
7.5 0.0544961 
7.55 0.049656 
7.6 0.045639 
7.65 0.0423392 
7.7 0.0396556 
7.75 0.0374962 
7.8 0.0357799 
7.85 0.0344369 
7.9 0.0334077 
7.95 0.0326425 
8 0.0320996 
8.05 0.0317447 
8.1 0.0315491 
8.15 0.0314895 
8.2 0.0315466 
8.25 0.0317045 
8.3 0.0319502 
8.35 0.032273 
8.4 0.0326642 
8.45 0.0331166 
8.5 0.0336245 
8.55 0.0341831 
8.6 0.0347886 
8.65 0.035438 
8.7 0.0361286 
8.75 0.0368588 
8.8 0.0376269 
8.85 0.038432 
8.9 0.0392732 
8.95 0.0401501 
9 0.0410624 
9.05 0.0420101 
9.1 0.0429934 
9.15 0.0440125 
9.2 0.045068 
9.25 0.0461605 
9.3 0.0472907 
9.35 0.0484595 
9.4 0.0496678 
9.45 0.0509166 
9.5 0.0522072 
9.55 0.0535407 
9.6 0.0549186 
9.65 0.0563421 
9.7 0.0578128 
9.75 0.0593323 
9.8 0.0609022 
9.85 0.0625241 
9.9 0.0642 
9.95 0.0659315 
10 0.0677207 
10.05 0.0695693 
10.1 0.0714794 
10.15 0.073453 
10.2 0.0754921 
10.25 0.0775986 
10.3 0.0797747 
10.35 0.0820222 
10.4 0.0843431 
10.45 0.0867392 
10.5 0.0892123 
10.55 0.0917639 
10.6 0.0943955 
10.65 0.0971083 
10.7 0.0999031 
10.75 0.102781 
10.8 0.105741 
10.85 0.108784 
10.9 0.111909 
10.95 0.115114 
11 0.118397 
11.05 0.121756 
11.1 0.125186 
11.15 0.128684 
11.2 0.132242 
11.25 0.135853 
11.3 0.13951 
11.35 0.143202 
11.4 0.146917 
11.45 0.150643 
11.5 0.154365 
11.55 0.158066 
11.6 0.161729 
11.65 0.165333 
11.7 0.168857 
11.75 0.172279 
11.8 0.175574 
11.85 0.178717 
11.9 0.181683 
11.95 0.184446 
12 0.18698 
12.05 0.18926 
12.1 0.191262 
12.15 0.192963 
12.2 0.194344 
12.25 0.195386 
12.3 0.196075 
12.35 0.196401 
12.4 0.196355 
12.45 0.195934 
12.5 0.195139 
12.55 0.193974 
12.6 0.192448 
12.65 0.190573 
12.7 0.188364 
12.75 0.185839 
12.8 0.183018 
12.85 0.179923 
12.9 0.176578 
12.95 0.173006 
13 0.169232 
13.05 0.165279 
13.1 0.161171 
13.15 0.156928 
13.2 0.152572 
13.25 0.148121 
13.3 0.143591 
13.35 0.138998 
13.4 0.134353 
13.45 0.129668 
13.5 0.12495 
13.55 0.120207 
13.6 0.115445 
13.65 0.110667 
13.7 0.105879 
13.75 0.101086 
13.8 0.0962981 
13.85 0.0915265 
13.9 0.0867895 
13.95 0.082112 
14 0.0775255 
14.05 0.073067 
14.1 0.0687766 
14.15 0.0646943 
14.2 0.060856 
14.25 0.057291 
14.3 0.05402 
14.35 0.0510545 
14.4 0.0483971 
14.45 0.0460427 
14.5 0.0439802 
14.55 0.0421938 
14.6 0.0406651 
14.65 0.039374 
14.7 0.0383001 
14.75 0.0374234 
14.8 0.0367247 
14.85 0.0361861 
14.9 0.0357916 
14.95 0.0355262 
15 0.0353769 
15.05 0.035332 
15.1 0.0353814 
15.15 0.0355161 
15.2 0.0357284 
15.25 0.0360116 
15.3 0.0363599 
15.35 0.0367685 
15.4 0.0372331 
15.45 0.0377503 
15.5 0.038317 
15.55 0.0389309 
15.6 0.0395898 
15.65 0.0402922 
15.7 0.0410366 
15.75 0.0418222 
15.8 0.0426481 
15.85 0.0435139 
15.9 0.0444193 
15.95 0.0453641 
16 0.0463485 
16.05 0.0473727 
16.1 0.048437 
16.15 0.049542 
16.2 0.0506884 
16.25 0.0518768 
16.3 0.0531081 
16.35 0.0543833 
16.4 0.0557034 
16.45 0.0570696 
16.5 0.0584832 
16.55 0.0599453 
16.6 0.0614575 
16.65 0.0630211 
16.7 0.0646378 
16.75 0.066309 
16.8 0.0680363 
16.85 0.0698216 
16.9 0.0716663 
16.95 0.0735724 
17 0.0755414 
17.05 0.0775753 
17.1 0.0796755 
17.15 0.0818439 
17.2 0.084082 
17.25 0.0863914 
17.3 0.0887735 
17.35 0.0912296 
17.4 0.0937607 
17.45 0.0963677 
17.5 0.0990513 
17.55 0.101812 
17.6 0.104649 
17.65 0.107562 
17.7 0.11055 
17.75 0.113612 
17.8 0.116745 
17.85 0.119946 
17.9 0.123211 
17.95 0.126536 
18 0.129914 
18.05 0.133338 
18.1 0.1368 
18.15 0.140292 
18.2 0.1438 
18.25 0.147314 
18.3 0.150819 
18.35 0.1543 
18.4 0.157739 
18.45 0.161119 
18.5 0.164419 
18.55 0.167617 
18.6 0.170692 
18.65 0.173621 
18.7 0.176378 
18.75 0.17894 
18.8 0.181283 
18.85 0.183382 
18.9 0.185215 
18.95 0.18676 
19 0.187996 
19.05 0.188907 
19.1 0.189477 
19.15 0.189693 
19.2 0.189546 
19.25 0.189029 
19.3 0.188141 
19.35 0.186882 
19.4 0.185254 
19.45 0.183266 
19.5 0.180926 
19.55 0.178246 
19.6 0.175237 
19.65 0.171915 
19.7 0.168292 
19.75 0.164384 
19.8 0.160203 
19.85 0.15576 
19.9 0.151064 
19.95 0.14612 
20 0.140931 
20.05 0.135494 
20.1 0.129806 
20.15 0.12386 
20.2 0.117654 
20.25 0.111199 
20.3 0.104529 
20.35 0.0977133 
20.4 0.0908552 
20.45 0.0840855 
20.5 0.0775426 
20.55 0.0713531 
20.6 0.0656172 
20.65 0.0604014 
20.7 0.0557391 
20.75 0.0516347 
20.8 0.0480706 
20.85 0.0450141 
20.9 0.0424236 
20.95 0.0402534 
21 0.0384573 
21.05 0.036991 
21.1 0.0358133 
21.15 0.0348872 
21.2 0.0341797 
21.25 0.033662 
21.3 0.0333094 
21.35 0.0331004 
21.4 0.0330168 
21.45 0.0330433 
21.5 0.0331667 
21.55 0.0333762 
21.6 0.0336624 
21.65 0.0340177 
21.7 0.0344356 
21.75 0.0349108 
21.8 0.0354388 
21.85 0.036016 
21.9 0.0366394 
21.95 0.0373066 
22 0.0380156 
22.05 0.0387649 
22.1 0.0395534 
22.15 0.0403803 
22.2 0.0412449 
22.25 0.042147 
22.3 0.0430864 
22.35 0.0440633 
22.4 0.0450778 
22.45 0.0461305 
22.5 0.0472217 
22.55 0.0483523 
22.6 0.049523 
22.65 0.0507347 
22.7 0.0519885 
22.75 0.0532854 
22.8 0.0546267 
22.85 0.0560136 
22.9 0.0574476 
22.95 0.0589301 
23 0.0604627 
23.05 0.062047 
23.1 0.0636847 
23.15 0.0653776 
23.2 0.0671274 
23.25 0.0689361 
23.3 0.0708056 
23.35 0.0727378 
23.4 0.0747347 
23.45 0.0767983 
23.5 0.0789307 
23.55 0.0811338 
23.6 0.0834095 
23.65 0.0857598 
23.7 0.0881864 
23.75 0.0906911 
23.8 0.0932753 
23.85 0.0959405 
23.9 0.0986878 
23.95 0.101518 
24 0.104431 
24.05 0.107428 
24.1 0.110508 
24.15 0.11367 
24.2 0.116913 
24.25 0.120233 
24.3 0.123629 
24.35 0.127096 
24.4 0.130628 
24.45 0.13422 
24.5 0.137864 
24.55 0.141551 
24.6 0.145272 
24.65 0.149013 
24.7 0.152762 
24.75 0.156503 
24.8 0.16022 
24.85 0.163895 
24.9 0.167507 
24.95 0.171035 
25 0.174456 
25.05 0.177746 
25.1 0.180881 
25.15 0.183835 
25.2 0.186583 
25.25 0.1891 
25.3 0.191362 
25.35 0.193346 
25.4 0.195031 
25.45 0.196398 
25.5 0.197432 
25.55 0.198119 
25.6 0.198452 
25.65 0.198425 
25.7 0.198036 
25.75 0.197289 
25.8 0.196191 
25.85 0.194752 
25.9 0.192987 
25.95 0.190913 
26 0.188551 
26.05 0.185922 
26.1 0.183053 
26.15 0.179966 
26.2 0.17669 
26.25 0.17325 
26.3 0.169673 
26.35 0.165983 
26.4 0.162206 
26.45 0.158365 
26.5 0.154482 
26.55 0.150576 
26.6 0.146666 
26.65 0.14277 
26.7 0.138902 
26.75 0.135074 
26.8 0.1313 
26.85 0.127588 
26.9 0.123947 
26.95 0.120385 
27 0.116906 
27.05 0.113515 
27.1 0.110216 
27.15 0.107011 
27.2 0.103902 
27.25 0.10089 
27.3 0.0979754 
27.35 0.0951583 
27.4 0.0924381 
27.45 0.0898138 
27.5 0.0872843 
27.55 0.0848483 
27.6 0.0825043 
27.65 0.0802507 
27.7 0.0780859 
27.75 0.076008 
27.8 0.0740156 
27.85 0.0721068 
27.9 0.0702801 
27.95 0.068534 
28 0.0668669 
28.05 0.0652775 
28.1 0.0637643 
28.15 0.0623262 
28.2 0.0609617 
28.25 0.0596698 
28.3 0.0584492 
28.35 0.0572988 
28.4 0.0562174 
28.45 0.0552038 
28.5 0.0542569 
28.55 0.0533755 
28.6 0.0525582 
28.65 0.0518039 
28.7 0.0511111 
28.75 0.0504785 
28.8 0.0499047 
28.85 0.0493882 
28.9 0.0489275 
28.95 0.0485212 
29 0.0481676 
29.05 0.0478653 
29.1 0.0476128 
29.15 0.0474084 
29.2 0.0472506 
29.25 0.047138 
29.3 0.0470691 
29.35 0.0470423 
29.4 0.0470564 
29.45 0.0471099 
29.5 0.0472016 
29.55 0.04733 
29.6 0.0474939 
29.65 0.0476923 
29.7 0.0479238 
29.75 0.0481873 
29.8 0.0484819 
29.85 0.0488064 
29.9 0.0491597 
29.95 0.049541 
30 0.0499491 
30.05 0.0503831 
30.1 0.0508421 
30.15 0.0513251 
30.2 0.051831 
30.25 0.0523589 
30.3 0.0529076 
30.35 0.0534762 
30.4 0.0540634 
30.45 0.0546681 
30.5 0.0552888 
30.55 0.0559241 
30.6 0.0565724 
30.65 0.0572321 
30.7 0.0579011 
30.75 0.0585773 
30.8 0.0592582 
30.85 0.0599412 
30.9 0.0606229 
30.95 0.0612999 
31 0.0619679 
31.05 0.0626222 
31.1 0.0632571 
31.15 0.063866 
31.2 0.0644411 
31.25 0.0649728 
31.3 0.0654497 
31.35 0.0658577 
31.4 0.0661788 
31.45 0.0663903 
31.5 0.066462 
31.55 0.0663533 
31.6 0.066008 
31.65 0.0653478 
31.7 0.0642709 
31.75 0.0626723 
31.8 0.060501 
31.85 0.0578077 
31.9 0.0547358 
31.95 0.0514721 
32 0.0481977 
32.05 0.0450599 
32.1 0.0421617 
32.15 0.0395638 
32.2 0.0372929 
32.25 0.0353506 
32.3 0.0337224 
32.35 0.0323843 
32.4 0.031308 
32.45 0.0304642 
32.5 0.0298246 
32.55 0.0293631 
32.6 0.0290563 
32.65 0.0288839 
32.7 0.028828 
32.75 0.0288736 
32.8 0.029008 
32.85 0.0292203 
32.9 0.0295016 
32.95 0.0298443 
33 0.0302421 
33.05 0.0306899 
33.1 0.0311835 
33.15 0.0317192 
33.2 0.0322944 
33.25 0.0329067 
33.3 0.0335542 
33.35 0.0342356 
33.4 0.0349496 
33.45 0.0356956 
33.5 0.036473 
33.55 0.0372813 
33.6 0.0381205 
33.65 0.0389905 
33.7 0.0398915 
33.75 0.0408238 
33.8 0.0417878 
33.85 0.0427839 
33.9 0.0438128 
33.95 0.0448752 
34 0.0459718 
34.05 0.0471034 
34.1 0.0482711 
34.15 0.0494757 
34.2 0.0507184 
34.25 0.0520003 
34.3 0.0533224 
34.35 0.0546862 
34.4 0.0560928 
34.45 0.0575435 
34.5 0.0590398 
34.55 0.060583 
34.6 0.0621745 
34.65 0.0638159 
34.7 0.0655086 
34.75 0.0672541 
34.8 0.0690539 
34.85 0.0709094 
34.9 0.072822 
34.95 0.0747932 
35 0.0768244 
35.05 0.0789166 
35.1 0.081071 
35.15 0.0832887 
35.2 0.0855704 
35.25 0.0879167 
35.3 0.0903279 
35.35 0.0928041 
35.4 0.0953448 
35.45 0.0979494 
35.5 0.100617 
35.55 0.103345 
35.6 0.106131 
35.65 0.108972 
35.7 0.111865 
35.75 0.114803 
35.8 0.117782 
35.85 0.120793 
35.9 0.123829 
35.95 0.12688 
36 0.129933 
36.05 0.132977 
36.1 0.135996 
36.15 0.138973 
36.2 0.14189 
36.25 0.144725 
36.3 0.147456 
36.35 0.150056 
36.4 0.152496 
36.45 0.154747 
36.5 0.156774 
36.55 0.158539 
36.6 0.160002 
36.65 0.161116 
36.7 0.161831 
36.75 0.162086 
36.8 0.161811 
36.85 0.160918 
36.9 0.159291 
36.95 0.156771 
37 0.153132 
37.05 0.148076 
37.1 0.141337 
37.15 0.132908 
37.2 0.12313 
37.25 0.112577 
37.3 0.101863 
37.35 0.0915098 
37.4 0.08189 
37.45 0.073225 
37.5 0.0656092 
37.55 0.0590448 
37.6 0.0534749 
37.65 0.0488094 
37.7 0.0449449 
37.75 0.0417762 
37.8 0.039204 
37.85 0.0371386 
37.9 0.0355013 
37.95 0.0342245 
38 0.0332508 
38.05 0.0325322 
38.1 0.0320285 
38.15 0.0317067 
38.2 0.0315392 
38.25 0.0315037 
38.3 0.0315814 
38.35 0.0317572 
38.4 0.0320185 
38.45 0.0323552 
38.5 0.0327587 
38.55 0.0332223 
38.6 0.0337403 
38.65 0.0343083 
38.7 0.0349225 
38.75 0.0355801 
38.8 0.0362786 
38.85 0.0370163 
38.9 0.0377917 
38.95 0.0386039 
39 0.0394522 
39.05 0.0403361 
39.1 0.0412554 
39.15 0.0422102 
39.2 0.0432006 
39.25 0.044227 
39.3 0.0452899 
39.35 0.0463899 
39.4 0.0475278 
39.45 0.0487045 
39.5 0.0499209 
39.55 0.0511781 
39.6 0.0524773 
39.65 0.0538198 
39.7 0.0552068 
39.75 0.0566399 
39.8 0.0581204 
39.85 0.0596501 
39.9 0.0612306 
39.95 0.0628635 
40 0.0645507 
40.05 0.066294 
40.1 0.0680953 
40.15 0.0699565 
40.2 0.0718797 
40.25 0.0738667 
40.3 0.0759197 
40.35 0.0780407 
40.4 0.0802316 
40.45 0.0824944 
40.5 0.0848311 
40.55 0.0872434 
40.6 0.089733 
40.65 0.0923017 
40.7 0.0949506 
40.75 0.097681 
40.8 0.100494 
40.85 0.103389 
40.9 0.106368 
40.95 0.109429 
41 0.112572 
41.05 0.115795 
41.1 0.119096 
41.15 0.122472 
41.2 0.125919 
41.25 0.129432 
41.3 0.133004 
41.35 0.136629 
41.4 0.140298 
41.45 0.143999 
41.5 0.147722 
41.55 0.151453 
41.6 0.155177 
41.65 0.158878 
41.7 0.162536 
41.75 0.166132 
41.8 0.169644 
41.85 0.173049 
41.9 0.176323 
41.95 0.179441 
42 0.182377 
42.05 0.185105 
42.1 0.187599 
42.15 0.189835 
42.2 0.191788 
42.25 0.193438 
42.3 0.194763 
42.35 0.195747 
42.4 0.196377 
42.45 0.196641 
42.5 0.196534 
42.55 0.196052 
42.6 0.195197 
42.65 0.193976 
42.7 0.192396 
42.75 0.19047 
42.8 0.188216 
42.85 0.185651 
42.9 0.182796 
42.95 0.179673 
43 0.176308 
43.05 0.172722 
43.1 0.168942 
43.15 0.164992 
43.2 0.160893 
43.25 0.156668 
43.3 0.152339 
43.35 0.147922 
43.4 0.143436 
43.45 0.138895 
43.5 0.134312 
43.55 0.129698 
43.6 0.125062 
43.65 0.12041 
43.7 0.11575 
43.75 0.111085 
43.8 0.10642 
43.85 0.101761 
43.9 0.0971133 
43.95 0.0924875 
44 0.087897 
44.05 0.0833609 
44.1 0.0789038 
44.15 0.0745559 
44.2 0.0703514 
44.25 0.0663257 
44.3 0.0625129 
44.35 0.0589428 
44.4 0.0556388 
44.45 0.0526163 
44.5 0.0498827 
44.55 0.0474382 
44.6 0.0452762 
44.65 0.0433853 
44.7 0.0417504 
44.75 0.0403541 
44.8 0.039178 
44.85 0.0382034 
44.9 0.0374119 
44.95 0.0367864 
45 0.0363105 
45.05 0.0359696 
45.1 0.0357502 
45.15 0.0356405 
45.2 0.0356298 
45.25 0.0357088 
45.3 0.0358693 
45.35 0.0361044 
45.4 0.0364078 
45.45 0.0367743 
45.5 0.0371993 
45.55 0.0376791 
45.6 0.0382104 
45.65 0.0387904 
45.7 0.0394169 
45.75 0.040088 
45.8 0.0408022 
45.85 0.0415584 
45.9 0.0423555 
45.95 0.0431931 
46 0.0440705 
46.05 0.0449877 
46.1 0.0459446 
46.15 0.0469412 
46.2 0.047978 
46.25 0.0490552 
46.3 0.0501735 
46.35 0.0513334 
46.4 0.0525359 
46.45 0.0537817 
46.5 0.0550718 
46.55 0.0564074 
46.6 0.0577895 
46.65 0.0592194 
46.7 0.0606985 
46.75 0.0622281 
46.8 0.0638096 
46.85 0.0654446 
46.9 0.0671347 
46.95 0.0688814 
47 0.0706865 
47.05 0.0725515 
47.1 0.0744782 
47.15 0.0764682 
47.2 0.0785234 
47.25 0.0806451 
47.3 0.0828352 
47.35 0.0850951 
47.4 0.0874263 
47.45 0.08983 
47.5 0.0923073 
47.55 0.0948593 
47.6 0.0974865 
47.65 0.100189 
47.7 0.102968 
47.75 0.105822 
47.8 0.10875 
47.85 0.111752 
47.9 0.114824 
47.95 0.117965 
48 0.121171 
48.05 0.124437 
48.1 0.127758 
48.15 0.131128 
48.2 0.134539 
48.25 0.137981 
48.3 0.141445 
48.35 0.14492 
48.4 0.148391 
48.45 0.151845 
48.5 0.155264 
48.55 0.158632 
48.6 0.161929 
48.65 0.165135 
48.7 0.168228 
48.75 0.171184 
48.8 0.173981 
48.85 0.176595 
48.9 0.179 
48.95 0.181174 
49 0.183092 
49.05 0.184732 
49.1 0.186073 
49.15 0.187095 
49.2 0.187782 
49.25 0.18812 
49.3 0.188096 
49.35 0.187702 
49.4 0.186933 
49.45 0.185787 
49.5 0.184264 
49.55 0.182368 
49.6 0.180105 
49.65 0.177482 
49.7 0.17451 
49.75 0.171198 
49.8 0.167556 
49.85 0.163595 
49.9 0.159321 
49.95 0.154741 
50 0.149857 
50.05 0.144665 
50.1 0.139159 
50.15 0.133327 
50.2 0.127156 
50.25 0.12064 
50.3 0.113791 
50.35 0.106656 
50.4 0.0993314 
50.45 0.0919582 
50.5 0.0847046 
50.55 0.0777386 
50.6 0.0712033 
50.65 0.0652034 
50.7 0.0598009 
50.75 0.0550186 
50.8 0.0508487 
50.85 0.0472608 
50.9 0.044211 
50.95 0.0416483 
51 0.0395195 
51.05 0.0377728 
51.1 0.0363597 
51.15 0.0352364 
51.2 0.0343638 
51.25 0.0337078 
51.3 0.0332388 
51.35 0.0329317 
51.4 0.032765 
51.45 0.0327206 
51.5 0.0327831 
51.55 0.0329397 
51.6 0.0331797 
51.65 0.0334941 
51.7 0.0338754 
51.75 0.0343173 
51.8 0.0348148 
51.85 0.0353636 
51.9 0.0359603 
51.95 0.0366019 
52 0.0372862 
52.05 0.0380116 
52.1 0.0387764 
52.15 0.0395798 
52.2 0.0404209 
52.25 0.0412993 
52.3 0.0422148 
52.35 0.0431674 
52.4 0.0441571 
52.45 0.0451843 
52.5 0.0462495 
52.55 0.0473532 
52.6 0.0484963 
52.65 0.0496795 
52.7 0.0509038 
52.75 0.0521702 
52.8 0.05348 
52.85 0.0548343 
52.9 0.0562345 
52.95 0.0576821 
53 0.0591785 
53.05 0.0607253 
53.1 0.0623242 
53.15 0.063977 
53.2 0.0656853 
53.25 0.0674511 
53.3 0.0692763 
53.35 0.0711629 
53.4 0.0731127 
53.45 0.075128 
53.5 0.0772105 
53.55 0.0793625 
53.6 0.0815859 
53.65 0.0838826 
53.7 0.0862547 
53.75 0.0887038 
53.8 0.0912317 
53.85 0.09384 
53.9 0.09653 
53.95 0.0993028 
54 0.102159 
54.05 0.1051 
54.1 0.108124 
54.15 0.111232 
54.2 0.114423 
54.25 0.117695 
54.3 0.121045 
54.35 0.12447 
54.4 0.127966 
54.45 0.131528 
54.5 0.135149 
54.55 0.138822 
54.6 0.142537 
54.65 0.146283 
54.7 0.150049 
54.75 0.153821 
54.8 0.157583 
54.85 0.161319 
54.9 0.165009 
54.95 0.168633 
55 0.172169 
55.05 0.175594 
55.1 0.178885 
55.15 0.182015 
55.2 0.18496 
55.25 0.187693 
55.3 0.190191 
55.35 0.192429 
55.4 0.194384 
55.45 0.196036 
55.5 0.197367 
55.55 0.198361 
55.6 0.199006 
55.65 0.199295 
55.7 0.199223 
55.75 0.19879 
55.8 0.198 
55.85 0.196861 
55.9 0.195384 
55.95 0.193586 
56 0.191484 
56.05 0.189099 
56.1 0.186456 
56.15 0.183579 
56.2 0.180495 
56.25 0.177229 
56.3 0.173809 
56.35 0.170261 
56.4 0.166611 
56.45 0.162885 
56.5 0.159104 
56.55 0.155292 
56.6 0.151469 
56.65 0.147653 
56.7 0.143861 
56.75 0.140109 
56.8 0.136408 
56.85 0.132771 
56.9 0.129208 
56.95 0.125727 
57 0.122335 
57.05 0.119038 
57.1 0.11584 
57.15 0.112745 
57.2 0.109756 
57.25 0.106873 
57.3 0.104098 
57.35 0.101431 
57.4 0.0988715 
57.45 0.0964193 
57.5 0.0940728 
57.55 0.0918306 
57.6 0.0896907 
57.65 0.0876511 
57.7 0.0857096 
57.75 0.0838636 
57.8 0.0821107 
57.85 0.0804483 
57.9 0.0788735 
57.95 0.0773838 
58 0.0759762 
58.05 0.0746481 
58.1 0.0733966 
58.15 0.072219 
58.2 0.0711126 
58.25 0.0700747 
58.3 0.0691026 
58.35 0.0681936 
58.4 0.0673453 
58.45 0.066555 
58.5 0.0658203 
58.55 0.0651388 
58.6 0.0645081 
58.65 0.0639258 
58.7 0.0633896 
58.75 0.0628974 
58.8 0.0624468 
58.85 0.0620357 
58.9 0.061662 
58.95 0.0613236 
59 0.0610182 
59.05 0.060744 
59.1 0.0604987 
59.15 0.0602803 
59.2 0.0600867 
59.25 0.0599158 
59.3 0.0597655 
59.35 0.0596335 
59.4 0.0595178 
59.45 0.0594159 
59.5 0.0593254 
59.55 0.059244 
59.6 0.059169 
59.65 0.0590976 
59.7 0.059027 
59.75 0.058954 
59.8 0.0588753 
59.85 0.0587874 
59.9 0.0586861 
59.95 0.0585674 
60 0.0584263 
60.05 0.0582578 
60.1 0.0580559 
60.15 0.0578142 
60.2 0.0575252 
60.25 0.057181 
60.3 0.056772 
60.35 0.056288 
60.4 0.0557175 
60.45 0.0550478 
60.5 0.0542657 
60.55 0.0533584 
60.6 0.0523149 
60.65 0.0511284 
60.7 0.0498002 
60.75 0.0483415 
60.8 0.0467757 
60.85 0.0451369 
60.9 0.0434664 
60.95 0.0418078 
61 0.0402023 
61.05 0.0386851 
61.1 0.0372833 
61.15 0.0360154 
61.2 0.0348921 
61.25 0.0339174 
61.3 0.0330899 
61.35 0.0324047 
61.4 0.0318542 
61.45 0.0314295 
61.5 0.031121 
61.55 0.0309191 
61.6 0.0308144 
61.65 0.0307984 
61.7 0.0308629 
61.75 0.0310008 
61.8 0.0312056 
61.85 0.0314717 
61.9 0.031794 
61.95 0.0321684 
62 0.032591 
62.05 0.0330587 
62.1 0.0335688 
62.15 0.0341192 
62.2 0.0347079 
62.25 0.0353334 
62.3 0.0359944 
62.35 0.03669 
62.4 0.0374194 
62.45 0.038182 
62.5 0.0389776 
62.55 0.039806 
62.6 0.040667 
62.65 0.0415608 
62.7 0.0424877 
62.75 0.0434478 
62.8 0.0444417 
62.85 0.0454699 
62.9 0.046533 
62.95 0.0476316 
63 0.0487665 
63.05 0.0499386 
63.1 0.0511488 
63.15 0.052398 
63.2 0.0536872 
63.25 0.0550176 
63.3 0.0563901 
63.35 0.0578061 
63.4 0.0592666 
63.45 0.0607728 
63.5 0.0623262 
63.55 0.0639278 
63.6 0.0655791 
63.65 0.0672811 
63.7 0.0690353 
63.75 0.0708428 
63.8 0.0727049 
63.85 0.0746225 
63.9 0.0765968 
63.95 0.0786287 
64 0.0807189 
64.05 0.0828682 
64.1 0.0850769 
64.15 0.0873451 
64.2 0.0896729 
64.25 0.0920597 
64.3 0.0945048 
64.35 0.0970068 
64.4 0.099564 
64.45 0.102174 
64.5 0.104833 
64.55 0.107539 
64.6 0.110285 
64.65 0.113067 
64.7 0.115877 
64.75 0.118707 
64.8 0.121549 
64.85 0.12439 
64.9 0.127219 
64.95 0.130022 
65 0.132781 
65.05 0.135478 
65.1 0.138093 
65.15 0.140602 
65.2 0.142979 
65.25 0.145194 
65.3 0.147215 
65.35 0.149004 
65.4 0.150519 
65.45 0.151711 
65.5 0.152523 
65.55 0.152886 
65.6 0.152713 
65.65 0.151892 
65.7 0.150262 
65.75 0.147594 
65.8 0.143564 
65.85 0.137837 
65.9 0.130318 
65.95 0.12129 
66 0.111311 
66.05 0.101012 
66.1 0.0909435 
66.15 0.0815097 
66.2 0.0729606 
66.25 0.0654135 
66.3 0.0588873 
66.35 0.0533368 
66.4 0.0486798 
66.45 0.0448177 
66.5 0.0416483 
66.55 0.039074 
66.6 0.037006 
66.65 0.0353662 
66.7 0.0340871 
66.75 0.0331114 
66.8 0.0323909 
66.85 0.0318857 
66.9 0.0315624 
66.95 0.0313936 
67 0.0313566 
67.05 0.0314329 
67.1 0.0316071 
67.15 0.0318668 
67.2 0.0322016 
67.25 0.0326032 
67.3 0.0330646 
67.35 0.0335803 
67.4 0.0341457 
67.45 0.0347571 
67.5 0.0354117 
67.55 0.036107 
67.6 0.0368412 
67.65 0.0376129 
67.7 0.0384212 
67.75 0.0392652 
67.8 0.0401447 
67.85 0.0410593 
67.9 0.042009 
67.95 0.0429941 
68 0.0440149 
68.05 0.0450718 
68.1 0.0461656 
68.15 0.0472969 
68.2 0.0484666 
68.25 0.0496757 
68.3 0.0509252 
68.35 0.0522162 
68.4 0.0535501 
68.45 0.054928 
68.5 0.0563516 
68.55 0.0578221 
68.6 0.0593412 
68.65 0.0609105 
68.7 0.0625317 
68.75 0.0642065 
68.8 0.0659367 
68.85 0.0677242 
68.9 0.0695709 
68.95 0.0714787 
69 0.0734496 
69.05 0.0754855 
69.1 0.0775885 
69.15 0.0797604 
69.2 0.0820032 
69.25 0.0843187 
69.3 0.0867087 
69.35 0.0891748 
69.4 0.0917186 
69.45 0.0943414 
69.5 0.0970442 
69.55 0.0998279 
69.6 0.102693 
69.65 0.105639 
69.7 0.108667 
69.75 0.111774 
69.8 0.11496 
69.85 0.118222 
69.9 0.121557 
69.95 0.124961 
70 0.128429 
70.05 0.131954 
70.1 0.13553 
70.15 0.139148 
70.2 0.142797 
70.25 0.146465 
70.3 0.15014 
70.35 0.153806 
70.4 0.157446 
70.45 0.161043 
70.5 0.164576 
70.55 0.168023 
70.6 0.171361 
70.65 0.174567 
70.7 0.177615 
70.75 0.180479 
70.8 0.183134 
70.85 0.185554 
70.9 0.187712 
70.95 0.189586 
71 0.191152 
71.05 0.192391 
71.1 0.193283 
71.15 0.193816 
71.2 0.193976 
71.25 0.193757 
71.3 0.193153 
71.35 0.192165 
71.4 0.190797 
71.45 0.189054 
71.5 0.186948 
71.55 0.184492 
71.6 0.1817 
71.65 0.178592 
71.7 0.175184 
71.75 0.171497 
71.8 0.16755 
71.85 0.163362 
71.9 0.15895 
71.95 0.154331 
72 0.149517 
72.05 0.144519 
72.1 0.139347 
72.15 0.134004 
72.2 0.128493 
72.25 0.122815 
72.3 0.116971 
72.35 0.110969 
72.4 0.104826 
72.45 0.098579 
72.5 0.0922866 
72.55 0.0860313 
72.6 0.0799114 
72.65 0.0740293 
72.7 0.0684788 
72.75 0.0633345 
72.8 0.0586471 
72.85 0.0544424 
72.9 0.0507243 
72.95 0.0474795 
73 0.044682 
73.05 0.0422984 
73.1 0.0402911 
73.15 0.0386217 
73.2 0.0372526 
73.25 0.0361486 
73.3 0.0352776 
73.35 0.0346107 
73.4 0.0341224 
73.45 0.0337905 
73.5 0.0335957 
73.55 0.0335215 
73.6 0.0335538 
73.65 0.0336803 
73.7 0.0338911 
73.75 0.0341774 
73.8 0.034532 
73.85 0.0349488 
73.9 0.0354227 
73.95 0.0359495 
74 0.0365256 
74.05 0.0371482 
74.1 0.037815 
74.15 0.0385241 
74.2 0.0392739 
74.25 0.0400635 
74.3 0.040892 
74.35 0.0417588 
74.4 0.0426636 
74.45 0.0436063 
74.5 0.044587 
74.55 0.045606 
74.6 0.0466636 
74.65 0.0477605 
74.7 0.0488972 
74.75 0.0500746 
74.8 0.0512935 
74.85 0.0525551 
74.9 0.0538603 
74.95 0.0552105 
75 0.0566068 
75.05 0.0580508 
75.1 0.0595438 
75.15 0.0610874 
75.2 0.0626833 
75.25 0.064333 
75.3 0.0660384 
75.35 0.0678012 
75.4 0.0696234 
75.45 0.0715068 
75.5 0.0734534 
75.55 0.075465 
75.6 0.0775437 
75.65 0.0796915 
75.7 0.0819102 
75.75 0.0842018 
75.8 0.0865681 
75.85 0.0890108 
75.9 0.0915314 
75.95 0.0941315 
76 0.0968122 
76.05 0.0995746 
76.1 0.102419 
76.15 0.105346 
76.2 0.108356 
76.25 0.111448 
76.3 0.11462 
76.35 0.117871 
76.4 0.121198 
76.45 0.124597 
76.5 0.128065 
76.55 0.131595 
76.6 0.135181 
76.65 0.138816 
76.7 0.142489 
76.75 0.146189 
76.8 0.149906 
76.85 0.153624 
76.9 0.157327 
76.95 0.161 
77 0.164623 
77.05 0.168175 
77.1 0.171635 
77.15 0.17498 
77.2 0.178186 
77.25 0.181228 
77.3 0.18408 
77.35 0.186719 
77.4 0.189119 
77.45 0.191257 
77.5 0.193111 
77.55 0.19466 
77.6 0.195887 
77.65 0.196778 
77.7 0.19732 
77.75 0.197507 
77.8 0.197333 
77.85 0.1968 
77.9 0.19591 
77.95 0.194673 
78 0.1931 
78.05 0.191205 
78.1 0.189006 
78.15 0.186525 
78.2 0.183783 
78.25 0.180805 
78.3 0.177616 
78.35 0.174241 
78.4 0.170707 
78.45 0.167038 
78.5 0.163258 
78.55 0.159393 
78.6 0.155463 
78.65 0.15149 
78.7 0.147492 
78.75 0.143486 
78.8 0.13949 
78.85 0.135515 
78.9 0.131574 
78.95 0.127678 
79 0.123835 
79.05 0.120054 
79.1 0.116339 
79.15 0.112696 
79.2 0.109128 
79.25 0.10564 
79.3 0.102232 
79.35 0.0989056 
79.4 0.0956628 
79.45 0.0925038 
79.5 0.089429 
79.55 0.0864386 
79.6 0.0835329 
79.65 0.0807124 
79.7 0.0779776 
79.75 0.0753294 
79.8 0.0727693 
79.85 0.0702987 
79.9 0.0679198 
79.95 0.0656349 
80 0.0634466 
80.05 0.0613578 
80.1 0.0593713 
80.15 0.0574898 
80.2 0.0557157 
80.25 0.0540511 
80.3 0.0524975 
80.35 0.0510559 
80.4 0.0497263 
80.45 0.0485084 
80.5 0.0474009 
80.55 0.0464019 
80.6 0.0455091 
80.65 0.0447193 
80.7 0.0440294 
80.75 0.0434356 
80.8 0.0429339 
80.85 0.0425204 
80.9 0.0421911 
80.95 0.0419418 
81 0.0417687 
81.05 0.041668 
81.1 0.0416359 
81.15 0.0416691 
81.2 0.0417643 
81.25 0.0419186 
81.3 0.0421291 
81.35 0.0423935 
81.4 0.0427093 
81.45 0.0430745 
81.5 0.0434873 
81.55 0.043946 
81.6 0.0444491 
81.65 0.0449955 
81.7 0.0455839 
81.75 0.0462135 
81.8 0.0468834 
81.85 0.0475931 
81.9 0.0483421 
81.95 0.0491298 
82 0.0499562 
82.05 0.0508209 
82.1 0.0517239 
82.15 0.0526652 
82.2 0.0536449 
82.25 0.0546631 
82.3 0.05572 
82.35 0.056816 
82.4 0.0579513 
82.45 0.0591262 
82.5 0.0603413 
82.55 0.0615968 
82.6 0.0628933 
82.65 0.064231 
82.7 0.0656106 
82.75 0.0670322 
82.8 0.0684964 
82.85 0.0700035 
82.9 0.0715536 
82.95 0.0731471 
83 0.0747838 
83.05 0.076464 
83.1 0.0781872 
83.15 0.0799532 
83.2 0.0817614 
83.25 0.083611 
83.3 0.0855008 
83.35 0.0874296 
83.4 0.0893955 
83.45 0.0913963 
83.5 0.0934294 
83.55 0.0954916 
83.6 0.097579 
83.65 0.0996871 
83.7 0.101811 
83.75 0.103943 
83.8 0.106078 
83.85 0.108207 
83.9 0.11032 
83.95 0.112407 
84 0.114454 
84.05 0.116447 
84.1 0.118371 
84.15 0.120206 
84.2 0.12193 
84.25 0.123518 
84.3 0.124941 
84.35 0.126163 
84.4 0.127141 
84.45 0.127825 
84.5 0.128146 
84.55 0.128016 
84.6 0.127308 
84.65 0.125839 
84.7 0.123335 
84.75 0.11946 
84.8 0.114017 
84.85 0.107136 
84.9 0.0992342 
84.95 0.090844 
85 0.0824649 
85.05 0.0744854 
85.1 0.0671623 
85.15 0.0606336 
85.2 0.054945 
85.25 0.0500788 
85.3 0.0459787 
85.35 0.0425688 
85.4 0.0397664 
85.45 0.0374902 
85.5 0.0356645 
85.55 0.0342219 
85.6 0.0331036 
85.65 0.0322594 
85.7 0.0316466 
85.75 0.0312297 
85.8 0.030979 
85.85 0.0308699 
85.9 0.0308821 
85.95 0.0309988 
86 0.0312063 
86.05 0.0314933 
86.1 0.0318504 
86.15 0.0322701 
86.2 0.0327461 
86.25 0.0332734 
86.3 0.0338479 
86.35 0.0344662 
86.4 0.0351257 
86.45 0.0358243 
86.5 0.0365604 
86.55 0.0373327 
86.6 0.0381403 
86.65 0.0389826 
86.7 0.0398594 
86.75 0.0407703 
86.8 0.0417156 
86.85 0.0426954 
86.9 0.04371 
86.95 0.0447601 
87 0.0458462 
87.05 0.046969 
87.1 0.0481295 
87.15 0.0493285 
87.2 0.0505672 
87.25 0.0518465 
87.3 0.0531678 
87.35 0.0545323 
87.4 0.0559414 
87.45 0.0573965 
87.5 0.058899 
87.55 0.0604507 
87.6 0.062053 
87.65 0.0637076 
87.7 0.0654164 
87.75 0.067181 
87.8 0.0690032 
87.85 0.0708849 
87.9 0.0728278 
87.95 0.0748339 
88 0.076905 
88.05 0.0790429 
88.1 0.0812493 
88.15 0.0835259 
88.2 0.0858743 
88.25 0.0882959 
88.3 0.0907921 
88.35 0.093364 
88.4 0.0960123 
88.45 0.0987376 
88.5 0.10154 
88.55 0.10442 
88.6 0.107376 
88.65 0.110407 
88.7 0.113511 
88.75 0.116685 
88.8 0.119927 
88.85 0.123231 
88.9 0.126592 
88.95 0.130004 
89 0.133459 
89.05 0.136947 
89.1 0.140458 
89.15 0.14398 
89.2 0.147499 
89.25 0.151 
89.3 0.154465 
89.35 0.157876 
89.4 0.161211 
89.45 0.16445 
89.5 0.167569 
89.55 0.170542 
89.6 0.173344 
89.65 0.175949 
89.7 0.178328 
89.75 0.180457 
89.8 0.182307 
89.85 0.183853 
89.9 0.18507 
89.95 0.185936 
90 0.186428 
90.05 0.186529 
90.1 0.186221 
90.15 0.185491 
90.2 0.184328 
90.25 0.182722 
90.3 0.180665 
90.35 0.178152 
90.4 0.175175 
90.45 0.171727 
90.5 0.167797 
90.55 0.163368 
90.6 0.158417 
90.65 0.152908 
90.7 0.146795 
90.75 0.140027 
90.8 0.132564 
90.85 0.124423 
90.9 0.115718 
90.95 0.106672 
91 0.0975739 
91.05 0.0887229 
91.1 0.080372 
91.15 0.0727029 
91.2 0.0658207 
91.25 0.059764 
91.3 0.0545205 
91.35 0.050044 
91.4 0.0462685 
91.45 0.0431194 
91.5 0.0405204 
91.55 0.038399 
91.6 0.0366887 
91.65 0.0353303 
91.7 0.0342721 
91.75 0.0334697 
91.8 0.0328854 
91.85 0.0324873 
91.9 0.0322486 
91.95 0.0321471 
92 0.0321641 
92.05 0.0322842 
92.1 0.0324945 
92.15 0.0327845 
92.2 0.0331453 
92.25 0.0335698 
92.3 0.034052 
92.35 0.0345871 
92.4 0.035171 
92.45 0.0358006 
92.5 0.0364732 
92.55 0.0371869 
92.6 0.03794 
92.65 0.0387314 
92.7 0.0395601 
92.75 0.0404256 
92.8 0.0413276 
92.85 0.0422659 
92.9 0.0432407 
92.95 0.0442522 
93 0.0453009 
93.05 0.0463873 
93.1 0.0475121 
93.15 0.0486761 
93.2 0.0498803 
93.25 0.0511257 
93.3 0.0524134 
93.35 0.0537446 
93.4 0.0551208 
93.45 0.0565432 
93.5 0.0580135 
93.55 0.0595331 
93.6 0.0611037 
93.65 0.0627271 
93.7 0.064405 
93.75 0.0661393 
93.8 0.067932 
93.85 0.0697849 
93.9 0.0717002 
93.95 0.0736799 
94 0.075726 
94.05 0.0778407 
94.1 0.080026 
94.15 0.082284 
94.2 0.0846167 
94.25 0.0870262 
94.3 0.0895142 
94.35 0.0920825 
94.4 0.0947327 
94.45 0.0974661 
94.5 0.100284 
94.55 0.103187 
94.6 0.106176 
94.65 0.10925 
94.7 0.112409 
94.75 0.115652 
94.8 0.118978 
94.85 0.122383 
94.9 0.125864 
94.95 0.129418 
95 0.133037 
95.05 0.136716 
95.1 0.140446 
95.15 0.144218 
95.2 0.148021 
95.25 0.151842 
95.3 0.155667 
95.35 0.15948 
95.4 0.163264 
95.45 0.166998 
95.5 0.170662 
95.55 0.174234 
95.6 0.177689 
95.65 0.181004 
95.7 0.184152 
95.75 0.187109 
95.8 0.189847 
95.85 0.192343 
95.9 0.194572 
95.95 0.196512 
96 0.198143 
96.05 0.199447 
96.1 0.200411 
96.15 0.201022 
96.2 0.201274 
96.25 0.201165 
96.3 0.200696 
96.35 0.199872 
96.4 0.198703 
96.45 0.197203 
96.5 0.195388 
96.55 0.193279 
96.6 0.190899 
96.65 0.188272 
96.7 0.185425 
96.75 0.182385 
96.8 0.17918 
96.85 0.175836 
96.9 0.172383 
96.95 0.168846 
97 0.16525 
97.05 0.161619 
97.1 0.157976 
97.15 0.15434 
97.2 0.150731 
97.25 0.147165 
97.3 0.143658 
97.35 0.140221 
97.4 0.136868 
97.45 0.133607 
97.5 0.130446 
97.55 0.127393 
97.6 0.124453 
97.65 0.12163 
97.7 0.118927 
97.75 0.116346 
97.8 0.11389 
97.85 0.111558 
97.9 0.10935 
97.95 0.107266 
98 0.105304 
98.05 0.103464 
98.1 0.101743 
98.15 0.100139 
98.2 0.0986495 
98.25 0.0972727 
98.3 0.0960056 
98.35 0.0948455 
98.4 0.0937896 
98.45 0.0928351 
98.5 0.0919792 
98.55 0.0912192 
98.6 0.0905523 
98.65 0.089976 
98.7 0.0894875 
98.75 0.0890844 
98.8 0.0887642 
98.85 0.0885248 
98.9 0.0883637 
98.95 0.0882789 
99 0.0882685 
99.05 0.0883304 
99.1 0.088463 
99.15 0.0886644 
99.2 0.0889331 
99.25 0.0892677 
99.3 0.0896667 
99.35 0.0901287 
99.4 0.0906527 
99.45 0.0912374 
99.5 0.0918817 
99.55 0.0925848 
99.6 0.0933456 
99.65 0.0941632 
99.7 0.0950368 
99.75 0.0959657 
99.8 0.0969491 
99.85 0.0979862 
99.9 0.0990763 
99.95 0.100219 
100 0.101413 
100.05 0.102658 
100.1 0.103953 
100.15 0.105297 
100.2 0.106689 
100.25 0.10813 
100.3 0.109616 
100.35 0.111149 
100.4 0.112725 
100.45 0.114345 
100.5 0.116007 
100.55 0.117709 
100.6 0.119449 
100.65 0.121226 
100.7 0.123038 
100.75 0.124882 
100.8 0.126756 
100.85 0.128658 
100.9 0.130585 
100.95 0.132533 
101 0.134499 
101.05 0.136481 
101.1 0.138473 
101.15 0.140472 
101.2 0.142474 
101.25 0.144474 
101.3 0.146468 
101.35 0.148451 
101.4 0.150417 
101.45 0.152361 
101.5 0.154279 
101.55 0.156163 
101.6 0.15801 
101.65 0.159814 
101.7 0.161568 
101.75 0.163267 
101.8 0.164907 
101.85 0.166482 
101.9 0.167987 
101.95 0.169418 
102 0.17077 
102.05 0.17204 
102.1 0.173224 
102.15 0.174319 
102.2 0.175323 
102.25 0.176234 
102.3 0.177052 
102.35 0.177775 
102.4 0.178403 
102.45 0.178938 
102.5 0.17938 
102.55 0.179732 
102.6 0.179995 
102.65 0.180174 
102.7 0.180272 
102.75 0.180292 
102.8 0.180239 
102.85 0.180118 
102.9 0.179935 
102.95 0.179693 
103 0.1794 
103.05 0.179061 
103.1 0.178681 
103.15 0.178267 
103.2 0.177824 
103.25 0.177358 
103.3 0.176874 
103.35 0.176378 
103.4 0.175876 
103.45 0.175372 
103.5 0.174871 
103.55 0.174379 
103.6 0.173898 
103.65 0.173434 
103.7 0.172989 
103.75 0.172568 
103.8 0.172174 
103.85 0.171809 
103.9 0.171476 
103.95 0.171178 
104 0.170916 
104.05 0.170692 
104.1 0.170508 
104.15 0.170365 
104.2 0.170264 
104.25 0.170205 
104.3 0.17019 
104.35 0.170219 
104.4 0.170291 
104.45 0.170408 
104.5 0.170568 
104.55 0.170771 
104.6 0.171016 
104.65 0.171304 
104.7 0.171632 
104.75 0.172001 
104.8 0.172408 
104.85 0.172853 
104.9 0.173335 
104.95 0.173851 
105 0.174399 
105.05 0.174979 
105.1 0.175589 
105.15 0.176226 
105.2 0.176888 
105.25 0.177573 
105.3 0.178279 
105.35 0.179003 
105.4 0.179744 
105.45 0.180498 
105.5 0.181263 
105.55 0.182037 
105.6 0.182817 
105.65 0.1836 
105.7 0.184383 
105.75 0.185164 
105.8 0.185941 
105.85 0.18671 
105.9 0.187468 
105.95 0.188214 
106 0.188945 
106.05 0.189657 
106.1 0.19035 
106.15 0.191019 
106.2 0.191664 
106.25 0.192282 
106.3 0.192871 
106.35 0.19343 
106.4 0.193956 
106.45 0.194448 
106.5 0.194905 
106.55 0.195326 
106.6 0.19571 
106.65 0.196056 
106.7 0.196363 
106.75 0.196632 
106.8 0.196862 
106.85 0.197053 
106.9 0.197206 
106.95 0.197321 
107 0.197399 
107.05 0.19744 
107.1 0.197446 
107.15 0.197418 
107.2 0.197358 
107.25 0.197266 
107.3 0.197144 
107.35 0.196995 
107.4 0.19682 
107.45 0.19662 
107.5 0.196399 
107.55 0.196157 
107.6 0.195898 
107.65 0.195622 
107.7 0.195333 
107.75 0.195032 
107.8 0.194722 
107.85 0.194403 
107.9 0.19408 
107.95 0.193753 
108 0.193424 
108.05 0.193096 
108.1 0.192769 
108.15 0.192446 
108.2 0.192129 
108.25 0.191818 
108.3 0.191515 
108.35 0.191222 
108.4 0.19094 
108.45 0.19067 
108.5 0.190413 
108.55 0.190169 
108.6 0.18994 
108.65 0.189727 
108.7 0.189529 
108.75 0.189348 
108.8 0.189184 
108.85 0.189038 
108.9 0.188908 
108.95 0.188797 
109 0.188703 
109.05 0.188626 
109.1 0.188567 
109.15 0.188526 
109.2 0.188501 
109.25 0.188494 
109.3 0.188503 
109.35 0.188527 
109.4 0.188568 
109.45 0.188623 
109.5 0.188692 
109.55 0.188775 
109.6 0.18887 
109.65 0.188978 
109.7 0.189097 
109.75 0.189227 
109.8 0.189366 
109.85 0.189514 
109.9 0.18967 
109.95 0.189834 
110 0.190003 
110.05 0.190177 
110.1 0.190356 
110.15 0.190539 
110.2 0.190723 
110.25 0.19091 
110.3 0.191097 
110.35 0.191284 
110.4 0.19147 
110.45 0.191654 
110.5 0.191835 
110.55 0.192013 
110.6 0.192187 
110.65 0.192356 
110.7 0.19252 
110.75 0.192677 
110.8 0.192828 
110.85 0.192971 
110.9 0.193107 
110.95 0.193235 
111 0.193354 
111.05 0.193464 
111.1 0.193565 
111.15 0.193657 
111.2 0.193739 
111.25 0.193811 
111.3 0.193874 
111.35 0.193927 
111.4 0.19397 
111.45 0.194003 
111.5 0.194027 
111.55 0.194041 
111.6 0.194046 
111.65 0.194042 
111.7 0.19403 
111.75 0.194008 
111.8 0.193979 
111.85 0.193943 
111.9 0.193899 
111.95 0.193848 
112 0.193791 
112.05 0.193728 
112.1 0.193659 
112.15 0.193586 
112.2 0.193509 
112.25 0.193427 
112.3 0.193342 
112.35 0.193255 
112.4 0.193165 
112.45 0.193073 
112.5 0.19298 
112.55 0.192886 
112.6 0.192792 
112.65 0.192698 
112.7 0.192605 
112.75 0.192513 
112.8 0.192422 
112.85 0.192333 
112.9 0.192247 
112.95 0.192163 
113 0.192082 
113.05 0.192005 
113.1 0.191931 
113.15 0.191861 
113.2 0.191795 
113.25 0.191733 
113.3 0.191675 
113.35 0.191622 
113.4 0.191574 
113.45 0.191531 
113.5 0.191492 
113.55 0.191459 
113.6 0.19143 
113.65 0.191406 
113.7 0.191387 
113.75 0.191374 
113.8 0.191364 
113.85 0.19136 
113.9 0.19136 
113.95 0.191365 
114 0.191374 
114.05 0.191387 
114.1 0.191404 
114.15 0.191424 
114.2 0.191449 
114.25 0.191477 
114.3 0.191508 
114.35 0.191541 
114.4 0.191578 
114.45 0.191617 
114.5 0.191658 
114.55 0.191701 
114.6 0.191745 
114.65 0.191792 
114.7 0.191839 
114.75 0.191887 
114.8 0.191936 
114.85 0.191985 
114.9 0.192034 
114.95 0.192083 
115 0.192132 
115.05 0.19218 
115.1 0.192228 
115.15 0.192274 
115.2 0.19232 
115.25 0.192364 
115.3 0.192406 
115.35 0.192447 
115.4 0.192486 
115.45 0.192523 
115.5 0.192558 
115.55 0.19259 
115.6 0.192621 
115.65 0.192649 
115.7 0.192674 
115.75 0.192697 
115.8 0.192718 
115.85 0.192736 
115.9 0.192751 
115.95 0.192764 
116 0.192774 
116.05 0.192781 
116.1 0.192787 
116.15 0.192789 
116.2 0.192789 
116.25 0.192787 
116.3 0.192783 
116.35 0.192776 
116.4 0.192767 
116.45 0.192757 
116.5 0.192744 
116.55 0.19273 
116.6 0.192714 
116.65 0.192696 
116.7 0.192677 
116.75 0.192657 
116.8 0.192636 
116.85 0.192614 
116.9 0.192591 
116.95 0.192567 
117 0.192542 
117.05 0.192517 
117.1 0.192492 
117.15 0.192467 
117.2 0.192441 
117.25 0.192416 
117.3 0.192391 
117.35 0.192366 
117.4 0.192342 
117.45 0.192318 
117.5 0.192295 
117.55 0.192272 
117.6 0.19225 
117.65 0.192229 
117.7 0.19221 
117.75 0.192191 
117.8 0.192173 
117.85 0.192156 
117.9 0.192141 
117.95 0.192127 
118 0.192114 
118.05 0.192102 
118.1 0.192092 
118.15 0.192083 
118.2 0.192076 
118.25 0.192069 
118.3 0.192064 
118.35 0.192061 
118.4 0.192058 
118.45 0.192057 
118.5 0.192057 
118.55 0.192059 
118.6 0.192061 
118.65 0.192065 
118.7 0.19207 
118.75 0.192075 
118.8 0.192082 
118.85 0.19209 
118.9 0.192098 
118.95 0.192107 
119 0.192117 
119.05 0.192127 
119.1 0.192139 
119.15 0.19215 
119.2 0.192162 
119.25 0.192175 
119.3 0.192187 
119.35 0.1922 
119.4 0.192213 
119.45 0.192226 
119.5 0.19224 
119.55 0.192253 
119.6 0.192266 
119.65 0.192279 
119.7 0.192291 
119.75 0.192304 
119.8 0.192316 
119.85 0.192327 
119.9 0.192339 
119.95 0.192349 
120 0.19236 
120.05 0.192369 
120.1 0.192378 
120.15 0.192387 
120.2 0.192395 
120.25 0.192402 
120.3 0.192409 
120.35 0.192415 
120.4 0.19242 
120.45 0.192425 
120.5 0.192429 
120.55 0.192432 
120.6 0.192434 
120.65 0.192436 
120.7 0.192437 
120.75 0.192438 
120.8 0.192438 
120.85 0.192437 
120.9 0.192436 
120.95 0.192434 
121 0.192431 
121.05 0.192428 
121.1 0.192425 
121.15 0.192421 
121.2 0.192417 
121.25 0.192412 
121.3 0.192407 
121.35 0.192401 
121.4 0.192395 
121.45 0.192389 
121.5 0.192383 
121.55 0.192377 
121.6 0.19237 
121.65 0.192363 
121.7 0.192357 
121.75 0.19235 
121.8 0.192343 
121.85 0.192336 
121.9 0.19233 
121.95 0.192323 
122 0.192316 
122.05 0.19231 
122.1 0.192304 
122.15 0.192298 
122.2 0.192292 
122.25 0.192286 
122.3 0.192281 
122.35 0.192276 
122.4 0.192271 
122.45 0.192267 
122.5 0.192263 
122.55 0.192259 
122.6 0.192256 
122.65 0.192253 
122.7 0.19225 
122.75 0.192248 
122.8 0.192246 
122.85 0.192244 
122.9 0.192243 
122.95 0.192242 
123 0.192241 
123.05 0.192241 
123.1 0.192241 
123.15 0.192242 
123.2 0.192242 
123.25 0.192244 
123.3 0.192245 
123.35 0.192246 
123.4 0.192248 
123.45 0.19225 
123.5 0.192253 
123.55 0.192255 
123.6 0.192258 
123.65 0.192261 
123.7 0.192264 
123.75 0.192267 
123.8 0.19227 
123.85 0.192273 
123.9 0.192277 
123.95 0.19228 
124 0.192284 
124.05 0.192287 
124.1 0.192291 
124.15 0.192294 
124.2 0.192298 
124.25 0.192301 
124.3 0.192305 
124.35 0.192308 
124.4 0.192311 
124.45 0.192314 
124.5 0.192317 
124.55 0.19232 
124.6 0.192323 
124.65 0.192325 
124.7 0.192328 
124.75 0.19233 
124.8 0.192332 
124.85 0.192334 
124.9 0.192336 
124.95 0.192337 
125 0.192339 
125.05 0.19234 
125.1 0.192341 
125.15 0.192342 
125.2 0.192342 
125.25 0.192343 
125.3 0.192343 
125.35 0.192343 
125.4 0.192343 
125.45 0.192343 
125.5 0.192342 
125.55 0.192342 
125.6 0.192341 
125.65 0.19234 
125.7 0.192339 
125.75 0.192338 
125.8 0.192337 
125.85 0.192336 
125.9 0.192334 
125.95 0.192333 
126 0.192331 
126.05 0.19233 
126.1 0.192328 
126.15 0.192326 
126.2 0.192325 
126.25 0.192323 
126.3 0.192321 
126.35 0.192319 
126.4 0.192317 
126.45 0.192316 
126.5 0.192314 
126.55 0.192312 
126.6 0.19231 
126.65 0.192308 
126.7 0.192307 
126.75 0.192305 
126.8 0.192304 
126.85 0.192302 
126.9 0.192301 
126.95 0.1923 
127 0.192298 
127.05 0.192297 
127.1 0.192296 
127.15 0.192295 
127.2 0.192294 
127.25 0.192293 
127.3 0.192293 
127.35 0.192292 
127.4 0.192292 
127.45 0.192291 
127.5 0.192291 
127.55 0.192291 
127.6 0.19229 
127.65 0.19229 
127.7 0.19229 
127.75 0.192291 
127.8 0.192291 
127.85 0.192291 
127.9 0.192291 
127.95 0.192292 
128 0.192292 
128.05 0.192293 
128.1 0.192294 
128.15 0.192294 
128.2 0.192295 
128.25 0.192296 
128.3 0.192297 
128.35 0.192297 
128.4 0.192298 
128.45 0.192299 
128.5 0.1923 
128.55 0.192301 
128.6 0.192302 
128.65 0.192303 
128.7 0.192304 
128.75 0.192305 
128.8 0.192306 
128.85 0.192307 
128.9 0.192308 
128.95 0.192308 
129 0.192309 
129.05 0.19231 
129.1 0.192311 
129.15 0.192312 
129.2 0.192312 
129.25 0.192313 
129.3 0.192314 
129.35 0.192314 
129.4 0.192315 
129.45 0.192315 
129.5 0.192316 
129.55 0.192316 
129.6 0.192317 
129.65 0.192317 
129.7 0.192317 
129.75 0.192317 
129.8 0.192318 
129.85 0.192318 
129.9 0.192318 
129.95 0.192318 
130 0.192318 
130.05 0.192318 
130.1 0.192318 
130.15 0.192317 
130.2 0.192317 
130.25 0.192317 
130.3 0.192317 
130.35 0.192316 
130.4 0.192316 
130.45 0.192316 
130.5 0.192315 
130.55 0.192315 
130.6 0.192314 
130.65 0.192314 
130.7 0.192314 
130.75 0.192313 
130.8 0.192313 
130.85 0.192312 
130.9 0.192312 
130.95 0.192311 
131 0.192311 
131.05 0.19231 
131.1 0.19231 
131.15 0.192309 
131.2 0.192309 
131.25 0.192308 
131.3 0.192308 
131.35 0.192307 
131.4 0.192307 
131.45 0.192307 
131.5 0.192306 
131.55 0.192306 
131.6 0.192306 
131.65 0.192305 
131.7 0.192305 
131.75 0.192305 
131.8 0.192305 
131.85 0.192304 
131.9 0.192304 
131.95 0.192304 
132 0.192304 
132.05 0.192304 
132.1 0.192304 
132.15 0.192304 
132.2 0.192304 
132.25 0.192304 
132.3 0.192304 
132.35 0.192304 
132.4 0.192304 
132.45 0.192304 
132.5 0.192304 
132.55 0.192304 
132.6 0.192304 
132.65 0.192304 
132.7 0.192304 
132.75 0.192305 
132.8 0.192305 
132.85 0.192305 
132.9 0.192305 
132.95 0.192306 
133 0.192306 
133.05 0.192306 
133.1 0.192306 
133.15 0.192307 
133.2 0.192307 
133.25 0.192307 
133.3 0.192307 
133.35 0.192308 
133.4 0.192308 
133.45 0.192308 
133.5 0.192308 
133.55 0.192308 
133.6 0.192309 
133.65 0.192309 
133.7 0.192309 
133.75 0.192309 
133.8 0.19231 
133.85 0.19231 
133.9 0.19231 
133.95 0.19231 
134 0.19231 
134.05 0.19231 
134.1 0.19231 
134.15 0.192311 
134.2 0.192311 
134.25 0.192311 
134.3 0.192311 
134.35 0.192311 
134.4 0.192311 
134.45 0.192311 
134.5 0.192311 
134.55 0.192311 
134.6 0.192311 
134.65 0.192311 
134.7 0.192311 
134.75 0.192311 
134.8 0.192311 
134.85 0.192311 
134.9 0.192311 
134.95 0.192311 
135 0.19231 
135.05 0.19231 
135.1 0.19231 
135.15 0.19231 
135.2 0.19231 
135.25 0.19231 
135.3 0.19231 
135.35 0.19231 
135.4 0.19231 
135.45 0.192309 
135.5 0.192309 
135.55 0.192309 
135.6 0.192309 
135.65 0.192309 
135.7 0.192309 
135.75 0.192309 
135.8 0.192308 
135.85 0.192308 
135.9 0.192308 
135.95 0.192308 
136 0.192308 
136.05 0.192308 
136.1 0.192308 
136.15 0.192308 
136.2 0.192308 
136.25 0.192308 
136.3 0.192307 
136.35 0.192307 
136.4 0.192307 
136.45 0.192307 
136.5 0.192307 
136.55 0.192307 
136.6 0.192307 
136.65 0.192307 
136.7 0.192307 
136.75 0.192307 
136.8 0.192307 
136.85 0.192307 
136.9 0.192307 
136.95 0.192307 
137 0.192307 
137.05 0.192307 
137.1 0.192307 
137.15 0.192307 
137.2 0.192307 
137.25 0.192307 
137.3 0.192307 
137.35 0.192307 
137.4 0.192307 
137.45 0.192308 
137.5 0.192308 
137.55 0.192308 
137.6 0.192308 
137.65 0.192308 
137.7 0.192308 
137.75 0.192308 
137.8 0.192308 
137.85 0.192308 
137.9 0.192308 
137.95 0.192308 
138 0.192308 
138.05 0.192308 
138.1 0.192308 
138.15 0.192308 
138.2 0.192309 
138.25 0.192309 
138.3 0.192309 
138.35 0.192309 
138.4 0.192309 
138.45 0.192309 
138.5 0.192309 
138.55 0.192309 
138.6 0.192309 
138.65 0.192309 
138.7 0.192309 
138.75 0.192309 
138.8 0.192309 
138.85 0.192309 
138.9 0.192309 
138.95 0.192309 
139 0.192309 
139.05 0.192309 
139.1 0.192309 
139.15 0.192309 
139.2 0.192309 
139.25 0.192309 
139.3 0.192309 
139.35 0.192309 
139.4 0.192309 
139.45 0.192309 
139.5 0.192309 
139.55 0.192309 
139.6 0.192309 
139.65 0.192309 
139.7 0.192309 
139.75 0.192309 
139.8 0.192309 
139.85 0.192309 
139.9 0.192309 
139.95 0.192309 
140 0.192309 
140.05 0.192309 
140.1 0.192309 
140.15 0.192309 
140.2 0.192309 
140.25 0.192309 
140.3 0.192308 
140.35 0.192308 
140.4 0.192308 
140.45 0.192308 
140.5 0.192308 
140.55 0.192308 
140.6 0.192308 
140.65 0.192308 
140.7 0.192308 
140.75 0.192308 
140.8 0.192308 
140.85 0.192308 
140.9 0.192308 
140.95 0.192308 
141 0.192308 
141.05 0.192308 
141.1 0.192308 
141.15 0.192308 
141.2 0.192308 
141.25 0.192308 
141.3 0.192308 
141.35 0.192308 
141.4 0.192308 
141.45 0.192308 
141.5 0.192308 
141.55 0.192308 
141.6 0.192308 
141.65 0.192308 
141.7 0.192308 
141.75 0.192308 
141.8 0.192308 
141.85 0.192308 
141.9 0.192308 
141.95 0.192308 
142 0.192308 
142.05 0.192308 
142.1 0.192308 
142.15 0.192308 
142.2 0.192308 
142.25 0.192308 
142.3 0.192308 
142.35 0.192308 
142.4 0.192308 
142.45 0.192308 
142.5 0.192308 
142.55 0.192308 
142.6 0.192308 
142.65 0.192308 
142.7 0.192308 
142.75 0.192308 
142.8 0.192308 
142.85 0.192308 
142.9 0.192308 
142.95 0.192308 
143 0.192309 
143.05 0.192309 
143.1 0.192309 
143.15 0.192309 
143.2 0.192309 
143.25 0.192309 
143.3 0.192309 
143.35 0.192309 
143.4 0.192309 
143.45 0.192309 
143.5 0.192309 
143.55 0.192309 
143.6 0.192309 
143.65 0.192309 
143.7 0.192309 
143.75 0.192309 
143.8 0.192309 
143.85 0.192309 
143.9 0.192309 
143.95 0.192309 
144 0.192309 
144.05 0.192309 
144.1 0.192309 
144.15 0.192309 
144.2 0.192309 
144.25 0.192309 
144.3 0.192309 
144.35 0.192309 
144.4 0.192309 
144.45 0.192309 
144.5 0.192309 
144.55 0.192309 
144.6 0.192308 
144.65 0.192308 
144.7 0.192308 
144.75 0.192308 
144.8 0.192308 
144.85 0.192308 
144.9 0.192308 
144.95 0.192308 
145 0.192308 
145.05 0.192308 
145.1 0.192308 
145.15 0.192308 
145.2 0.192308 
145.25 0.192308 
145.3 0.192308 
145.35 0.192308 
145.4 0.192308 
145.45 0.192308 
145.5 0.192308 
145.55 0.192308 
145.6 0.192308 
145.65 0.192308 
145.7 0.192308 
145.75 0.192308 
145.8 0.192308 
145.85 0.192308 
145.9 0.192308 
145.95 0.192308 
146 0.192308 
146.05 0.192308 
146.1 0.192308 
146.15 0.192308 
146.2 0.192308 
146.25 0.192308 
146.3 0.192308 
146.35 0.192308 
146.4 0.192308 
146.45 0.192308 
146.5 0.192308 
146.55 0.192308 
146.6 0.192308 
146.65 0.192308 
146.7 0.192308 
146.75 0.192308 
146.8 0.192308 
146.85 0.192308 
146.9 0.192308 
146.95 0.192308 
147 0.192308 
147.05 0.192308 
147.1 0.192308 
147.15 0.192308 
147.2 0.192308 
147.25 0.192308 
147.3 0.192308 
147.35 0.192308 
147.4 0.192308 
147.45 0.192308 
147.5 0.192308 
147.55 0.192308 
147.6 0.192308 
147.65 0.192308 
147.7 0.192308 
147.75 0.192308 
147.8 0.192308 
147.85 0.192308 
147.9 0.192308 
147.95 0.192308 
148 0.192308 
148.05 0.192308 
148.1 0.192308 
148.15 0.192308 
148.2 0.192308 
148.25 0.192308 
148.3 0.192308 
148.35 0.192308 
148.4 0.192308 
148.45 0.192308 
148.5 0.192308 
148.55 0.192308 
148.6 0.192308 
148.65 0.192308 
148.7 0.192308 
148.75 0.192308 
148.8 0.192308 
148.85 0.192308 
148.9 0.192308 
148.95 0.192308 
149 0.192308 
149.05 0.192308 
149.1 0.192308 
149.15 0.192308 
149.2 0.192308 
149.25 0.192308 
149.3 0.192308 
149.35 0.192308 
149.4 0.192308 
149.45 0.192308 
149.5 0.192308 
149.55 0.192308 
149.6 0.192308 
149.65 0.192308 
149.7 0.192308 
149.75 0.192308 
149.8 0.192308 
149.85 0.192308 
149.9 0.192308 
149.95 0.192308 
150 0.192308 
150.05 0.192308 
150.1 0.192308 
150.15 0.192308 
150.2 0.192308 
150.25 0.192308 
150.3 0.192308 
150.35 0.192308 
150.4 0.192308 
150.45 0.192308 
150.5 0.192308 
150.55 0.192308 
150.6 0.192308 
150.65 0.192308 
150.7 0.192308 
150.75 0.192308 
150.8 0.192308 
150.85 0.192308 
150.9 0.192308 
150.95 0.192308 
151 0.192308 
151.05 0.192308 
151.1 0.192308 
151.15 0.192308 
151.2 0.192308 
151.25 0.192308 
151.3 0.192308 
151.35 0.192308 
151.4 0.192308 
151.45 0.192308 
151.5 0.192308 
151.55 0.192308 
151.6 0.192308 
151.65 0.192308 
151.7 0.192308 
151.75 0.192308 
151.8 0.192308 
151.85 0.192308 
151.9 0.192308 
151.95 0.192308 
152 0.192308 
152.05 0.192308 
152.1 0.192308 
152.15 0.192308 
152.2 0.192308 
152.25 0.192308 
152.3 0.192308 
152.35 0.192308 
152.4 0.192308 
152.45 0.192308 
152.5 0.192308 
152.55 0.192308 
152.6 0.192308 
152.65 0.192308 
152.7 0.192308 
152.75 0.192308 
152.8 0.192308 
152.85 0.192308 
152.9 0.192308 
152.95 0.192308 
153 0.192308 
153.05 0.192308 
153.1 0.192308 
153.15 0.192308 
153.2 0.192308 
153.25 0.192308 
153.3 0.192308 
153.35 0.192308 
153.4 0.192308 
153.45 0.192308 
153.5 0.192308 
153.55 0.192308 
153.6 0.192308 
153.65 0.192308 
153.7 0.192308 
153.75 0.192308 
153.8 0.192308 
153.85 0.192308 
153.9 0.192308 
153.95 0.192308 
154 0.192308 
154.05 0.192308 
154.1 0.192308 
154.15 0.192308 
154.2 0.192308 
154.25 0.192308 
154.3 0.192308 
154.35 0.192308 
154.4 0.192308 
154.45 0.192308 
154.5 0.192308 
154.55 0.192308 
154.6 0.192308 
154.65 0.192308 
154.7 0.192308 
154.75 0.192308 
154.8 0.192308 
154.85 0.192308 
154.9 0.192308 
154.95 0.192308 
155 0.192308 
155.05 0.192308 
155.1 0.192308 
155.15 0.192308 
155.2 0.192308 
155.25 0.192308 
155.3 0.192308 
155.35 0.192308 
155.4 0.192308 
155.45 0.192308 
155.5 0.192308 
155.55 0.192308 
155.6 0.192308 
155.65 0.192308 
155.7 0.192308 
155.75 0.192308 
155.8 0.192308 
155.85 0.192308 
155.9 0.192308 
155.95 0.192308 
156 0.192308 
156.05 0.192308 
156.1 0.192308 
156.15 0.192308 
156.2 0.192308 
156.25 0.192308 
156.3 0.192308 
156.35 0.192308 
156.4 0.192308 
156.45 0.192308 
156.5 0.192308 
156.55 0.192308 
156.6 0.192308 
156.65 0.192308 
156.7 0.192308 
156.75 0.192308 
156.8 0.192308 
156.85 0.192308 
156.9 0.192308 
156.95 0.192308 
157 0.192308 
157.05 0.192308 
157.1 0.192308 
157.15 0.192308 
157.2 0.192308 
157.25 0.192308 
157.3 0.192308 
157.35 0.192308 
157.4 0.192308 
157.45 0.192308 
157.5 0.192308 
157.55 0.192308 
157.6 0.192308 
157.65 0.192308 
157.7 0.192308 
157.75 0.192308 
157.8 0.192308 
157.85 0.192308 
157.9 0.192308 
157.95 0.192308 
158 0.192308 
158.05 0.192308 
158.1 0.192308 
158.15 0.192308 
158.2 0.192308 
158.25 0.192308 
158.3 0.192308 
158.35 0.192308 
158.4 0.192308 
158.45 0.192308 
158.5 0.192308 
158.55 0.192308 
158.6 0.192308 
158.65 0.192308 
158.7 0.192308 
158.75 0.192308 
158.8 0.192308 
158.85 0.192308 
158.9 0.192308 
158.95 0.192308 
159 0.192308 
159.05 0.192308 
159.1 0.192308 
159.15 0.192308 
159.2 0.192308 
159.25 0.192308 
159.3 0.192308 
159.35 0.192308 
159.4 0.192308 
159.45 0.192308 
159.5 0.192308 
159.55 0.192308 
159.6 0.192308 
159.65 0.192308 
159.7 0.192308 
159.75 0.192308 
159.8 0.192308 
159.85 0.192308 
159.9 0.192308 
159.95 0.192308 
160 0.192308 
160.05 0.192308 
160.1 0.192308 
160.15 0.192308 
160.2 0.192308 
160.25 0.192308 
160.3 0.192308 
160.35 0.192308 
160.4 0.192308 
160.45 0.192308 
160.5 0.192308 
160.55 0.192308 
160.6 0.192308 
160.65 0.192308 
160.7 0.192308 
160.75 0.192308 
160.8 0.192308 
160.85 0.192308 
160.9 0.192308 
160.95 0.192308 
161 0.192308 
161.05 0.192308 
161.1 0.192308 
161.15 0.192308 
161.2 0.192308 
161.25 0.192308 
161.3 0.192308 
161.35 0.192308 
161.4 0.192308 
161.45 0.192308 
161.5 0.192308 
161.55 0.192308 
161.6 0.192308 
161.65 0.192308 
161.7 0.192308 
161.75 0.192308 
161.8 0.192308 
161.85 0.192308 
161.9 0.192308 
161.95 0.192308 
162 0.192308 
162.05 0.192308 
162.1 0.192308 
162.15 0.192308 
162.2 0.192308 
162.25 0.192308 
162.3 0.192308 
162.35 0.192308 
162.4 0.192308 
162.45 0.192308 
162.5 0.192308 
162.55 0.192308 
162.6 0.192308 
162.65 0.192308 
162.7 0.192308 
162.75 0.192308 
162.8 0.192308 
162.85 0.192308 
162.9 0.192308 
162.95 0.192308 
163 0.192308 
163.05 0.192308 
163.1 0.192308 
163.15 0.192308 
163.2 0.192308 
163.25 0.192308 
163.3 0.192308 
163.35 0.192308 
163.4 0.192308 
163.45 0.192308 
163.5 0.192308 
163.55 0.192308 
163.6 0.192308 
163.65 0.192308 
163.7 0.192308 
163.75 0.192308 
163.8 0.192308 
163.85 0.192308 
163.9 0.192308 
163.95 0.192308 
164 0.192308 
164.05 0.192308 
164.1 0.192308 
164.15 0.192308 
164.2 0.192308 
164.25 0.192308 
164.3 0.192308 
164.35 0.192308 
164.4 0.192308 
164.45 0.192308 
164.5 0.192308 
164.55 0.192308 
164.6 0.192308 
164.65 0.192308 
164.7 0.192308 
164.75 0.192308 
164.8 0.192308 
164.85 0.192308 
164.9 0.192308 
164.95 0.192308 
165 0.192308 
165.05 0.192308 
165.1 0.192308 
165.15 0.192308 
165.2 0.192308 
165.25 0.192308 
165.3 0.192308 
165.35 0.192308 
165.4 0.192308 
165.45 0.192308 
165.5 0.192308 
165.55 0.192308 
165.6 0.192308 
165.65 0.192308 
165.7 0.192308 
165.75 0.192308 
165.8 0.192308 
165.85 0.192308 
165.9 0.192308 
165.95 0.192308 
166 0.192308 
166.05 0.192308 
166.1 0.192308 
166.15 0.192308 
166.2 0.192308 
166.25 0.192308 
166.3 0.192308 
166.35 0.192308 
166.4 0.192308 
166.45 0.192308 
166.5 0.192308 
166.55 0.192308 
166.6 0.192308 
166.65 0.192308 
166.7 0.192308 
166.75 0.192308 
166.8 0.192308 
166.85 0.192308 
166.9 0.192308 
166.95 0.192308 
167 0.192308 
167.05 0.192308 
167.1 0.192308 
167.15 0.192308 
167.2 0.192308 
167.25 0.192308 
167.3 0.192308 
167.35 0.192308 
167.4 0.192308 
167.45 0.192308 
167.5 0.192308 
167.55 0.192308 
167.6 0.192308 
167.65 0.192308 
167.7 0.192308 
167.75 0.192308 
167.8 0.192308 
167.85 0.192308 
167.9 0.192308 
167.95 0.192308 
168 0.192308 
168.05 0.192308 
168.1 0.192308 
168.15 0.192308 
168.2 0.192308 
168.25 0.192308 
168.3 0.192308 
168.35 0.192308 
168.4 0.192308 
168.45 0.192308 
168.5 0.192308 
168.55 0.192308 
168.6 0.192308 
168.65 0.192308 
168.7 0.192308 
168.75 0.192308 
168.8 0.192308 
168.85 0.192308 
168.9 0.192308 
168.95 0.192308 
169 0.192308 
169.05 0.192308 
169.1 0.192308 
169.15 0.192308 
169.2 0.192308 
169.25 0.192308 
169.3 0.192308 
169.35 0.192308 
169.4 0.192308 
169.45 0.192308 
169.5 0.192308 
169.55 0.192308 
169.6 0.192308 
169.65 0.192308 
169.7 0.192308 
169.75 0.192308 
169.8 0.192308 
169.85 0.192308 
169.9 0.192308 
169.95 0.192308 
170 0.192308 
170.05 0.192308 
170.1 0.192308 
170.15 0.192308 
170.2 0.192308 
170.25 0.192308 
170.3 0.192308 
170.35 0.192308 
170.4 0.192308 
170.45 0.192308 
170.5 0.192308 
170.55 0.192308 
170.6 0.192308 
170.65 0.192308 
170.7 0.192308 
170.75 0.192308 
170.8 0.192308 
170.85 0.192308 
170.9 0.192308 
170.95 0.192308 
171 0.192308 
171.05 0.192308 
171.1 0.192308 
171.15 0.192308 
171.2 0.192308 
171.25 0.192308 
171.3 0.192308 
171.35 0.192308 
171.4 0.192308 
171.45 0.192308 
171.5 0.192308 
171.55 0.192308 
171.6 0.192308 
171.65 0.192308 
171.7 0.192308 
171.75 0.192308 
171.8 0.192308 
171.85 0.192308 
171.9 0.192308 
171.95 0.192308 
172 0.192308 
172.05 0.192308 
172.1 0.192308 
172.15 0.192308 
172.2 0.192308 
172.25 0.192308 
172.3 0.192308 
172.35 0.192308 
172.4 0.192308 
172.45 0.192308 
172.5 0.192308 
172.55 0.192308 
172.6 0.192308 
172.65 0.192308 
172.7 0.192308 
172.75 0.192308 
172.8 0.192308 
172.85 0.192308 
172.9 0.192308 
172.95 0.192308 
173 0.192308 
173.05 0.192308 
173.1 0.192308 
173.15 0.192308 
173.2 0.192308 
173.25 0.192308 
173.3 0.192308 
173.35 0.192308 
173.4 0.192308 
173.45 0.192308 
173.5 0.192308 
173.55 0.192308 
173.6 0.192308 
173.65 0.192308 
173.7 0.192308 
173.75 0.192308 
173.8 0.192308 
173.85 0.192308 
173.9 0.192308 
173.95 0.192308 
174 0.192308 
174.05 0.192308 
174.1 0.192308 
174.15 0.192308 
174.2 0.192308 
174.25 0.192308 
174.3 0.192308 
174.35 0.192308 
174.4 0.192308 
174.45 0.192308 
174.5 0.192308 
174.55 0.192308 
174.6 0.192308 
174.65 0.192308 
174.7 0.192308 
174.75 0.192308 
174.8 0.192308 
174.85 0.192308 
174.9 0.192308 
174.95 0.192308 
175 0.192308 
175.05 0.192308 
175.1 0.192308 
175.15 0.192308 
175.2 0.192308 
175.25 0.192308 
175.3 0.192308 
175.35 0.192308 
175.4 0.192308 
175.45 0.192308 
175.5 0.192308 
175.55 0.192308 
175.6 0.192308 
175.65 0.192308 
175.7 0.192308 
175.75 0.192308 
175.8 0.192308 
175.85 0.192308 
175.9 0.192308 
175.95 0.192308 
176 0.192308 
176.05 0.192308 
176.1 0.192308 
176.15 0.192308 
176.2 0.192308 
176.25 0.192308 
176.3 0.192308 
176.35 0.192308 
176.4 0.192308 
176.45 0.192308 
176.5 0.192308 
176.55 0.192308 
176.6 0.192308 
176.65 0.192308 
176.7 0.192308 
176.75 0.192308 
176.8 0.192308 
176.85 0.192308 
176.9 0.192308 
176.95 0.192308 
177 0.192308 
177.05 0.192308 
177.1 0.192308 
177.15 0.192308 
177.2 0.192308 
177.25 0.192308 
177.3 0.192308 
177.35 0.192308 
177.4 0.192308 
177.45 0.192308 
177.5 0.192308 
177.55 0.192308 
177.6 0.192308 
177.65 0.192308 
177.7 0.192308 
177.75 0.192308 
177.8 0.192308 
177.85 0.192308 
177.9 0.192308 
177.95 0.192308 
178 0.192308 
178.05 0.192308 
178.1 0.192308 
178.15 0.192308 
178.2 0.192308 
178.25 0.192308 
178.3 0.192308 
178.35 0.192308 
178.4 0.192308 
178.45 0.192308 
178.5 0.192308 
178.55 0.192308 
178.6 0.192308 
178.65 0.192308 
178.7 0.192308 
178.75 0.192308 
178.8 0.192308 
178.85 0.192308 
178.9 0.192308 
178.95 0.192308 
179 0.192308 
179.05 0.192308 
179.1 0.192308 
179.15 0.192308 
179.2 0.192308 
179.25 0.192308 
179.3 0.192308 
179.35 0.192308 
179.4 0.192308 
179.45 0.192308 
179.5 0.192308 
179.55 0.192308 
179.6 0.192308 
179.65 0.192308 
179.7 0.192308 
179.75 0.192308 
179.8 0.192308 
179.85 0.192308 
179.9 0.192308 
179.95 0.192308 
180 0.192308 
180.05 0.192308 
180.1 0.192308 
180.15 0.192308 
180.2 0.192308 
180.25 0.192308 
180.3 0.192308 
180.35 0.192308 
180.4 0.192308 
180.45 0.192308 
180.5 0.192308 
180.55 0.192308 
180.6 0.192308 
180.65 0.192308 
180.7 0.192308 
180.75 0.192308 
180.8 0.192308 
180.85 0.192308 
180.9 0.192308 
180.95 0.192308 
181 0.192308 
181.05 0.192308 
181.1 0.192308 
181.15 0.192308 
181.2 0.192308 
181.25 0.192308 
181.3 0.192308 
181.35 0.192308 
181.4 0.192308 
181.45 0.192308 
181.5 0.192308 
181.55 0.192308 
181.6 0.192308 
181.65 0.192308 
181.7 0.192308 
181.75 0.192308 
181.8 0.192308 
181.85 0.192308 
181.9 0.192308 
181.95 0.192308 
182 0.192308 
182.05 0.192308 
182.1 0.192308 
182.15 0.192308 
182.2 0.192308 
182.25 0.192308 
182.3 0.192308 
182.35 0.192308 
182.4 0.192308 
182.45 0.192308 
182.5 0.192308 
182.55 0.192308 
182.6 0.192308 
182.65 0.192308 
182.7 0.192308 
182.75 0.192308 
182.8 0.192308 
182.85 0.192308 
182.9 0.192308 
182.95 0.192308 
183 0.192308 
183.05 0.192308 
183.1 0.192308 
183.15 0.192308 
183.2 0.192308 
183.25 0.192308 
183.3 0.192308 
183.35 0.192308 
183.4 0.192308 
183.45 0.192308 
183.5 0.192308 
183.55 0.192308 
183.6 0.192308 
183.65 0.192308 
183.7 0.192308 
183.75 0.192308 
183.8 0.192308 
183.85 0.192308 
183.9 0.192308 
183.95 0.192308 
184 0.192308 
184.05 0.192308 
184.1 0.192308 
184.15 0.192308 
184.2 0.192308 
184.25 0.192308 
184.3 0.192308 
184.35 0.192308 
184.4 0.192308 
184.45 0.192308 
184.5 0.192308 
184.55 0.192308 
184.6 0.192308 
184.65 0.192308 
184.7 0.192308 
184.75 0.192308 
184.8 0.192308 
184.85 0.192308 
184.9 0.192308 
184.95 0.192308 
185 0.192308 
185.05 0.192308 
185.1 0.192308 
185.15 0.192308 
185.2 0.192308 
185.25 0.192308 
185.3 0.192308 
185.35 0.192308 
185.4 0.192308 
185.45 0.192308 
185.5 0.192308 
185.55 0.192308 
185.6 0.192308 
185.65 0.192308 
185.7 0.192308 
185.75 0.192308 
185.8 0.192308 
185.85 0.192308 
185.9 0.192308 
185.95 0.192308 
186 0.192308 
186.05 0.192308 
186.1 0.192308 
186.15 0.192308 
186.2 0.192308 
186.25 0.192308 
186.3 0.192308 
186.35 0.192308 
186.4 0.192308 
186.45 0.192308 
186.5 0.192308 
186.55 0.192308 
186.6 0.192308 
186.65 0.192308 
186.7 0.192308 
186.75 0.192308 
186.8 0.192308 
186.85 0.192308 
186.9 0.192308 
186.95 0.192308 
187 0.192308 
187.05 0.192308 
187.1 0.192308 
187.15 0.192308 
187.2 0.192308 
187.25 0.192308 
187.3 0.192308 
187.35 0.192308 
187.4 0.192308 
187.45 0.192308 
187.5 0.192308 
187.55 0.192308 
187.6 0.192308 
187.65 0.192308 
187.7 0.192308 
187.75 0.192308 
187.8 0.192308 
187.85 0.192308 
187.9 0.192308 
187.95 0.192308 
188 0.192308 
188.05 0.192308 
188.1 0.192308 
188.15 0.192308 
188.2 0.192308 
188.25 0.192308 
188.3 0.192308 
188.35 0.192308 
188.4 0.192308 
188.45 0.192308 
188.5 0.192308 
188.55 0.192308 
188.6 0.192308 
188.65 0.192308 
188.7 0.192308 
188.75 0.192308 
188.8 0.192308 
188.85 0.192308 
188.9 0.192308 
188.95 0.192308 
189 0.192308 
189.05 0.192308 
189.1 0.192308 
189.15 0.192308 
189.2 0.192308 
189.25 0.192308 
189.3 0.192308 
189.35 0.192308 
189.4 0.192308 
189.45 0.192308 
189.5 0.192308 
189.55 0.192308 
189.6 0.192308 
189.65 0.192308 
189.7 0.192308 
189.75 0.192308 
189.8 0.192308 
189.85 0.192308 
189.9 0.192308 
189.95 0.192308 
190 0.192308 
190.05 0.192308 
190.1 0.192308 
190.15 0.192308 
190.2 0.192308 
190.25 0.192308 
190.3 0.192308 
190.35 0.192308 
190.4 0.192308 
190.45 0.192308 
190.5 0.192308 
190.55 0.192308 
190.6 0.192308 
190.65 0.192308 
190.7 0.192308 
190.75 0.192308 
190.8 0.192308 
190.85 0.192308 
190.9 0.192308 
190.95 0.192308 
191 0.192308 
191.05 0.192308 
191.1 0.192308 
191.15 0.192308 
191.2 0.192308 
191.25 0.192308 
191.3 0.192308 
191.35 0.192308 
191.4 0.192308 
191.45 0.192308 
191.5 0.192308 
191.55 0.192308 
191.6 0.192308 
191.65 0.192308 
191.7 0.192308 
191.75 0.192308 
191.8 0.192308 
191.85 0.192308 
191.9 0.192308 
191.95 0.192308 
192 0.192308 
192.05 0.192308 
192.1 0.192308 
192.15 0.192308 
192.2 0.192308 
192.25 0.192308 
192.3 0.192308 
192.35 0.192308 
192.4 0.192308 
192.45 0.192308 
192.5 0.192308 
192.55 0.192308 
192.6 0.192308 
192.65 0.192308 
192.7 0.192308 
192.75 0.192308 
192.8 0.192308 
192.85 0.192308 
192.9 0.192308 
192.95 0.192308 
193 0.192308 
193.05 0.192308 
193.1 0.192308 
193.15 0.192308 
193.2 0.192308 
193.25 0.192308 
193.3 0.192308 
193.35 0.192308 
193.4 0.192308 
193.45 0.192308 
193.5 0.192308 
193.55 0.192308 
193.6 0.192308 
193.65 0.192308 
193.7 0.192308 
193.75 0.192308 
193.8 0.192308 
193.85 0.192308 
193.9 0.192308 
193.95 0.192308 
194 0.192308 
194.05 0.192308 
194.1 0.192308 
194.15 0.192308 
194.2 0.192308 
194.25 0.192308 
194.3 0.192308 
194.35 0.192308 
194.4 0.192308 
194.45 0.192308 
194.5 0.192308 
194.55 0.192308 
194.6 0.192308 
194.65 0.192308 
194.7 0.192308 
194.75 0.192308 
194.8 0.192308 
194.85 0.192308 
194.9 0.192308 
194.95 0.192308 
195 0.192308 
195.05 0.192308 
195.1 0.192308 
195.15 0.192308 
195.2 0.192308 
195.25 0.192308 
195.3 0.192308 
195.35 0.192308 
195.4 0.192308 
195.45 0.192308 
195.5 0.192308 
195.55 0.192308 
195.6 0.192308 
195.65 0.192308 
195.7 0.192308 
195.75 0.192308 
195.8 0.192308 
195.85 0.192308 
195.9 0.192308 
195.95 0.192308 
196 0.192308 
196.05 0.192308 
196.1 0.192308 
196.15 0.192308 
196.2 0.192308 
196.25 0.192308 
196.3 0.192308 
196.35 0.192308 
196.4 0.192308 
196.45 0.192308 
196.5 0.192308 
196.55 0.192308 
196.6 0.192308 
196.65 0.192308 
196.7 0.192308 
196.75 0.192308 
196.8 0.192308 
196.85 0.192308 
196.9 0.192308 
196.95 0.192308 
197 0.192308 
197.05 0.192308 
197.1 0.192308 
197.15 0.192308 
197.2 0.192308 
197.25 0.192308 
197.3 0.192308 
197.35 0.192308 
197.4 0.192308 
197.45 0.192308 
197.5 0.192308 
197.55 0.192308 
197.6 0.192308 
197.65 0.192308 
197.7 0.192308 
197.75 0.192308 
197.8 0.192308 
197.85 0.192308 
197.9 0.192308 
197.95 0.192308 
198 0.192308 
198.05 0.192308 
198.1 0.192308 
198.15 0.192308 
198.2 0.192308 
198.25 0.192308 
198.3 0.192308 
198.35 0.192308 
198.4 0.192308 
198.45 0.192308 
198.5 0.192308 
198.55 0.192308 
198.6 0.192308 
198.65 0.192308 
198.7 0.192308 
198.75 0.192308 
198.8 0.192308 
198.85 0.192308 
198.9 0.192308 
198.95 0.192308 
199 0.192308 
199.05 0.192308 
199.1 0.192308 
199.15 0.192308 
199.2 0.192308 
199.25 0.192308 
199.3 0.192308 
199.35 0.192308 
199.4 0.192308 
199.45 0.192308 
199.5 0.192308 
199.55 0.192308 
199.6 0.192308 
199.65 0.192308 
199.7 0.192308 
199.75 0.192308 
199.8 0.192308 
199.85 0.192308 
199.9 0.192308 
199.95 0.192308 
200 0.192308 
