0 0.104933 
0.05 0.106143 
0.1 0.107361 
0.15 0.108583 
0.2 0.109805 
0.25 0.111025 
0.3 0.112239 
0.35 0.113442 
0.4 0.11463 
0.45 0.1158 
0.5 0.116945 
0.55 0.118061 
0.6 0.119144 
0.65 0.120186 
0.7 0.121182 
0.75 0.122127 
0.8 0.123013 
0.85 0.123833 
0.9 0.124581 
0.95 0.125249 
1 0.12583 
1.05 0.126314 
1.1 0.126694 
1.15 0.126961 
1.2 0.127104 
1.25 0.127114 
1.3 0.126979 
1.35 0.126689 
1.4 0.126228 
1.45 0.125584 
1.5 0.124738 
1.55 0.123673 
1.6 0.122365 
1.65 0.120787 
1.7 0.118905 
1.75 0.116675 
1.8 0.114044 
1.85 0.110943 
1.9 0.107289 
1.95 0.103001 
2 0.0980371 
2.05 0.0924377 
2.1 0.0863521 
2.15 0.0800094 
2.2 0.0736646 
2.25 0.0675484 
2.3 0.0618378 
2.35 0.056648 
2.4 0.0520368 
2.45 0.048017 
2.5 0.0445692 
2.55 0.0416542 
2.6 0.0392223 
2.65 0.0372198 
2.7 0.0355939 
2.75 0.034295 
2.8 0.0332782 
2.85 0.0325039 
2.9 0.0319378 
2.95 0.0315503 
3 0.0313164 
3.05 0.0312149 
3.1 0.0312283 
3.15 0.0313415 
3.2 0.0315423 
3.25 0.0318204 
3.3 0.0321672 
3.35 0.0325758 
3.4 0.0330403 
3.45 0.033556 
3.5 0.0341189 
3.55 0.0347258 
3.6 0.0353743 
3.65 0.0360623 
3.7 0.0367881 
3.75 0.0375506 
3.8 0.0383489 
3.85 0.0391824 
3.9 0.0400506 
3.95 0.0409535 
4 0.041891 
4.05 0.0428635 
4.1 0.0438711 
4.15 0.0449145 
4.2 0.0459942 
4.25 0.0471109 
4.3 0.0482654 
4.35 0.0494588 
4.4 0.0506919 
4.45 0.0519659 
4.5 0.0532821 
4.55 0.0546415 
4.6 0.0560457 
4.65 0.0574959 
4.7 0.0589938 
4.75 0.0605407 
4.8 0.0621384 
4.85 0.0637885 
4.9 0.0654926 
4.95 0.0672526 
5 0.0690702 
5.05 0.0709473 
5.1 0.0728856 
5.15 0.074887 
5.2 0.0769534 
5.25 0.0790864 
5.3 0.0812879 
5.35 0.0835595 
5.4 0.0859028 
5.45 0.0883192 
5.5 0.0908101 
5.55 0.0933766 
5.6 0.0960194 
5.65 0.0987391 
5.7 0.101536 
5.75 0.10441 
5.8 0.10736 
5.85 0.110385 
5.9 0.113483 
5.95 0.116652 
6 0.119888 
6.05 0.123186 
6.1 0.126542 
6.15 0.129949 
6.2 0.133399 
6.25 0.136883 
6.3 0.14039 
6.35 0.143909 
6.4 0.147426 
6.45 0.150925 
6.5 0.154391 
6.55 0.157803 
6.6 0.161141 
6.65 0.164385 
6.7 0.16751 
6.75 0.170493 
6.8 0.173307 
6.85 0.175926 
6.9 0.178323 
6.95 0.180473 
7 0.182347 
7.05 0.183922 
7.1 0.185172 
7.15 0.186075 
7.2 0.186609 
7.25 0.186758 
7.3 0.186503 
7.35 0.185833 
7.4 0.184736 
7.45 0.183204 
7.5 0.181231 
7.55 0.17881 
7.6 0.175938 
7.65 0.17261 
7.7 0.168817 
7.75 0.164548 
7.8 0.159786 
7.85 0.154502 
7.9 0.148659 
7.95 0.142211 
8 0.135113 
8.05 0.127351 
8.1 0.118988 
8.15 0.110188 
8.2 0.101205 
8.25 0.0923288 
8.3 0.0838305 
8.35 0.0759226 
8.4 0.068744 
8.45 0.0623635 
8.5 0.0567924 
8.55 0.0520009 
8.6 0.0479331 
8.65 0.0445193 
8.7 0.0416854 
8.75 0.0393579 
8.8 0.0374686 
8.85 0.0359555 
8.9 0.0347643 
8.95 0.0338477 
9 0.0331652 
9.05 0.0326826 
9.1 0.032371 
9.15 0.0322063 
9.2 0.0321683 
9.25 0.0322402 
9.3 0.032408 
9.35 0.0326603 
9.4 0.0329873 
9.45 0.0333813 
9.5 0.0338357 
9.55 0.0343451 
9.6 0.0349052 
9.65 0.0355125 
9.7 0.036164 
9.75 0.0368576 
9.8 0.0375912 
9.85 0.0383637 
9.9 0.039174 
9.95 0.0400213 
10 0.0409052 
10.05 0.0418256 
10.1 0.0427823 
10.15 0.0437757 
10.2 0.044806 
10.25 0.0458737 
10.3 0.0469795 
10.35 0.0481241 
10.4 0.0493084 
10.45 0.0505334 
10.5 0.0518002 
10.55 0.0531099 
10.6 0.0544639 
10.65 0.0558634 
10.7 0.05731 
10.75 0.0588051 
10.8 0.0603505 
10.85 0.0619477 
10.9 0.0635986 
10.95 0.0653049 
11 0.0670686 
11.05 0.0688915 
11.1 0.0707758 
11.15 0.0727234 
11.2 0.0747363 
11.25 0.0768167 
11.3 0.0789667 
11.35 0.0811882 
11.4 0.0834834 
11.45 0.0858542 
11.5 0.0883026 
11.55 0.0908302 
11.6 0.0934389 
11.65 0.0961299 
11.7 0.0989046 
11.75 0.101764 
11.8 0.104708 
11.85 0.107738 
11.9 0.110853 
11.95 0.114052 
12 0.117334 
12.05 0.120697 
12.1 0.124137 
12.15 0.12765 
12.2 0.131233 
12.25 0.134877 
12.3 0.138576 
12.35 0.142321 
12.4 0.146102 
12.45 0.149907 
12.5 0.153722 
12.55 0.157531 
12.6 0.16132 
12.65 0.165067 
12.7 0.168754 
12.75 0.172359 
12.8 0.175858 
12.85 0.179227 
12.9 0.182441 
12.95 0.185475 
13 0.188302 
13.05 0.190897 
13.1 0.193236 
13.15 0.195296 
13.2 0.197055 
13.25 0.198495 
13.3 0.199599 
13.35 0.200356 
13.4 0.200756 
13.45 0.200794 
13.5 0.20047 
13.55 0.199787 
13.6 0.198754 
13.65 0.197381 
13.7 0.195684 
13.75 0.193682 
13.8 0.191396 
13.85 0.18885 
13.9 0.186069 
13.95 0.18308 
14 0.179911 
14.05 0.176588 
14.1 0.17314 
14.15 0.169593 
14.2 0.165973 
14.25 0.162304 
14.3 0.158608 
14.35 0.154908 
14.4 0.151222 
14.45 0.147568 
14.5 0.143962 
14.55 0.140418 
14.6 0.136947 
14.65 0.133561 
14.7 0.130267 
14.75 0.127074 
14.8 0.123987 
14.85 0.121012 
14.9 0.118152 
14.95 0.115409 
15 0.112786 
15.05 0.110283 
15.1 0.107901 
15.15 0.105639 
15.2 0.103496 
15.25 0.101472 
15.3 0.0995641 
15.35 0.0977708 
15.4 0.0960898 
15.45 0.0945187 
15.5 0.0930549 
15.55 0.0916957 
15.6 0.0904383 
15.65 0.0892798 
15.7 0.0882176 
15.75 0.0872486 
15.8 0.0863701 
15.85 0.0855792 
15.9 0.0848732 
15.95 0.0842494 
16 0.0837051 
16.05 0.083238 
16.1 0.0828454 
16.15 0.082525 
16.2 0.0822746 
16.25 0.0820919 
16.3 0.0819748 
16.35 0.0819214 
16.4 0.0819297 
16.45 0.0819979 
16.5 0.0821243 
16.55 0.0823072 
16.6 0.0825451 
16.65 0.0828364 
16.7 0.0831796 
16.75 0.0835735 
16.8 0.0840166 
16.85 0.0845078 
16.9 0.0850458 
16.95 0.0856295 
17 0.0862576 
17.05 0.0869291 
17.1 0.0876428 
17.15 0.0883977 
17.2 0.0891926 
17.25 0.0900265 
17.3 0.0908983 
17.35 0.0918067 
17.4 0.0927507 
17.45 0.0937289 
17.5 0.0947402 
17.55 0.0957832 
17.6 0.0968565 
17.65 0.0979586 
17.7 0.0990878 
17.75 0.100243 
17.8 0.101421 
17.85 0.102621 
17.9 0.103842 
17.95 0.105079 
18 0.106332 
18.05 0.107597 
18.1 0.108872 
18.15 0.110154 
18.2 0.111439 
18.25 0.112725 
18.3 0.114008 
18.35 0.115284 
18.4 0.116549 
18.45 0.117799 
18.5 0.119029 
18.55 0.120234 
18.6 0.12141 
18.65 0.122552 
18.7 0.123654 
18.75 0.124709 
18.8 0.125713 
18.85 0.12666 
18.9 0.127542 
18.95 0.128353 
19 0.129087 
19.05 0.129737 
19.1 0.130295 
19.15 0.130754 
19.2 0.131107 
19.25 0.131345 
19.3 0.131461 
19.35 0.131447 
19.4 0.131293 
19.45 0.13099 
19.5 0.130529 
19.55 0.129899 
19.6 0.129088 
19.65 0.128084 
19.7 0.126871 
19.75 0.125431 
19.8 0.123746 
19.85 0.121788 
19.9 0.119527 
19.95 0.116925 
20 0.11393 
20.05 0.110484 
20.1 0.106517 
20.15 0.10197 
20.2 0.0968219 
20.25 0.0911309 
20.3 0.0850455 
20.35 0.0787792 
20.4 0.072563 
20.45 0.0666034 
20.5 0.061058 
20.55 0.0560276 
20.6 0.0515617 
20.65 0.0476691 
20.7 0.0443295 
20.75 0.0415042 
20.8 0.0391456 
20.85 0.0372021 
20.9 0.0356232 
20.95 0.0343616 
21 0.0333741 
21.05 0.0326228 
21.1 0.0320747 
21.15 0.0317014 
21.2 0.0314786 
21.25 0.031386 
21.3 0.0314063 
21.35 0.0315252 
21.4 0.0317307 
21.45 0.0320128 
21.5 0.0323631 
21.55 0.0327749 
21.6 0.0332423 
21.65 0.0337608 
21.7 0.0343265 
21.75 0.0349363 
21.8 0.0355877 
21.85 0.0362787 
21.9 0.0370078 
21.95 0.0377737 
22 0.0385755 
22.05 0.0394128 
22.1 0.0402851 
22.15 0.0411922 
22.2 0.0421343 
22.25 0.0431115 
22.3 0.0441243 
22.35 0.045173 
22.4 0.0462583 
22.45 0.047381 
22.5 0.0485418 
22.55 0.0497418 
22.6 0.0509818 
22.65 0.0522631 
22.7 0.0535869 
22.75 0.0549544 
22.8 0.0563669 
22.85 0.057826 
22.9 0.059333 
22.95 0.0608896 
23 0.0624973 
23.05 0.0641579 
23.1 0.065873 
23.15 0.0676444 
23.2 0.069474 
23.25 0.0713634 
23.3 0.0733147 
23.35 0.0753295 
23.4 0.0774098 
23.45 0.0795574 
23.5 0.0817739 
23.55 0.0840611 
23.6 0.0864205 
23.65 0.0888536 
23.7 0.0913617 
23.75 0.0939458 
23.8 0.0966068 
23.85 0.0993452 
23.9 0.102161 
23.95 0.105054 
24 0.108024 
24.05 0.111069 
24.1 0.114188 
24.15 0.117377 
24.2 0.120633 
24.25 0.123951 
24.3 0.127327 
24.35 0.130753 
24.4 0.134222 
24.45 0.137724 
24.5 0.141249 
24.55 0.144784 
24.6 0.148316 
24.65 0.151829 
24.7 0.155305 
24.75 0.158727 
24.8 0.162074 
24.85 0.165323 
24.9 0.168451 
24.95 0.171434 
25 0.174247 
25.05 0.176862 
25.1 0.179254 
25.15 0.181396 
25.2 0.183262 
25.25 0.184827 
25.3 0.186067 
25.35 0.18696 
25.4 0.187487 
25.45 0.187631 
25.5 0.187376 
25.55 0.18671 
25.6 0.185626 
25.65 0.184116 
25.7 0.182176 
25.75 0.179804 
25.8 0.176999 
25.85 0.17376 
25.9 0.170084 
25.95 0.165966 
26 0.161398 
26.05 0.156363 
26.1 0.150837 
26.15 0.144786 
26.2 0.13817 
26.25 0.13096 
26.3 0.123162 
26.35 0.114859 
26.4 0.106224 
26.45 0.0975012 
26.5 0.0889584 
26.55 0.0808361 
26.6 0.0733181 
26.65 0.06652 
26.7 0.0604947 
26.75 0.0552443 
26.8 0.050735 
26.85 0.0469108 
26.9 0.0437045 
26.95 0.0410453 
27 0.0388639 
27.05 0.0370962 
27.1 0.035684 
27.15 0.0345764 
27.2 0.033729 
27.25 0.0331041 
27.3 0.0326694 
27.35 0.0323979 
27.4 0.032267 
27.45 0.0322575 
27.5 0.0323537 
27.55 0.0325425 
27.6 0.032813 
27.65 0.033156 
27.7 0.0335642 
27.75 0.0340314 
27.8 0.0345526 
27.85 0.0351235 
27.9 0.0357409 
27.95 0.0364021 
28 0.0371048 
28.05 0.0378475 
28.1 0.0386287 
28.15 0.0394476 
28.2 0.0403036 
28.25 0.0411962 
28.3 0.0421253 
28.35 0.043091 
28.4 0.0440934 
28.45 0.0451329 
28.5 0.0462101 
28.55 0.0473257 
28.6 0.0484803 
28.65 0.049675 
28.7 0.0509107 
28.75 0.0521885 
28.8 0.0535096 
28.85 0.0548754 
28.9 0.0562872 
28.95 0.0577465 
29 0.0592548 
29.05 0.0608137 
29.1 0.0624251 
29.15 0.0640906 
29.2 0.065812 
29.25 0.0675914 
29.3 0.0694306 
29.35 0.0713316 
29.4 0.0732965 
29.45 0.0753273 
29.5 0.0774261 
29.55 0.079595 
29.6 0.081836 
29.65 0.0841512 
29.7 0.0865425 
29.75 0.0890118 
29.8 0.0915608 
29.85 0.0941911 
29.9 0.0969041 
29.95 0.099701 
30 0.102583 
30.05 0.105549 
30.1 0.108601 
30.15 0.111738 
30.2 0.114958 
30.25 0.118261 
30.3 0.121643 
30.35 0.125102 
30.4 0.128632 
30.45 0.13223 
30.5 0.135887 
30.55 0.139597 
30.6 0.14335 
30.65 0.147135 
30.7 0.15094 
30.75 0.154751 
30.8 0.158552 
30.85 0.162327 
30.9 0.166055 
30.95 0.169716 
31 0.173289 
31.05 0.176749 
31.1 0.180072 
31.15 0.183233 
31.2 0.186206 
31.25 0.188966 
31.3 0.191487 
31.35 0.193745 
31.4 0.195718 
31.45 0.197384 
31.5 0.198727 
31.55 0.199731 
31.6 0.200384 
31.65 0.200678 
31.7 0.200611 
31.75 0.200183 
31.8 0.199398 
31.85 0.198265 
31.9 0.196797 
31.95 0.19501 
32 0.192923 
32.05 0.190559 
32.1 0.187941 
32.15 0.185096 
32.2 0.18205 
32.25 0.178832 
32.3 0.175467 
32.35 0.171985 
32.4 0.16841 
32.45 0.164768 
32.5 0.161084 
32.55 0.157378 
32.6 0.153673 
32.65 0.149987 
32.7 0.146337 
32.75 0.142738 
32.8 0.139203 
32.85 0.135744 
32.9 0.132371 
32.95 0.129093 
33 0.125917 
33.05 0.122847 
33.1 0.119889 
33.15 0.117046 
33.2 0.114321 
33.25 0.111714 
33.3 0.109228 
33.35 0.106861 
33.4 0.104613 
33.45 0.102484 
33.5 0.100472 
33.55 0.0985754 
33.6 0.0967919 
33.65 0.0951193 
33.7 0.0935552 
33.75 0.0920969 
33.8 0.0907418 
33.85 0.0894871 
33.9 0.0883299 
33.95 0.0872673 
34 0.0862965 
34.05 0.0854147 
34.1 0.084619 
34.15 0.0839067 
34.2 0.0832751 
34.25 0.0827216 
34.3 0.0822437 
34.35 0.0818387 
34.4 0.0815045 
34.45 0.0812387 
34.5 0.0810391 
34.55 0.0809036 
34.6 0.0808301 
34.65 0.0808168 
34.7 0.0808617 
34.75 0.0809632 
34.8 0.0811195 
34.85 0.081329 
34.9 0.0815902 
34.95 0.0819015 
35 0.0822616 
35.05 0.0826691 
35.1 0.0831226 
35.15 0.0836209 
35.2 0.0841628 
35.25 0.084747 
35.3 0.0853722 
35.35 0.0860374 
35.4 0.0867414 
35.45 0.0874829 
35.5 0.0882607 
35.55 0.0890737 
35.6 0.0899205 
35.65 0.0907999 
35.7 0.0917106 
35.75 0.092651 
35.8 0.0936198 
35.85 0.0946155 
35.9 0.0956362 
35.95 0.0966804 
36 0.0977461 
36.05 0.0988313 
36.1 0.0999339 
36.15 0.101052 
36.2 0.102182 
36.25 0.103322 
36.3 0.10447 
36.35 0.105621 
36.4 0.106774 
36.45 0.107924 
36.5 0.109067 
36.55 0.1102 
36.6 0.111319 
36.65 0.112418 
36.7 0.113494 
36.75 0.11454 
36.8 0.115552 
36.85 0.116523 
36.9 0.117447 
36.95 0.118318 
37 0.119129 
37.05 0.119872 
37.1 0.120539 
37.15 0.121123 
37.2 0.121614 
37.25 0.122002 
37.3 0.122278 
37.35 0.122429 
37.4 0.122445 
37.45 0.122312 
37.5 0.122014 
37.55 0.121536 
37.6 0.120856 
37.65 0.119954 
37.7 0.118802 
37.75 0.117366 
37.8 0.115604 
37.85 0.113464 
37.9 0.110876 
37.95 0.107754 
38 0.103999 
38.05 0.0995313 
38.1 0.094339 
38.15 0.0885281 
38.2 0.0823116 
38.25 0.0759564 
38.3 0.0697227 
38.35 0.0638224 
38.4 0.0584028 
38.45 0.0535477 
38.5 0.0492878 
38.55 0.0456153 
38.6 0.042497 
38.65 0.0398854 
38.7 0.0377269 
38.75 0.0359671 
38.8 0.0345542 
38.85 0.0334409 
38.9 0.0325851 
38.95 0.03195 
39 0.0315041 
39.05 0.0312205 
39.1 0.0310767 
39.15 0.0310535 
39.2 0.0311351 
39.25 0.0313082 
39.3 0.0315618 
39.35 0.0318867 
39.4 0.0322755 
39.45 0.0327218 
39.5 0.0332205 
39.55 0.0337675 
39.6 0.0343593 
39.65 0.0349932 
39.7 0.0356669 
39.75 0.0363788 
39.8 0.0371275 
39.85 0.037912 
39.9 0.0387316 
39.95 0.0395858 
40 0.0404745 
40.05 0.0413975 
40.1 0.0423552 
40.15 0.0433476 
40.2 0.0443754 
40.25 0.045439 
40.3 0.0465391 
40.35 0.0476765 
40.4 0.0488521 
40.45 0.0500668 
40.5 0.0513218 
40.55 0.0526182 
40.6 0.0539572 
40.65 0.0553401 
40.7 0.0567683 
40.75 0.0582432 
40.8 0.0597664 
40.85 0.0613394 
40.9 0.0629639 
40.95 0.0646414 
41 0.0663739 
41.05 0.0681629 
41.1 0.0700103 
41.15 0.0719178 
41.2 0.0738874 
41.25 0.0759208 
41.3 0.0780198 
41.35 0.0801862 
41.4 0.0824215 
41.45 0.0847275 
41.5 0.0871056 
41.55 0.0895572 
41.6 0.0920833 
41.65 0.094685 
41.7 0.0973628 
41.75 0.100117 
41.8 0.102948 
41.85 0.105855 
41.9 0.108836 
41.95 0.111891 
42 0.115016 
42.05 0.11821 
42.1 0.121467 
42.15 0.124783 
42.2 0.128152 
42.25 0.131566 
42.3 0.135017 
42.35 0.138495 
42.4 0.141988 
42.45 0.145484 
42.5 0.148968 
42.55 0.152423 
42.6 0.155832 
42.65 0.159174 
42.7 0.162429 
42.75 0.165574 
42.8 0.168584 
42.85 0.171434 
42.9 0.174098 
42.95 0.176549 
43 0.17876 
43.05 0.180704 
43.1 0.182355 
43.15 0.183686 
43.2 0.184675 
43.25 0.185298 
43.3 0.185535 
43.35 0.185367 
43.4 0.184779 
43.45 0.183757 
43.5 0.182289 
43.55 0.180364 
43.6 0.177974 
43.65 0.175107 
43.7 0.171754 
43.75 0.167898 
43.8 0.163519 
43.85 0.158586 
43.9 0.153056 
43.95 0.146875 
44 0.139981 
44.05 0.132336 
44.1 0.123971 
44.15 0.115034 
44.2 0.105781 
44.25 0.096531 
44.3 0.0875912 
44.35 0.079213 
44.4 0.0715674 
44.45 0.0647458 
44.5 0.0587734 
44.55 0.0536267 
44.6 0.0492511 
44.65 0.0455747 
44.7 0.0425191 
44.75 0.0400062 
44.8 0.0379625 
44.85 0.0363214 
44.9 0.035024 
44.95 0.0340195 
45 0.0332641 
45.05 0.0327208 
45.1 0.0323586 
45.15 0.0321514 
45.2 0.0320774 
45.25 0.0321187 
45.3 0.0322603 
45.35 0.0324898 
45.4 0.0327969 
45.45 0.0331732 
45.5 0.0336117 
45.55 0.0341067 
45.6 0.0346536 
45.65 0.0352485 
45.7 0.0358883 
45.75 0.0365706 
45.8 0.0372935 
45.85 0.0380554 
45.9 0.0388552 
45.95 0.0396922 
46 0.0405657 
46.05 0.0414756 
46.1 0.0424218 
46.15 0.0434044 
46.2 0.0444237 
46.25 0.0454802 
46.3 0.0465744 
46.35 0.0477071 
46.4 0.0488792 
46.45 0.0500916 
46.5 0.0513453 
46.55 0.0526415 
46.6 0.0539814 
46.65 0.0553665 
46.7 0.0567981 
46.75 0.0582777 
46.8 0.0598069 
46.85 0.0613875 
46.9 0.063021 
46.95 0.0647095 
47 0.0664546 
47.05 0.0682583 
47.1 0.0701227 
47.15 0.0720498 
47.2 0.0740415 
47.25 0.0761001 
47.3 0.0782274 
47.35 0.0804258 
47.4 0.0826972 
47.45 0.0850435 
47.5 0.0874669 
47.55 0.089969 
47.6 0.0925516 
47.65 0.0952162 
47.7 0.0979642 
47.75 0.100797 
47.8 0.103714 
47.85 0.106717 
47.9 0.109805 
47.95 0.112978 
48 0.116234 
48.05 0.119572 
48.1 0.122989 
48.15 0.126481 
48.2 0.130043 
48.25 0.13367 
48.3 0.137354 
48.35 0.141087 
48.4 0.14486 
48.45 0.148661 
48.5 0.152478 
48.55 0.156294 
48.6 0.160095 
48.65 0.163861 
48.7 0.167574 
48.75 0.171212 
48.8 0.174752 
48.85 0.17817 
48.9 0.181442 
48.95 0.184542 
49 0.187444 
49.05 0.190122 
49.1 0.192552 
49.15 0.19471 
49.2 0.196574 
49.25 0.198124 
49.3 0.199343 
49.35 0.200218 
49.4 0.200738 
49.45 0.200898 
49.5 0.200695 
49.55 0.200131 
49.6 0.199213 
49.65 0.197951 
49.7 0.19636 
49.75 0.194456 
49.8 0.192261 
49.85 0.189798 
49.9 0.187091 
49.95 0.184167 
50 0.181053 
50.05 0.177777 
50.1 0.174367 
50.15 0.170849 
50.2 0.16725 
50.25 0.163594 
50.3 0.159904 
50.35 0.156203 
50.4 0.152511 
50.45 0.148845 
50.5 0.145223 
50.55 0.141658 
50.6 0.138163 
50.65 0.134749 
50.7 0.131426 
50.75 0.128201 
50.8 0.125082 
50.85 0.122072 
50.9 0.119177 
50.95 0.116399 
51 0.11374 
51.05 0.111202 
51.1 0.108784 
51.15 0.106487 
51.2 0.104311 
51.25 0.102253 
51.3 0.100313 
51.35 0.0984876 
51.4 0.096776 
51.45 0.0951754 
51.5 0.0936832 
51.55 0.0922968 
51.6 0.0910133 
51.65 0.08983 
51.7 0.0887441 
51.75 0.0877526 
51.8 0.0868527 
51.85 0.0860417 
51.9 0.0853166 
51.95 0.0846749 
52 0.0841139 
52.05 0.0836311 
52.1 0.0832239 
52.15 0.0828899 
52.2 0.0826269 
52.25 0.0824327 
52.3 0.0823051 
52.35 0.0822421 
52.4 0.0822418 
52.45 0.0823023 
52.5 0.082422 
52.55 0.082599 
52.6 0.0828319 
52.65 0.0831191 
52.7 0.0834592 
52.75 0.0838508 
52.8 0.0842926 
52.85 0.0847833 
52.9 0.0853218 
52.95 0.0859068 
53 0.0865372 
53.05 0.0872119 
53.1 0.0879298 
53.15 0.0886898 
53.2 0.089491 
53.25 0.0903321 
53.3 0.0912122 
53.35 0.0921301 
53.4 0.0930846 
53.45 0.0940747 
53.5 0.095099 
53.55 0.0961564 
53.6 0.0972454 
53.65 0.0983646 
53.7 0.0995125 
53.75 0.100688 
53.8 0.101888 
53.85 0.103112 
53.9 0.104357 
53.95 0.105622 
54 0.106904 
54.05 0.108201 
54.1 0.10951 
54.15 0.110828 
54.2 0.112152 
54.25 0.11348 
54.3 0.114807 
54.35 0.11613 
54.4 0.117445 
54.45 0.118748 
54.5 0.120035 
54.55 0.121302 
54.6 0.122543 
54.65 0.123753 
54.7 0.124928 
54.75 0.126062 
54.8 0.12715 
54.85 0.128185 
54.9 0.129162 
54.95 0.130075 
55 0.130917 
55.05 0.131682 
55.1 0.132364 
55.15 0.132956 
55.2 0.133451 
55.25 0.133843 
55.3 0.134125 
55.35 0.134291 
55.4 0.134332 
55.45 0.134242 
55.5 0.134014 
55.55 0.13364 
55.6 0.133112 
55.65 0.132422 
55.7 0.131561 
55.75 0.130519 
55.8 0.129286 
55.85 0.127848 
55.9 0.12619 
55.95 0.124296 
56 0.122143 
56.05 0.119705 
56.1 0.116948 
56.15 0.113831 
56.2 0.110304 
56.25 0.106308 
56.3 0.101795 
56.35 0.0967447 
56.4 0.091199 
56.45 0.0852802 
56.5 0.0791734 
56.55 0.073089 
56.6 0.0672232 
56.65 0.0617322 
56.7 0.0567212 
56.75 0.052247 
56.8 0.048326 
56.85 0.0449446 
56.9 0.0420702 
56.95 0.039659 
57 0.0376629 
57.05 0.036033 
57.1 0.0347233 
57.15 0.0336914 
57.2 0.0328995 
57.25 0.0323146 
57.3 0.031908 
57.35 0.0316554 
57.4 0.031536 
57.45 0.0315323 
57.5 0.0316296 
57.55 0.0318157 
57.6 0.0320802 
57.65 0.0324147 
57.7 0.032812 
57.75 0.0332663 
57.8 0.0337726 
57.85 0.0343272 
57.9 0.0349266 
57.95 0.0355683 
58 0.0362503 
58.05 0.0369707 
58.1 0.0377285 
58.15 0.0385225 
58.2 0.0393523 
58.25 0.0402173 
58.3 0.0411174 
58.35 0.0420526 
58.4 0.0430231 
58.45 0.0440292 
58.5 0.0450713 
58.55 0.04615 
58.6 0.0472661 
58.65 0.0484203 
58.7 0.0496137 
58.75 0.050847 
58.8 0.0521216 
58.85 0.0534385 
58.9 0.054799 
58.95 0.0562045 
59 0.0576563 
59.05 0.0591559 
59.1 0.060705 
59.15 0.062305 
59.2 0.0639577 
59.25 0.0656647 
59.3 0.0674279 
59.35 0.069249 
59.4 0.0711298 
59.45 0.0730722 
59.5 0.075078 
59.55 0.077149 
59.6 0.0792871 
59.65 0.0814941 
59.7 0.0837715 
59.75 0.086121 
59.8 0.0885442 
59.85 0.0910422 
59.9 0.0936162 
59.95 0.0962671 
60 0.0989955 
60.05 0.101802 
60.1 0.104685 
60.15 0.107646 
60.2 0.110682 
60.25 0.113792 
60.3 0.116973 
60.35 0.120222 
60.4 0.123535 
60.45 0.126906 
60.5 0.130329 
60.55 0.133796 
60.6 0.137298 
60.65 0.140825 
60.7 0.144364 
60.75 0.147903 
60.8 0.151425 
60.85 0.154915 
60.9 0.158354 
60.95 0.161721 
61 0.164994 
61.05 0.168152 
61.1 0.171169 
61.15 0.174019 
61.2 0.176678 
61.25 0.179119 
61.3 0.181315 
61.35 0.18324 
61.4 0.184869 
61.45 0.186179 
61.5 0.187147 
61.55 0.187754 
61.6 0.187983 
61.65 0.187818 
61.7 0.187247 
61.75 0.186263 
61.8 0.184858 
61.85 0.18303 
61.9 0.180776 
61.95 0.178097 
62 0.174992 
62.05 0.171463 
62.1 0.167508 
62.15 0.163121 
62.2 0.158293 
62.25 0.153006 
62.3 0.147234 
62.35 0.140943 
62.4 0.1341 
62.45 0.126689 
62.5 0.118744 
62.55 0.110382 
62.6 0.101801 
62.65 0.0932501 
62.7 0.0849812 
62.75 0.0772063 
62.8 0.0700773 
62.85 0.0636812 
62.9 0.0580484 
62.95 0.053166 
63 0.0489914 
63.05 0.045465 
63.1 0.0425191 
63.15 0.0400848 
63.2 0.0380961 
63.25 0.0364924 
63.3 0.0352193 
63.35 0.0342294 
63.4 0.0334818 
63.45 0.0329414 
63.5 0.0325787 
63.55 0.0323685 
63.6 0.0322902 
63.65 0.0323261 
63.7 0.0324618 
63.75 0.0326851 
63.8 0.032986 
63.85 0.0333563 
63.9 0.033789 
63.95 0.0342785 
64 0.0348201 
64.05 0.0354101 
64.1 0.0360454 
64.15 0.0367236 
64.2 0.0374426 
64.25 0.038201 
64.3 0.0389976 
64.35 0.0398317 
64.4 0.0407027 
64.45 0.0416103 
64.5 0.0425544 
64.55 0.0435352 
64.6 0.0445529 
64.65 0.045608 
64.7 0.0467011 
64.75 0.0478328 
64.8 0.0490041 
64.85 0.0502158 
64.9 0.051469 
64.95 0.0527649 
65 0.0541047 
65.05 0.0554897 
65.1 0.0569213 
65.15 0.0584011 
65.2 0.0599306 
65.25 0.0615116 
65.3 0.0631456 
65.35 0.0648346 
65.4 0.0665803 
65.45 0.0683848 
65.5 0.0702499 
65.55 0.0721777 
65.6 0.0741703 
65.65 0.0762297 
65.7 0.0783579 
65.75 0.0805571 
65.8 0.0828292 
65.85 0.0851764 
65.9 0.0876004 
65.95 0.0901032 
66 0.0926863 
66.05 0.0953513 
66.1 0.0980995 
66.15 0.100932 
66.2 0.103849 
66.25 0.106852 
66.3 0.109939 
66.35 0.113111 
66.4 0.116366 
66.45 0.119701 
66.5 0.123116 
66.55 0.126604 
66.6 0.130163 
66.65 0.133785 
66.7 0.137464 
66.75 0.141191 
66.8 0.144957 
66.85 0.14875 
66.9 0.152557 
66.95 0.156364 
67 0.160153 
67.05 0.163907 
67.1 0.167606 
67.15 0.171229 
67.2 0.174752 
67.25 0.178153 
67.3 0.181406 
67.35 0.184486 
67.4 0.187367 
67.45 0.190024 
67.5 0.192431 
67.55 0.194565 
67.6 0.196405 
67.65 0.197931 
67.7 0.199126 
67.75 0.199977 
67.8 0.200473 
67.85 0.200609 
67.9 0.200383 
67.95 0.199797 
68 0.198858 
68.05 0.197576 
68.1 0.195966 
68.15 0.194044 
68.2 0.191832 
68.25 0.189353 
68.3 0.186631 
68.35 0.183693 
68.4 0.180566 
68.45 0.177278 
68.5 0.173855 
68.55 0.170326 
68.6 0.166714 
68.65 0.163046 
68.7 0.159345 
68.75 0.155632 
68.8 0.151926 
68.85 0.148247 
68.9 0.144609 
68.95 0.141028 
69 0.137516 
69.05 0.134085 
69.1 0.130742 
69.15 0.127496 
69.2 0.124354 
69.25 0.121321 
69.3 0.1184 
69.35 0.115595 
69.4 0.112908 
69.45 0.110339 
69.5 0.10789 
69.55 0.105559 
69.6 0.103348 
69.65 0.101253 
69.7 0.0992742 
69.75 0.0974094 
69.8 0.0956562 
69.85 0.0940125 
69.9 0.0924756 
69.95 0.0910428 
70 0.0897115 
70.05 0.0884788 
70.1 0.0873419 
70.15 0.0862978 
70.2 0.0853437 
70.25 0.0844768 
70.3 0.0836943 
70.35 0.0829934 
70.4 0.0823715 
70.45 0.0818259 
70.5 0.0813542 
70.55 0.0809538 
70.6 0.0806224 
70.65 0.0803577 
70.7 0.0801576 
70.75 0.0800198 
70.8 0.0799425 
70.85 0.0799236 
70.9 0.0799613 
70.95 0.0800539 
71 0.0801995 
71.05 0.0803967 
71.1 0.0806438 
71.15 0.0809393 
71.2 0.0812817 
71.25 0.0816697 
71.3 0.0821019 
71.35 0.082577 
71.4 0.0830936 
71.45 0.0836505 
71.5 0.0842464 
71.55 0.0848801 
71.6 0.0855503 
71.65 0.0862557 
71.7 0.086995 
71.75 0.087767 
71.8 0.0885702 
71.85 0.0894032 
71.9 0.0902646 
71.95 0.0911528 
72 0.0920663 
72.05 0.0930032 
72.1 0.0939618 
72.15 0.0949401 
72.2 0.0959361 
72.25 0.0969475 
72.3 0.097972 
72.35 0.099007 
72.4 0.10005 
72.45 0.101097 
72.5 0.102147 
72.55 0.103194 
72.6 0.104236 
72.65 0.105269 
72.7 0.106288 
72.75 0.107289 
72.8 0.108267 
72.85 0.109217 
72.9 0.110133 
72.95 0.111009 
73 0.111838 
73.05 0.112613 
73.1 0.113328 
73.15 0.113972 
73.2 0.114539 
73.25 0.115017 
73.3 0.115396 
73.35 0.115665 
73.4 0.115811 
73.45 0.115818 
73.5 0.115671 
73.55 0.115351 
73.6 0.114835 
73.65 0.114096 
73.7 0.113103 
73.75 0.111815 
73.8 0.11018 
73.85 0.108131 
73.9 0.10558 
73.95 0.10242 
74 0.0985443 
74.05 0.0938965 
74.1 0.0885362 
74.15 0.0826489 
74.2 0.0764998 
74.25 0.0703656 
74.3 0.0644836 
74.35 0.0590268 
74.4 0.0541011 
74.45 0.0497542 
74.5 0.0459898 
74.55 0.0427823 
74.6 0.0400884 
74.65 0.0378563 
74.7 0.0360321 
74.75 0.0345638 
74.8 0.0334031 
74.85 0.0325069 
74.9 0.0318376 
74.95 0.0313627 
75 0.0310544 
75.05 0.0308893 
75.1 0.0308476 
75.15 0.030913 
75.2 0.0310717 
75.25 0.0313124 
75.3 0.0316255 
75.35 0.0320033 
75.4 0.0324393 
75.45 0.0329282 
75.5 0.0334656 
75.55 0.0340481 
75.6 0.0346728 
75.65 0.0353374 
75.7 0.03604 
75.75 0.0367793 
75.8 0.0375542 
75.85 0.0383641 
75.9 0.0392083 
75.95 0.0400866 
76 0.0409991 
76.05 0.0419457 
76.1 0.0429267 
76.15 0.0439426 
76.2 0.0449939 
76.25 0.0460812 
76.3 0.0472054 
76.35 0.0483671 
76.4 0.0495675 
76.45 0.0508075 
76.5 0.0520883 
76.55 0.053411 
76.6 0.0547769 
76.65 0.0561875 
76.7 0.057644 
76.75 0.059148 
76.8 0.060701 
76.85 0.0623045 
76.9 0.0639604 
76.95 0.0656701 
77 0.0674355 
77.05 0.0692583 
77.1 0.0711403 
77.15 0.0730832 
77.2 0.0750889 
77.25 0.0771591 
77.3 0.0792955 
77.35 0.0814998 
77.4 0.0837736 
77.45 0.0861183 
77.5 0.0885353 
77.55 0.0910257 
77.6 0.0935905 
77.65 0.0962304 
77.7 0.0989457 
77.75 0.101736 
77.8 0.104602 
77.85 0.107542 
77.9 0.110554 
77.95 0.113636 
78 0.116786 
78.05 0.119999 
78.1 0.123271 
78.15 0.126595 
78.2 0.129966 
78.25 0.133374 
78.3 0.13681 
78.35 0.140263 
78.4 0.14372 
78.45 0.147167 
78.5 0.150588 
78.55 0.153965 
78.6 0.157279 
78.65 0.160509 
78.7 0.163631 
78.75 0.166623 
78.8 0.169458 
78.85 0.172111 
78.9 0.174554 
78.95 0.17676 
79 0.178701 
79.05 0.180349 
79.1 0.181677 
79.15 0.182661 
79.2 0.183274 
79.25 0.183495 
79.3 0.183302 
79.35 0.182675 
79.4 0.181596 
79.45 0.180048 
79.5 0.178014 
79.55 0.175476 
79.6 0.172414 
79.65 0.168803 
79.7 0.164609 
79.75 0.159786 
79.8 0.154273 
79.85 0.147992 
79.9 0.140861 
79.95 0.132843 
80 0.124009 
80.05 0.114578 
80.1 0.104882 
80.15 0.0952876 
80.2 0.0861233 
80.25 0.0776343 
80.3 0.0699718 
80.35 0.063203 
80.4 0.0573296 
80.45 0.0523088 
80.5 0.0480709 
80.55 0.0445339 
80.6 0.0416126 
80.65 0.0392249 
80.7 0.0372956 
80.75 0.0357574 
80.8 0.0345517 
80.85 0.0336282 
80.9 0.0329442 
80.95 0.0324637 
81 0.0321567 
81.05 0.0319981 
81.1 0.0319672 
81.15 0.0320465 
81.2 0.032222 
81.25 0.0324818 
81.3 0.0328162 
81.35 0.0332172 
81.4 0.0336783 
81.45 0.0341941 
81.5 0.0347601 
81.55 0.0353729 
81.6 0.0360295 
81.65 0.0367278 
81.7 0.0374658 
81.75 0.0382423 
81.8 0.0390562 
81.85 0.0399069 
81.9 0.040794 
81.95 0.0417172 
82 0.0426765 
82.05 0.0436722 
82.1 0.0447047 
82.15 0.0457743 
82.2 0.0468819 
82.25 0.0480281 
82.3 0.0492138 
82.35 0.0504401 
82.4 0.051708 
82.45 0.0530188 
82.5 0.0543736 
82.55 0.0557739 
82.6 0.0572212 
82.65 0.0587169 
82.7 0.0602628 
82.75 0.0618604 
82.8 0.0635116 
82.85 0.0652182 
82.9 0.0669821 
82.95 0.0688053 
83 0.0706896 
83.05 0.0726373 
83.1 0.0746503 
83.15 0.0767307 
83.2 0.0788806 
83.25 0.0811022 
83.3 0.0833974 
83.35 0.0857682 
83.4 0.0882166 
83.45 0.0907443 
83.5 0.0933531 
83.55 0.0960443 
83.6 0.0988192 
83.65 0.101679 
83.7 0.104624 
83.75 0.107654 
83.8 0.11077 
83.85 0.11397 
83.9 0.117253 
83.95 0.120616 
84 0.124058 
84.05 0.127573 
84.1 0.131157 
84.15 0.134803 
84.2 0.138505 
84.25 0.142253 
84.3 0.146037 
84.35 0.149845 
84.4 0.153664 
84.45 0.157478 
84.5 0.16127 
84.55 0.165023 
84.6 0.168715 
84.65 0.172325 
84.7 0.17583 
84.75 0.179205 
84.8 0.182426 
84.85 0.185465 
84.9 0.188299 
84.95 0.190901 
85 0.193247 
85.05 0.195312 
85.1 0.197077 
85.15 0.198522 
85.2 0.199631 
85.25 0.200392 
85.3 0.200795 
85.35 0.200835 
85.4 0.200513 
85.45 0.199831 
85.5 0.198797 
85.55 0.197422 
85.6 0.195723 
85.65 0.193716 
85.7 0.191425 
85.75 0.188873 
85.8 0.186084 
85.85 0.183086 
85.9 0.179907 
85.95 0.176574 
86 0.173114 
86.05 0.169555 
86.1 0.165921 
86.15 0.162238 
86.2 0.158527 
86.25 0.154812 
86.3 0.15111 
86.35 0.147439 
86.4 0.143815 
86.45 0.140253 
86.5 0.136764 
86.55 0.133358 
86.6 0.130045 
86.65 0.126832 
86.7 0.123725 
86.75 0.120729 
86.8 0.117847 
86.85 0.115082 
86.9 0.112437 
86.95 0.109911 
87 0.107506 
87.05 0.10522 
87.1 0.103054 
87.15 0.101005 
87.2 0.099072 
87.25 0.0972534 
87.3 0.0955467 
87.35 0.0939494 
87.4 0.0924589 
87.45 0.0910726 
87.5 0.0897876 
87.55 0.0886011 
87.6 0.0875103 
87.65 0.0865122 
87.7 0.0856041 
87.75 0.084783 
87.8 0.0840462 
87.85 0.083391 
87.9 0.0828147 
87.95 0.0823148 
88 0.0818888 
88.05 0.0815342 
88.1 0.0812487 
88.15 0.0810301 
88.2 0.0808763 
88.25 0.0807852 
88.3 0.0807548 
88.35 0.0807834 
88.4 0.0808689 
88.45 0.0810099 
88.5 0.0812045 
88.55 0.0814513 
88.6 0.0817488 
88.65 0.0820955 
88.7 0.08249 
88.75 0.082931 
88.8 0.0834172 
88.85 0.0839473 
88.9 0.0845201 
88.95 0.0851345 
89 0.0857892 
89.05 0.086483 
89.1 0.0872147 
89.15 0.0879833 
89.2 0.0887873 
89.25 0.0896257 
89.3 0.0904971 
89.35 0.0914002 
89.4 0.0923336 
89.45 0.0932959 
89.5 0.0942856 
89.55 0.0953009 
89.6 0.0963403 
89.65 0.0974018 
89.7 0.0984836 
89.75 0.0995835 
89.8 0.100699 
89.85 0.101828 
89.9 0.102969 
89.95 0.104117 
90 0.10527 
90.05 0.106426 
90.1 0.10758 
90.15 0.108729 
90.2 0.109868 
90.25 0.110995 
90.3 0.112104 
90.35 0.113191 
90.4 0.11425 
90.45 0.115276 
90.5 0.116263 
90.55 0.117206 
90.6 0.118098 
90.65 0.118932 
90.7 0.1197 
90.75 0.120395 
90.8 0.121009 
90.85 0.121533 
90.9 0.121958 
90.95 0.122273 
91 0.122468 
91.05 0.122531 
91.1 0.122449 
91.15 0.122208 
91.2 0.121791 
91.25 0.12118 
91.3 0.120354 
91.35 0.119286 
91.4 0.117947 
91.45 0.116297 
91.5 0.114286 
91.55 0.111852 
91.6 0.108915 
91.65 0.105376 
91.7 0.101146 
91.75 0.0961825 
91.8 0.0905515 
91.85 0.0844353 
91.9 0.0780902 
91.95 0.0717847 
92 0.0657499 
92.05 0.0601552 
92.1 0.0551042 
92.15 0.0506438 
92.2 0.0467773 
92.25 0.0434785 
92.3 0.0407035 
92.35 0.0383999 
92.4 0.0365131 
92.45 0.0349902 
92.5 0.033782 
92.55 0.0328448 
92.6 0.03214 
92.65 0.0316343 
92.7 0.0312995 
92.75 0.0311115 
92.8 0.0310502 
92.85 0.0310985 
92.9 0.0312426 
92.95 0.0314705 
93 0.0317727 
93.05 0.032141 
93.1 0.0325688 
93.15 0.0330507 
93.2 0.0335821 
93.25 0.0341594 
93.3 0.0347796 
93.35 0.0354404 
93.4 0.0361398 
93.45 0.0368764 
93.5 0.0376492 
93.55 0.0384572 
93.6 0.0393 
93.65 0.0401773 
93.7 0.0410891 
93.75 0.0420352 
93.8 0.0430162 
93.85 0.0440322 
93.9 0.0450839 
93.95 0.0461718 
94 0.0472968 
94.05 0.0484597 
94.1 0.0496615 
94.15 0.0509031 
94.2 0.0521857 
94.25 0.0535104 
94.3 0.0548787 
94.35 0.0562918 
94.4 0.0577512 
94.45 0.0592583 
94.5 0.0608147 
94.55 0.062422 
94.6 0.0640819 
94.65 0.065796 
94.7 0.0675662 
94.75 0.0693941 
94.8 0.0712817 
94.85 0.0732307 
94.9 0.0752428 
94.95 0.07732 
95 0.079464 
95.05 0.0816765 
95.1 0.0839591 
95.15 0.0863133 
95.2 0.0887406 
95.25 0.0912421 
95.3 0.0938188 
95.35 0.0964716 
95.4 0.0992008 
95.45 0.102006 
95.5 0.104888 
95.55 0.107845 
95.6 0.110876 
95.65 0.113979 
95.7 0.117151 
95.75 0.120388 
95.8 0.123685 
95.85 0.127037 
95.9 0.130438 
95.95 0.133878 
96 0.137349 
96.05 0.140839 
96.1 0.144336 
96.15 0.147826 
96.2 0.151293 
96.25 0.15472 
96.3 0.158087 
96.35 0.161374 
96.4 0.164559 
96.45 0.167617 
96.5 0.170524 
96.55 0.173253 
96.6 0.175778 
96.65 0.178073 
96.7 0.180109 
96.75 0.181861 
96.8 0.183302 
96.85 0.184408 
96.9 0.185156 
96.95 0.185524 
97 0.185494 
97.05 0.185048 
97.1 0.184173 
97.15 0.182856 
97.2 0.181086 
97.25 0.178854 
97.3 0.17615 
97.35 0.172963 
97.4 0.169281 
97.45 0.165084 
97.5 0.160345 
97.55 0.155028 
97.6 0.14908 
97.65 0.142442 
97.7 0.135062 
97.75 0.126943 
97.8 0.118186 
97.85 0.109015 
97.9 0.0997318 
97.95 0.0906559 
98 0.0820616 
98.05 0.0741487 
98.1 0.0670353 
98.15 0.0607681 
98.2 0.0553386 
98.25 0.0507015 
98.3 0.0467896 
98.35 0.0435259 
98.4 0.0408318 
98.45 0.0386318 
98.5 0.0368567 
98.55 0.0354451 
98.6 0.0343432 
98.65 0.033505 
98.7 0.0328911 
98.75 0.0324685 
98.8 0.0322095 
98.85 0.032091 
98.9 0.0320936 
98.95 0.0322015 
99 0.0324013 
99.05 0.0326822 
99.1 0.033035 
99.15 0.0334523 
99.2 0.033928 
99.25 0.0344571 
99.3 0.0350355 
99.35 0.0356598 
99.4 0.0363274 
99.45 0.0370362 
99.5 0.0377845 
99.55 0.0385711 
99.6 0.0393951 
99.65 0.0402558 
99.7 0.041153 
99.75 0.0420864 
99.8 0.0430562 
99.85 0.0440625 
99.9 0.0451059 
99.95 0.0461868 
100 0.0473059 
100.05 0.048464 
100.1 0.0496621 
100.15 0.0509012 
100.2 0.0521823 
100.25 0.0535068 
100.3 0.0548758 
100.35 0.0562909 
100.4 0.0577535 
100.45 0.0592651 
100.5 0.0608275 
100.55 0.0624422 
100.6 0.0641112 
100.65 0.0658362 
100.7 0.0676191 
100.75 0.069462 
100.8 0.0713668 
100.85 0.0733356 
100.9 0.0753705 
100.95 0.0774735 
101 0.0796467 
101.05 0.0818922 
101.1 0.084212 
101.15 0.0866081 
101.2 0.0890824 
101.25 0.0916365 
101.3 0.0942722 
101.35 0.0969908 
101.4 0.0997934 
101.45 0.102681 
101.5 0.105654 
101.55 0.108712 
101.6 0.111856 
101.65 0.115083 
101.7 0.118392 
101.75 0.121782 
101.8 0.125248 
101.85 0.128786 
101.9 0.13239 
101.95 0.136055 
102 0.139773 
102.05 0.143533 
102.1 0.147325 
102.15 0.151138 
102.2 0.154956 
102.25 0.158764 
102.3 0.162545 
102.35 0.166279 
102.4 0.169945 
102.45 0.173522 
102.5 0.176986 
102.55 0.180312 
102.6 0.183475 
102.65 0.18645 
102.7 0.189209 
102.75 0.191729 
102.8 0.193985 
102.85 0.195954 
102.9 0.197617 
102.95 0.198954 
103 0.199951 
103.05 0.200596 
103.1 0.200883 
103.15 0.200807 
103.2 0.200369 
103.25 0.199575 
103.3 0.198432 
103.35 0.196955 
103.4 0.195158 
103.45 0.193063 
103.5 0.190691 
103.55 0.188067 
103.6 0.185216 
103.65 0.182166 
103.7 0.178944 
103.75 0.175577 
103.8 0.172094 
103.85 0.168521 
103.9 0.164882 
103.95 0.161202 
104 0.157503 
104.05 0.153805 
104.1 0.150128 
104.15 0.146489 
104.2 0.142902 
104.25 0.139381 
104.3 0.135938 
104.35 0.132582 
104.4 0.129323 
104.45 0.126166 
104.5 0.123117 
104.55 0.120182 
104.6 0.117362 
104.65 0.114661 
104.7 0.112081 
104.75 0.109621 
104.8 0.107282 
104.85 0.105063 
104.9 0.102964 
104.95 0.100983 
105 0.0991179 
105.05 0.097367 
105.1 0.0957278 
105.15 0.094198 
105.2 0.0927749 
105.25 0.0914558 
105.3 0.0902379 
105.35 0.0891182 
105.4 0.0880941 
105.45 0.0871625 
105.5 0.0863208 
105.55 0.0855661 
105.6 0.0848956 
105.65 0.0843068 
105.7 0.0837969 
105.75 0.0833636 
105.8 0.0830044 
105.85 0.082717 
105.9 0.0824991 
105.95 0.0823485 
106 0.0822633 
106.05 0.0822414 
106.1 0.082281 
106.15 0.0823803 
106.2 0.0825377 
106.25 0.0827514 
106.3 0.0830199 
106.35 0.0833419 
106.4 0.0837158 
106.45 0.0841404 
106.5 0.0846144 
106.55 0.0851365 
106.6 0.0857055 
106.65 0.0863204 
106.7 0.08698 
106.75 0.0876832 
106.8 0.088429 
106.85 0.0892162 
106.9 0.0900437 
106.95 0.0909106 
107 0.0918157 
107.05 0.0927579 
107.1 0.0937361 
107.15 0.094749 
107.2 0.0957953 
107.25 0.0968738 
107.3 0.0979831 
107.35 0.0991216 
107.4 0.100288 
107.45 0.10148 
107.5 0.102697 
107.55 0.103935 
107.6 0.105194 
107.65 0.106471 
107.7 0.107763 
107.75 0.109069 
107.8 0.110385 
107.85 0.111708 
107.9 0.113035 
107.95 0.114364 
108 0.115689 
108.05 0.117008 
108.1 0.118317 
108.15 0.119611 
108.2 0.120886 
108.25 0.122138 
108.3 0.123361 
108.35 0.12455 
108.4 0.1257 
108.45 0.126805 
108.5 0.127861 
108.55 0.12886 
108.6 0.129797 
108.65 0.130666 
108.7 0.131461 
108.75 0.132174 
108.8 0.1328 
108.85 0.133332 
108.9 0.133763 
108.95 0.134087 
109 0.134296 
109.05 0.134384 
109.1 0.134343 
109.15 0.134168 
109.2 0.133849 
109.25 0.133379 
109.3 0.132751 
109.35 0.131956 
109.4 0.130984 
109.45 0.129825 
109.5 0.128466 
109.55 0.126895 
109.6 0.125095 
109.65 0.123046 
109.7 0.120723 
109.75 0.118096 
109.8 0.115128 
109.85 0.111771 
109.9 0.107971 
109.95 0.103672 
110 0.0988397 
110.05 0.0934868 
110.1 0.0877031 
110.15 0.0816513 
110.2 0.0755362 
110.25 0.0695636 
110.3 0.0639076 
110.35 0.0586945 
110.4 0.054 
110.45 0.0498557 
110.5 0.046259 
110.55 0.0431839 
110.6 0.0405905 
110.65 0.0384317 
110.7 0.0366587 
110.75 0.0352242 
110.8 0.034084 
110.85 0.0331986 
110.9 0.032533 
110.95 0.0320569 
111 0.0317442 
111.05 0.0315727 
111.1 0.0315237 
111.15 0.0315814 
111.2 0.0317325 
111.25 0.0319661 
111.3 0.0322729 
111.35 0.0326453 
111.4 0.0330769 
111.45 0.0335625 
111.5 0.0340978 
111.55 0.0346793 
111.6 0.035304 
111.65 0.0359697 
111.7 0.0366746 
111.75 0.0374172 
111.8 0.0381965 
111.85 0.0390118 
111.9 0.0398624 
111.95 0.0407482 
112 0.0416691 
112.05 0.0426252 
112.1 0.0436167 
112.15 0.044644 
112.2 0.0457078 
112.25 0.0468085 
112.3 0.0479471 
112.35 0.0491244 
112.4 0.0503413 
112.45 0.051599 
112.5 0.0528985 
112.55 0.0542411 
112.6 0.0556281 
112.65 0.0570608 
112.7 0.0585408 
112.75 0.0600696 
112.8 0.0616487 
112.85 0.0632797 
112.9 0.0649644 
112.95 0.0667045 
113 0.0685018 
113.05 0.0703581 
113.1 0.0722752 
113.15 0.074255 
113.2 0.0762993 
113.25 0.0784099 
113.3 0.0805886 
113.35 0.0828372 
113.4 0.0851572 
113.45 0.0875502 
113.5 0.0900176 
113.55 0.0925606 
113.6 0.0951802 
113.65 0.097877 
113.7 0.100651 
113.75 0.103504 
113.8 0.106433 
113.85 0.109438 
113.9 0.112519 
113.95 0.115671 
114 0.118893 
114.05 0.122181 
114.1 0.125529 
114.15 0.128931 
114.2 0.132381 
114.25 0.13587 
114.3 0.139388 
114.35 0.142924 
114.4 0.146465 
114.45 0.149996 
114.5 0.153502 
114.55 0.156964 
114.6 0.160362 
114.65 0.163677 
114.7 0.166884 
114.75 0.169961 
114.8 0.172883 
114.85 0.175623 
114.9 0.178156 
114.95 0.180455 
115 0.182493 
115.05 0.184246 
115.1 0.185689 
115.15 0.186799 
115.2 0.187556 
115.25 0.18794 
115.3 0.187937 
115.35 0.187534 
115.4 0.186719 
115.45 0.185486 
115.5 0.183831 
115.55 0.181751 
115.6 0.179246 
115.65 0.176315 
115.7 0.17296 
115.75 0.16918 
115.8 0.164971 
115.85 0.160325 
115.9 0.155229 
115.95 0.149661 
116 0.143588 
116.05 0.136977 
116.1 0.1298 
116.15 0.122068 
116.2 0.113859 
116.25 0.105342 
116.3 0.0967487 
116.35 0.0883365 
116.4 0.0803373 
116.45 0.0729291 
116.5 0.0662251 
116.55 0.0602778 
116.6 0.0550903 
116.65 0.0506307 
116.7 0.0468452 
116.75 0.0436685 
116.8 0.0410316 
116.85 0.038867 
116.9 0.0371114 
116.95 0.0357081 
117 0.0346068 
117.05 0.0337639 
117.1 0.0331419 
117.15 0.0327091 
117.2 0.0324387 
117.25 0.0323083 
117.3 0.032299 
117.35 0.0323951 
117.4 0.0325835 
117.45 0.0328536 
117.5 0.0331961 
117.55 0.0336038 
117.6 0.0340704 
117.65 0.034591 
117.7 0.0351615 
117.75 0.0357784 
117.8 0.0364391 
117.85 0.0371415 
117.9 0.0378838 
117.95 0.0386648 
118 0.0394835 
118.05 0.0403393 
118.1 0.0412317 
118.15 0.0421608 
118.2 0.0431264 
118.25 0.0441288 
118.3 0.0451684 
118.35 0.0462458 
118.4 0.0473614 
118.45 0.0485163 
118.5 0.0497112 
118.55 0.0509472 
118.6 0.0522253 
118.65 0.0535468 
118.7 0.054913 
118.75 0.0563252 
118.8 0.0577849 
118.85 0.0592938 
118.9 0.0608533 
118.95 0.0624652 
119 0.0641313 
119.05 0.0658533 
119.1 0.0676334 
119.15 0.0694732 
119.2 0.0713749 
119.25 0.0733405 
119.3 0.0753721 
119.35 0.0774717 
119.4 0.0796413 
119.45 0.0818831 
119.5 0.0841991 
119.55 0.0865912 
119.6 0.0890612 
119.65 0.091611 
119.7 0.094242 
119.75 0.0969558 
119.8 0.0997533 
119.85 0.102635 
119.9 0.105603 
119.95 0.108655 
120 0.111792 
120.05 0.115013 
120.1 0.118316 
120.15 0.121698 
120.2 0.125156 
120.25 0.128687 
120.3 0.132283 
120.35 0.13594 
120.4 0.139648 
120.45 0.1434 
120.5 0.147183 
120.55 0.150986 
120.6 0.154794 
120.65 0.158593 
120.7 0.162363 
120.75 0.166088 
120.8 0.169744 
120.85 0.173312 
120.9 0.176766 
120.95 0.180083 
121 0.183238 
121.05 0.186204 
121.1 0.188956 
121.15 0.191469 
121.2 0.193718 
121.25 0.195682 
121.3 0.19734 
121.35 0.198673 
121.4 0.199667 
121.45 0.20031 
121.5 0.200595 
121.55 0.200519 
121.6 0.200081 
121.65 0.199286 
121.7 0.198144 
121.75 0.196667 
121.8 0.194872 
121.85 0.192777 
121.9 0.190405 
121.95 0.18778 
122 0.184928 
122.05 0.181875 
122.1 0.17865 
122.15 0.17528 
122.2 0.171791 
122.25 0.16821 
122.3 0.164563 
122.35 0.160872 
122.4 0.157161 
122.45 0.15345 
122.5 0.149757 
122.55 0.146101 
122.6 0.142495 
122.65 0.138953 
122.7 0.135487 
122.75 0.132106 
122.8 0.128819 
122.85 0.125634 
122.9 0.122555 
122.95 0.119587 
123 0.116734 
123.05 0.113997 
123.1 0.111379 
123.15 0.10888 
123.2 0.106501 
123.25 0.10424 
123.3 0.102097 
123.35 0.10007 
123.4 0.0981586 
123.45 0.0963594 
123.5 0.0946705 
123.55 0.0930895 
123.6 0.0916138 
123.65 0.0902407 
123.7 0.0889673 
123.75 0.0877908 
123.8 0.0867084 
123.85 0.0857172 
123.9 0.0848143 
123.95 0.083997 
124 0.0832624 
124.05 0.0826078 
124.1 0.0820306 
124.15 0.0815283 
124.2 0.0810983 
124.25 0.0807383 
124.3 0.0804459 
124.35 0.080219 
124.4 0.0800552 
124.45 0.0799527 
124.5 0.0799095 
124.55 0.0799235 
124.6 0.0799931 
124.65 0.0801165 
124.7 0.080292 
124.75 0.0805181 
124.8 0.0807932 
124.85 0.0811158 
124.9 0.0814846 
124.95 0.081898 
125 0.0823549 
125.05 0.0828538 
125.1 0.0833935 
125.15 0.0839727 
125.2 0.0845901 
125.25 0.0852446 
125.3 0.0859348 
125.35 0.0866594 
125.4 0.0874171 
125.45 0.0882066 
125.5 0.0890265 
125.55 0.0898754 
125.6 0.0907517 
125.65 0.0916538 
125.7 0.0925801 
125.75 0.0935288 
125.8 0.0944979 
125.85 0.0954856 
125.9 0.0964896 
125.95 0.0975076 
126 0.0985371 
126.05 0.0995755 
126.1 0.10062 
126.15 0.101667 
126.2 0.102714 
126.25 0.103757 
126.3 0.104792 
126.35 0.105816 
126.4 0.106823 
126.45 0.107809 
126.5 0.108768 
126.55 0.109696 
126.6 0.110587 
126.65 0.111433 
126.7 0.112228 
126.75 0.112966 
126.8 0.113637 
126.85 0.114233 
126.9 0.114744 
126.95 0.115161 
127 0.115473 
127.05 0.115665 
127.1 0.115726 
127.15 0.115638 
127.2 0.115384 
127.25 0.114943 
127.3 0.114289 
127.35 0.113394 
127.4 0.112218 
127.45 0.110716 
127.5 0.108826 
127.55 0.106467 
127.6 0.103538 
127.65 0.0999279 
127.7 0.0955547 
127.75 0.0904328 
127.8 0.0847064 
127.85 0.0786206 
127.9 0.0724555 
127.95 0.066466 
128 0.060849 
128.05 0.055733 
128.1 0.0511846 
128.15 0.0472213 
128.2 0.043826 
128.25 0.0409605 
128.3 0.0385751 
128.35 0.0366161 
128.4 0.0350306 
128.45 0.0337688 
128.5 0.0327858 
128.55 0.0320421 
128.6 0.0315035 
128.65 0.0311404 
128.7 0.0309283 
128.75 0.030846 
128.8 0.0308761 
128.85 0.031004 
128.9 0.0312175 
128.95 0.0315065 
129 0.0318627 
129.05 0.0322792 
129.1 0.0327503 
129.15 0.0332714 
129.2 0.0338386 
129.25 0.034449 
129.3 0.0350999 
129.35 0.0357895 
129.4 0.0365162 
129.45 0.0372789 
129.5 0.0380767 
129.55 0.038909 
129.6 0.0397755 
129.65 0.040676 
129.7 0.0416107 
129.75 0.0425797 
129.8 0.0435834 
129.85 0.0446223 
129.9 0.045697 
129.95 0.0468082 
130 0.0479567 
130.05 0.0491435 
130.1 0.0503696 
130.15 0.051636 
130.2 0.0529439 
130.25 0.0542946 
130.3 0.0556894 
130.35 0.0571297 
130.4 0.0586169 
130.45 0.0601526 
130.5 0.0617383 
130.55 0.0633757 
130.6 0.0650664 
130.65 0.0668121 
130.7 0.0686147 
130.75 0.0704757 
130.8 0.0723971 
130.85 0.0743807 
130.9 0.0764281 
130.95 0.0785411 
131 0.0807214 
131.05 0.0829707 
131.1 0.0852904 
131.15 0.0876819 
131.2 0.0901464 
131.25 0.0926851 
131.3 0.0952985 
131.35 0.0979873 
131.4 0.100751 
131.45 0.103591 
131.5 0.106505 
131.55 0.109491 
131.6 0.112549 
131.65 0.115675 
131.7 0.118867 
131.75 0.122118 
131.8 0.125425 
131.85 0.12878 
131.9 0.132175 
131.95 0.135602 
132 0.13905 
132.05 0.142507 
132.1 0.145958 
132.15 0.149389 
132.2 0.152783 
132.25 0.15612 
132.3 0.15938 
132.35 0.162542 
132.4 0.165581 
132.45 0.168473 
132.5 0.171191 
132.55 0.173709 
132.6 0.175999 
132.65 0.178033 
132.7 0.179784 
132.75 0.181225 
132.8 0.18233 
132.85 0.183073 
132.9 0.18343 
132.95 0.183381 
133 0.182904 
133.05 0.181981 
133.1 0.180594 
133.15 0.178727 
133.2 0.176361 
133.25 0.173478 
133.3 0.170054 
133.35 0.166058 
133.4 0.161449 
133.45 0.156171 
133.5 0.150149 
133.55 0.1433 
133.6 0.135565 
133.65 0.126974 
133.7 0.117698 
133.75 0.108041 
133.8 0.0983687 
133.85 0.0890291 
133.9 0.0802965 
133.95 0.0723527 
134 0.0652899 
134.05 0.0591286 
134.1 0.053838 
134.15 0.0493553 
134.2 0.045601 
134.25 0.0424899 
134.3 0.0399386 
134.35 0.0378693 
134.4 0.0362118 
134.45 0.0349049 
134.5 0.0338955 
134.55 0.0331386 
134.6 0.0325962 
134.65 0.0322364 
134.7 0.0320326 
134.75 0.0319627 
134.8 0.0320083 
134.85 0.0321543 
134.9 0.0323882 
134.95 0.0326996 
135 0.03308 
135.05 0.0335225 
135.1 0.0340212 
135.15 0.0345716 
135.2 0.0351697 
135.25 0.0358125 
135.3 0.0364977 
135.35 0.0372231 
135.4 0.0379874 
135.45 0.0387894 
135.5 0.0396284 
135.55 0.0405038 
135.6 0.0414154 
135.65 0.0423631 
135.7 0.0433471 
135.75 0.0443677 
135.8 0.0454253 
135.85 0.0465206 
135.9 0.0476543 
135.95 0.0488272 
136 0.0500404 
136.05 0.0512948 
136.1 0.0525916 
136.15 0.0539321 
136.2 0.0553177 
136.25 0.0567497 
136.3 0.0582296 
136.35 0.0597592 
136.4 0.06134 
136.45 0.0629738 
136.5 0.0646623 
136.55 0.0664076 
136.6 0.0682115 
136.65 0.0700759 
136.7 0.072003 
136.75 0.0739947 
136.8 0.0760532 
136.85 0.0781806 
136.9 0.0803788 
136.95 0.0826501 
137 0.0849964 
137.05 0.0874196 
137.1 0.0899216 
137.15 0.0925041 
137.2 0.0951686 
137.25 0.0979165 
137.3 0.100749 
137.35 0.103666 
137.4 0.106669 
137.45 0.109757 
137.5 0.11293 
137.55 0.116187 
137.6 0.119525 
137.65 0.122941 
137.7 0.126433 
137.75 0.129996 
137.8 0.133623 
137.85 0.137308 
137.9 0.141042 
137.95 0.144815 
138 0.148617 
138.05 0.152434 
138.1 0.156251 
138.15 0.160053 
138.2 0.16382 
138.25 0.167534 
138.3 0.171173 
138.35 0.174714 
138.4 0.178134 
138.45 0.181407 
138.5 0.184507 
138.55 0.18741 
138.6 0.190089 
138.65 0.19252 
138.7 0.194678 
138.75 0.196542 
138.8 0.198092 
138.85 0.19931 
138.9 0.200184 
138.95 0.200703 
139 0.20086 
139.05 0.200654 
139.1 0.200087 
139.15 0.199165 
139.2 0.197898 
139.25 0.196301 
139.3 0.194391 
139.35 0.192189 
139.4 0.189717 
139.45 0.187002 
139.5 0.184068 
139.55 0.180944 
139.6 0.177657 
139.65 0.174235 
139.7 0.170704 
139.75 0.167091 
139.8 0.163421 
139.85 0.159717 
139.9 0.156 
139.95 0.152291 
140 0.148608 
140.05 0.144967 
140.1 0.141383 
140.15 0.137869 
140.2 0.134435 
140.25 0.13109 
140.3 0.127844 
140.35 0.124701 
140.4 0.121668 
140.45 0.118749 
140.5 0.115946 
140.55 0.113261 
140.6 0.110696 
140.65 0.108251 
140.7 0.105926 
140.75 0.103721 
140.8 0.101634 
140.85 0.0996629 
140.9 0.0978069 
140.95 0.0960635 
141 0.0944304 
141.05 0.0929049 
141.1 0.0914844 
141.15 0.0901662 
141.2 0.0889473 
141.25 0.087825 
141.3 0.0867964 
141.35 0.0858585 
141.4 0.0850086 
141.45 0.0842439 
141.5 0.0835616 
141.55 0.082959 
141.6 0.0824336 
141.65 0.0819828 
141.7 0.0816042 
141.75 0.0812954 
141.8 0.0810542 
141.85 0.0808784 
141.9 0.080766 
141.95 0.0807148 
142 0.0807231 
142.05 0.080789 
142.1 0.0809107 
142.15 0.0810866 
142.2 0.0813152 
142.25 0.0815948 
142.3 0.081924 
142.35 0.0823014 
142.4 0.0827256 
142.45 0.0831955 
142.5 0.0837096 
142.55 0.0842667 
142.6 0.0848656 
142.65 0.0855052 
142.7 0.0861843 
142.75 0.0869015 
142.8 0.0876559 
142.85 0.0884461 
142.9 0.0892708 
142.95 0.090129 
143 0.0910192 
143.05 0.09194 
143.1 0.0928901 
143.15 0.0938679 
143.2 0.0948718 
143.25 0.0959001 
143.3 0.0969512 
143.35 0.0980229 
143.4 0.0991133 
143.45 0.10022 
143.5 0.101341 
143.55 0.102474 
143.6 0.103615 
143.65 0.104762 
143.7 0.105913 
143.75 0.107062 
143.8 0.108208 
143.85 0.109345 
143.9 0.110471 
143.95 0.11158 
144 0.112668 
144.05 0.113729 
144.1 0.114759 
144.15 0.115752 
144.2 0.116702 
144.25 0.117602 
144.3 0.118446 
144.35 0.119227 
144.4 0.119936 
144.45 0.120566 
144.5 0.121108 
144.55 0.121552 
144.6 0.12189 
144.65 0.122109 
144.7 0.122198 
144.75 0.122145 
144.8 0.121935 
144.85 0.121552 
144.9 0.120978 
144.95 0.120191 
145 0.119167 
145.05 0.117874 
145.1 0.116275 
145.15 0.114322 
145.2 0.111952 
145.25 0.109086 
145.3 0.105628 
145.35 0.101483 
145.4 0.0966019 
145.45 0.0910385 
145.5 0.0849657 
145.55 0.0786364 
145.6 0.072321 
145.65 0.0662562 
145.7 0.060618 
145.75 0.0555163 
145.8 0.0510027 
145.85 0.0470841 
145.9 0.0437363 
145.95 0.0409168 
146 0.0385737 
146.05 0.0366523 
146.1 0.0350993 
146.15 0.0338654 
146.2 0.032906 
146.25 0.0321823 
146.3 0.0316605 
146.35 0.0313118 
146.4 0.0311119 
146.45 0.0310403 
146.5 0.0310798 
146.55 0.031216 
146.6 0.0314371 
146.65 0.0317332 
146.7 0.032096 
146.75 0.0325189 
146.8 0.0329962 
146.85 0.0335234 
146.9 0.0340967 
146.95 0.0347132 
147 0.0353705 
147.05 0.0360665 
147.1 0.0367998 
147.15 0.0375693 
147.2 0.0383741 
147.25 0.0392138 
147.3 0.0400879 
147.35 0.0409964 
147.4 0.0419393 
147.45 0.042917 
147.5 0.0439297 
147.55 0.044978 
147.6 0.0460624 
147.65 0.0471839 
147.7 0.0483431 
147.75 0.049541 
147.8 0.0507788 
147.85 0.0520573 
147.9 0.053378 
147.95 0.054742 
148 0.0561507 
148.05 0.0576055 
148.1 0.0591079 
148.15 0.0606594 
148.2 0.0622616 
148.25 0.0639163 
148.3 0.065625 
148.35 0.0673896 
148.4 0.0692117 
148.45 0.0710933 
148.5 0.0730361 
148.55 0.0750419 
148.6 0.0771126 
148.65 0.0792498 
148.7 0.0814554 
148.75 0.0837309 
148.8 0.0860778 
148.85 0.0884976 
148.9 0.0909915 
148.95 0.0935606 
149 0.0962055 
149.05 0.0989268 
149.1 0.101725 
149.15 0.104599 
149.2 0.107548 
149.25 0.110571 
149.3 0.113666 
149.35 0.11683 
149.4 0.12006 
149.45 0.123351 
149.5 0.126697 
149.55 0.130092 
149.6 0.133527 
149.65 0.136994 
149.7 0.140481 
149.75 0.143977 
149.8 0.147466 
149.85 0.150934 
149.9 0.154363 
149.95 0.157734 
150 0.161027 
150.05 0.16422 
150.1 0.167288 
150.15 0.170207 
150.2 0.172951 
150.25 0.175493 
150.3 0.177806 
150.35 0.179864 
150.4 0.181639 
150.45 0.183106 
150.5 0.184239 
150.55 0.185016 
150.6 0.185414 
150.65 0.185416 
150.7 0.185002 
150.75 0.18416 
150.8 0.182875 
150.85 0.181137 
150.9 0.178937 
150.95 0.176263 
151 0.173105 
151.05 0.169449 
151.1 0.165277 
151.15 0.160561 
151.2 0.155263 
151.25 0.149331 
151.3 0.142705 
151.35 0.135331 
151.4 0.12721 
151.45 0.118444 
151.5 0.109256 
151.55 0.0999508 
151.6 0.0908492 
151.65 0.0822282 
151.7 0.0742892 
151.75 0.0671518 
151.8 0.0608631 
151.85 0.055415 
151.9 0.0507621 
151.95 0.0468369 
152 0.0435624 
152.05 0.0408593 
152.1 0.0386519 
152.15 0.0368709 
152.2 0.0354545 
152.25 0.0343487 
152.3 0.0335072 
152.35 0.0328908 
152.4 0.0324661 
152.45 0.0322054 
152.5 0.0320854 
152.55 0.0320869 
152.6 0.0321937 
152.65 0.0323927 
152.7 0.0326728 
152.75 0.033025 
152.8 0.0334418 
152.85 0.0339171 
152.9 0.0344457 
152.95 0.0350237 
153 0.0356476 
153.05 0.0363148 
153.1 0.0370233 
153.15 0.0377712 
153.2 0.0385575 
153.25 0.0393811 
153.3 0.0402415 
153.35 0.0411382 
153.4 0.0420713 
153.45 0.0430407 
153.5 0.0440466 
153.55 0.0450896 
153.6 0.0461701 
153.65 0.0472888 
153.7 0.0484465 
153.75 0.0496441 
153.8 0.0508827 
153.85 0.0521633 
153.9 0.0534873 
153.95 0.0548558 
154 0.0562703 
154.05 0.0577323 
154.1 0.0592434 
154.15 0.0608051 
154.2 0.0624192 
154.25 0.0640874 
154.3 0.0658117 
154.35 0.067594 
154.4 0.0694361 
154.45 0.0713402 
154.5 0.0733082 
154.55 0.0753422 
154.6 0.0774443 
154.65 0.0796166 
154.7 0.0818612 
154.75 0.0841801 
154.8 0.0865753 
154.85 0.0890485 
154.9 0.0916017 
154.95 0.0942364 
155 0.096954 
155.05 0.0997555 
155.1 0.102642 
155.15 0.105614 
155.2 0.108671 
155.25 0.111813 
155.3 0.11504 
155.35 0.118348 
155.4 0.121737 
155.45 0.125202 
155.5 0.128739 
155.55 0.132343 
155.6 0.136007 
155.65 0.139724 
155.7 0.143484 
155.75 0.147276 
155.8 0.151089 
155.85 0.154907 
155.9 0.158716 
155.95 0.162497 
156 0.166232 
156.05 0.1699 
156.1 0.173478 
156.15 0.176944 
156.2 0.180272 
156.25 0.183437 
156.3 0.186414 
156.35 0.189177 
156.4 0.1917 
156.45 0.19396 
156.5 0.195933 
156.55 0.197599 
156.6 0.198941 
156.65 0.199942 
156.7 0.200593 
156.75 0.200884 
156.8 0.200813 
156.85 0.20038 
156.9 0.199589 
156.95 0.198451 
157 0.196978 
157.05 0.195185 
157.1 0.193094 
157.15 0.190725 
157.2 0.188103 
157.25 0.185255 
157.3 0.182207 
157.35 0.178987 
157.4 0.175622 
157.45 0.17214 
157.5 0.168567 
157.55 0.164928 
157.6 0.161248 
157.65 0.157549 
157.7 0.153851 
157.75 0.150173 
157.8 0.146533 
157.85 0.142945 
157.9 0.139423 
157.95 0.135979 
158 0.132621 
158.05 0.12936 
158.1 0.126201 
158.15 0.123151 
158.2 0.120214 
158.25 0.117392 
158.3 0.11469 
158.35 0.112107 
158.4 0.109645 
158.45 0.107305 
158.5 0.105084 
158.55 0.102983 
158.6 0.101 
158.65 0.099133 
158.7 0.0973803 
158.75 0.0957394 
158.8 0.0942078 
158.85 0.092783 
158.9 0.0914621 
158.95 0.0902425 
159 0.0891212 
159.05 0.0880955 
159.1 0.0871623 
159.15 0.086319 
159.2 0.0855628 
159.25 0.0848908 
159.3 0.0843005 
159.35 0.0837892 
159.4 0.0833545 
159.45 0.0829939 
159.5 0.082705 
159.55 0.0824857 
159.6 0.0823338 
159.65 0.0822473 
159.7 0.082224 
159.75 0.0822623 
159.8 0.0823603 
159.85 0.0825163 
159.9 0.0827287 
159.95 0.082996 
160 0.0833166 
160.05 0.0836893 
160.1 0.0841125 
160.15 0.0845852 
160.2 0.085106 
160.25 0.0856737 
160.3 0.0862873 
160.35 0.0869455 
160.4 0.0876474 
160.45 0.0883917 
160.5 0.0891775 
160.55 0.0900037 
160.6 0.0908692 
160.65 0.0917728 
160.7 0.0927136 
160.75 0.0936902 
160.8 0.0947016 
160.85 0.0957464 
160.9 0.0968234 
160.95 0.0979311 
161 0.099068 
161.05 0.100233 
161.1 0.101423 
161.15 0.102638 
161.2 0.103875 
161.25 0.105132 
161.3 0.106407 
161.35 0.107698 
161.4 0.109002 
161.45 0.110316 
161.5 0.111637 
161.55 0.112963 
161.6 0.114289 
161.65 0.115613 
161.7 0.11693 
161.75 0.118237 
161.8 0.119529 
161.85 0.120802 
161.9 0.122052 
161.95 0.123272 
162 0.124459 
162.05 0.125607 
162.1 0.126711 
162.15 0.127764 
162.2 0.128761 
162.25 0.129695 
162.3 0.130562 
162.35 0.131353 
162.4 0.132064 
162.45 0.132687 
162.5 0.133215 
162.55 0.133643 
162.6 0.133962 
162.65 0.134167 
162.7 0.134251 
162.75 0.134205 
162.8 0.134024 
162.85 0.133698 
162.9 0.133222 
162.95 0.132586 
163 0.131781 
163.05 0.130799 
163.1 0.129628 
163.15 0.128255 
163.2 0.126668 
163.25 0.124849 
163.3 0.122777 
163.35 0.120427 
163.4 0.117769 
163.45 0.114761 
163.5 0.111357 
163.55 0.1075 
163.6 0.103135 
163.65 0.0982314 
163.7 0.0928111 
163.75 0.0869747 
163.8 0.0808937 
163.85 0.0747765 
163.9 0.0688271 
163.95 0.0632147 
164 0.0580593 
164.05 0.0534303 
164.1 0.0493541 
164.15 0.0458243 
164.2 0.0428125 
164.25 0.0402772 
164.3 0.0381707 
164.35 0.0364441 
164.4 0.0350502 
164.45 0.0339456 
164.5 0.0330909 
164.55 0.032452 
164.6 0.0319989 
164.65 0.0317062 
164.7 0.0315521 
164.75 0.0315182 
164.8 0.0315892 
164.85 0.031752 
164.9 0.031996 
164.95 0.0323121 
165 0.0326928 
165.05 0.033132 
165.1 0.0336246 
165.15 0.0341663 
165.2 0.0347537 
165.25 0.0353841 
165.3 0.0360552 
165.35 0.0367653 
165.4 0.0375129 
165.45 0.0382971 
165.5 0.0391171 
165.55 0.0399724 
165.6 0.0408629 
165.65 0.0417885 
165.7 0.0427492 
165.75 0.0437455 
165.8 0.0447776 
165.85 0.0458462 
165.9 0.0469519 
165.95 0.0480955 
166 0.049278 
166.05 0.0505002 
166.1 0.0517633 
166.15 0.0530683 
166.2 0.0544167 
166.25 0.0558096 
166.3 0.0572485 
166.35 0.0587347 
166.4 0.06027 
166.45 0.0618557 
166.5 0.0634937 
166.55 0.0651855 
166.6 0.066933 
166.65 0.0687379 
166.7 0.070602 
166.75 0.0725272 
166.8 0.0745153 
166.85 0.0765681 
166.9 0.0786875 
166.95 0.0808752 
167 0.0831329 
167.05 0.0854624 
167.1 0.087865 
167.15 0.0903422 
167.2 0.0928951 
167.25 0.0955246 
167.3 0.0982316 
167.35 0.101016 
167.4 0.103878 
167.45 0.106818 
167.5 0.109833 
167.55 0.112923 
167.6 0.116085 
167.65 0.119315 
167.7 0.122611 
167.75 0.125966 
167.8 0.129375 
167.85 0.132831 
167.9 0.136324 
167.95 0.139845 
168 0.143382 
168.05 0.146923 
168.1 0.150451 
168.15 0.153952 
168.2 0.157407 
168.25 0.160795 
168.3 0.164097 
168.35 0.167289 
168.4 0.170347 
168.45 0.173246 
168.5 0.17596 
168.55 0.178464 
168.6 0.18073 
168.65 0.182732 
168.7 0.184445 
168.75 0.185845 
168.8 0.18691 
168.85 0.187618 
168.9 0.187953 
168.95 0.187897 
169 0.187439 
169.05 0.186569 
169.1 0.18528 
169.15 0.183568 
169.2 0.181431 
169.25 0.178868 
169.3 0.17588 
169.35 0.172467 
169.4 0.168628 
169.45 0.164359 
169.5 0.159652 
169.55 0.154491 
169.6 0.148852 
169.65 0.142704 
169.7 0.136011 
169.75 0.12875 
169.8 0.120939 
169.85 0.11267 
169.9 0.104122 
169.95 0.0955348 
170 0.0871648 
170.05 0.0792377 
170.1 0.0719226 
170.15 0.0653234 
170.2 0.0594846 
170.25 0.0544034 
170.3 0.0500438 
170.35 0.0463497 
170.4 0.0432548 
170.45 0.0406898 
170.5 0.0385878 
170.55 0.0368864 
170.6 0.0355297 
170.65 0.0344682 
170.7 0.0336594 
170.75 0.0330666 
170.8 0.0326589 
170.85 0.0324102 
170.9 0.0322984 
170.95 0.0323053 
171 0.0324156 
171.05 0.0326165 
171.1 0.0328976 
171.15 0.0332501 
171.2 0.0336667 
171.25 0.0341415 
171.3 0.0346696 
171.35 0.035247 
171.4 0.0358704 
171.45 0.0365373 
171.5 0.0372456 
171.55 0.0379936 
171.6 0.0387801 
171.65 0.0396043 
171.7 0.0404654 
171.75 0.0413632 
171.8 0.0422976 
171.85 0.0432685 
171.9 0.0442763 
171.95 0.0453214 
172 0.0464042 
172.05 0.0475255 
172.1 0.0486861 
172.15 0.0498869 
172.2 0.051129 
172.25 0.0524133 
172.3 0.0537412 
172.35 0.055114 
172.4 0.056533 
172.45 0.0579997 
172.5 0.0595158 
172.55 0.0610828 
172.6 0.0627024 
172.65 0.0643765 
172.7 0.0661069 
172.75 0.0678954 
172.8 0.0697441 
172.85 0.071655 
172.9 0.07363 
172.95 0.0756713 
173 0.0777809 
173.05 0.0799609 
173.1 0.0822133 
173.15 0.0845402 
173.2 0.0869435 
173.25 0.089425 
173.3 0.0919864 
173.35 0.0946294 
173.4 0.0973552 
173.45 0.100165 
173.5 0.103059 
173.55 0.106039 
173.6 0.109104 
173.65 0.112253 
173.7 0.115486 
173.75 0.1188 
173.8 0.122194 
173.85 0.125663 
173.9 0.129203 
173.95 0.132809 
174 0.136474 
174.05 0.140189 
174.1 0.143946 
174.15 0.147733 
174.2 0.151538 
174.25 0.155346 
174.3 0.159141 
174.35 0.162907 
174.4 0.166623 
174.45 0.170268 
174.5 0.173821 
174.55 0.177257 
174.6 0.180552 
174.65 0.183681 
174.7 0.186618 
174.75 0.189337 
174.8 0.191813 
174.85 0.194023 
174.9 0.195944 
174.95 0.197556 
175 0.198841 
175.05 0.199785 
175.1 0.200377 
175.15 0.20061 
175.2 0.200481 
175.25 0.199991 
175.3 0.199146 
175.35 0.197955 
175.4 0.196431 
175.45 0.194591 
175.5 0.192455 
175.55 0.190045 
175.6 0.187385 
175.65 0.184503 
175.7 0.181424 
175.75 0.178176 
175.8 0.174787 
175.85 0.171283 
175.9 0.167692 
175.95 0.164037 
176 0.160342 
176.05 0.15663 
176.1 0.152921 
176.15 0.149233 
176.2 0.145583 
176.25 0.141986 
176.3 0.138454 
176.35 0.135 
176.4 0.131633 
176.45 0.128361 
176.5 0.125191 
176.55 0.122129 
176.6 0.119178 
176.65 0.116342 
176.7 0.113623 
176.75 0.111023 
176.8 0.108542 
176.85 0.10618 
176.9 0.103937 
176.95 0.101812 
177 0.0998024 
177.05 0.0979077 
177.1 0.0961253 
177.15 0.094453 
177.2 0.0928882 
177.25 0.0914283 
177.3 0.0900707 
177.35 0.0888124 
177.4 0.0876506 
177.45 0.0865825 
177.5 0.0856051 
177.55 0.0847157 
177.6 0.0839115 
177.65 0.0831896 
177.7 0.0825475 
177.75 0.0819824 
177.8 0.0814917 
177.85 0.0810732 
177.9 0.0807242 
177.95 0.0804426 
178 0.0802261 
178.05 0.0800726 
178.1 0.0799801 
178.15 0.0799465 
178.2 0.0799701 
178.25 0.080049 
178.3 0.0801814 
178.35 0.0803659 
178.4 0.0806006 
178.45 0.0808843 
178.5 0.0812153 
178.55 0.0815922 
178.6 0.0820138 
178.65 0.0824786 
178.7 0.0829853 
178.75 0.0835328 
178.8 0.0841196 
178.85 0.0847445 
178.9 0.0854063 
178.95 0.0861038 
179 0.0868356 
179.05 0.0876004 
179.1 0.0883968 
179.15 0.0892236 
179.2 0.0900791 
179.25 0.090962 
179.3 0.0918706 
179.35 0.0928032 
179.4 0.0937581 
179.45 0.0947333 
179.5 0.0957268 
179.55 0.0967364 
179.6 0.0977598 
179.65 0.0987946 
179.7 0.099838 
179.75 0.100887 
179.8 0.101939 
179.85 0.10299 
179.9 0.104037 
179.95 0.105076 
180 0.106102 
180.05 0.107112 
180.1 0.1081 
180.15 0.109062 
180.2 0.109991 
180.25 0.110882 
180.3 0.111729 
180.35 0.112524 
180.4 0.113261 
180.45 0.11393 
180.5 0.114525 
180.55 0.115034 
180.6 0.115448 
180.65 0.115755 
180.7 0.115944 
180.75 0.115999 
180.8 0.115906 
180.85 0.115646 
180.9 0.115199 
180.95 0.114539 
181 0.113636 
181.05 0.112454 
181.1 0.110945 
181.15 0.109049 
181.2 0.106685 
181.25 0.103754 
181.3 0.100143 
181.35 0.0957708 
181.4 0.0906492 
181.45 0.0849204 
181.5 0.078828 
181.55 0.0726517 
181.6 0.0666475 
181.65 0.0610135 
181.7 0.0558794 
181.75 0.051313 
181.8 0.0473324 
181.85 0.0439212 
181.9 0.0410412 
181.95 0.0386431 
182 0.036673 
182.05 0.0350778 
182.1 0.0338076 
182.15 0.0328175 
182.2 0.0320677 
182.25 0.0315238 
182.3 0.0311563 
182.35 0.0309403 
182.4 0.0308547 
182.45 0.030882 
182.5 0.0310074 
182.55 0.0312187 
182.6 0.0315058 
182.65 0.0318604 
182.7 0.0322754 
182.75 0.0327452 
182.8 0.033265 
182.85 0.0338312 
182.9 0.0344405 
182.95 0.0350905 
183 0.0357792 
183.05 0.0365051 
183.1 0.037267 
183.15 0.038064 
183.2 0.0388956 
183.25 0.0397613 
183.3 0.0406612 
183.35 0.0415952 
183.4 0.0425635 
183.45 0.0435665 
183.5 0.0446047 
183.55 0.0456787 
183.6 0.0467892 
183.65 0.047937 
183.7 0.0491231 
183.75 0.0503484 
183.8 0.0516141 
183.85 0.0529213 
183.9 0.0542712 
183.95 0.0556653 
184 0.0571047 
184.05 0.0585911 
184.1 0.060126 
184.15 0.0617108 
184.2 0.0633473 
184.25 0.0650371 
184.3 0.066782 
184.35 0.0685836 
184.4 0.0704437 
184.45 0.0723641 
184.5 0.0743467 
184.55 0.0763931 
184.6 0.0785051 
184.65 0.0806844 
184.7 0.0829327 
184.75 0.0852513 
184.8 0.0876418 
184.85 0.0901054 
184.9 0.092643 
184.95 0.0952555 
185 0.0979433 
185.05 0.100707 
185.1 0.103545 
185.15 0.106458 
185.2 0.109444 
185.25 0.112502 
185.3 0.115627 
185.35 0.118818 
185.4 0.12207 
185.45 0.125377 
185.5 0.128732 
185.55 0.132128 
185.6 0.135556 
185.65 0.139005 
185.7 0.142463 
185.75 0.145917 
185.8 0.149351 
185.85 0.152747 
185.9 0.156088 
185.95 0.159353 
186 0.162519 
186.05 0.165564 
186.1 0.168462 
186.15 0.171187 
186.2 0.173712 
186.25 0.176011 
186.3 0.178055 
186.35 0.179817 
186.4 0.181269 
186.45 0.182386 
186.5 0.183142 
186.55 0.183514 
186.6 0.18348 
186.65 0.18302 
186.7 0.182115 
186.75 0.180748 
186.8 0.178902 
186.85 0.17656 
186.9 0.173703 
186.95 0.170309 
187 0.166348 
187.05 0.161781 
187.1 0.156552 
187.15 0.150591 
187.2 0.143815 
187.25 0.13616 
187.3 0.127647 
187.35 0.118433 
187.4 0.10881 
187.45 0.0991411 
187.5 0.0897752 
187.55 0.0809941 
187.6 0.0729874 
187.65 0.0658546 
187.7 0.0596218 
187.75 0.0542623 
187.8 0.0497155 
187.85 0.0459034 
187.9 0.0427413 
187.95 0.0401454 
188 0.0380374 
188.05 0.0363469 
188.1 0.0350117 
188.15 0.0339782 
188.2 0.0332008 
188.25 0.0326409 
188.3 0.032266 
188.35 0.0320493 
188.4 0.0319682 
188.45 0.0320041 
188.5 0.0321417 
188.55 0.0323681 
188.6 0.0326729 
188.65 0.0330474 
188.7 0.0334845 
188.75 0.0339783 
188.8 0.0345241 
188.85 0.0351181 
188.9 0.035757 
188.95 0.0364383 
189 0.0371602 
189.05 0.037921 
189.1 0.0387197 
189.15 0.0395553 
189.2 0.0404275 
189.25 0.0413358 
189.3 0.0422803 
189.35 0.043261 
189.4 0.0442783 
189.45 0.0453326 
189.5 0.0464246 
189.55 0.0475548 
189.6 0.0487242 
189.65 0.0499337 
189.7 0.0511844 
189.75 0.0524775 
189.8 0.053814 
189.85 0.0551955 
189.9 0.0566234 
189.95 0.0580991 
190 0.0596242 
190.05 0.0612004 
190.1 0.0628294 
190.15 0.0645131 
190.2 0.0662533 
190.25 0.0680519 
190.3 0.0699109 
190.35 0.0718324 
190.4 0.0738184 
190.45 0.0758709 
190.5 0.0779921 
190.55 0.0801841 
190.6 0.0824488 
190.65 0.0847884 
190.7 0.0872048 
190.75 0.0896998 
190.8 0.0922752 
190.85 0.0949325 
190.9 0.097673 
190.95 0.100498 
191 0.103408 
191.05 0.106403 
191.1 0.109484 
191.15 0.112649 
191.2 0.115899 
191.25 0.11923 
191.3 0.12264 
191.35 0.126125 
191.4 0.129682 
191.45 0.133303 
191.5 0.136983 
191.55 0.140713 
191.6 0.144484 
191.65 0.148284 
191.7 0.1521 
191.75 0.155918 
191.8 0.159721 
191.85 0.163493 
191.9 0.167212 
191.95 0.170859 
192 0.17441 
192.05 0.177841 
192.1 0.181128 
192.15 0.184245 
192.2 0.187166 
192.25 0.189866 
192.3 0.19232 
192.35 0.194503 
192.4 0.196394 
192.45 0.197972 
192.5 0.199221 
192.55 0.200126 
192.6 0.200676 
192.65 0.200866 
192.7 0.200692 
192.75 0.200157 
192.8 0.199266 
192.85 0.19803 
192.9 0.196461 
192.95 0.194579 
193 0.192402 
193.05 0.189954 
193.1 0.187259 
193.15 0.184344 
193.2 0.181236 
193.25 0.177963 
193.3 0.174553 
193.35 0.171031 
193.4 0.167426 
193.45 0.16376 
193.5 0.160059 
193.55 0.156344 
193.6 0.152634 
193.65 0.14895 
193.7 0.145306 
193.75 0.141717 
193.8 0.138197 
193.85 0.134757 
193.9 0.131406 
193.95 0.128152 
194 0.125002 
194.05 0.121961 
194.1 0.119033 
194.15 0.116221 
194.2 0.113527 
194.25 0.110954 
194.3 0.1085 
194.35 0.106167 
194.4 0.103953 
194.45 0.101857 
194.5 0.0998783 
194.55 0.0980145 
194.6 0.0962635 
194.65 0.0946231 
194.7 0.0930906 
194.75 0.0916634 
194.8 0.0903387 
194.85 0.0891137 
194.9 0.0879856 
194.95 0.0869515 
195 0.0860085 
195.05 0.0851537 
195.1 0.0843845 
195.15 0.0836979 
195.2 0.0830914 
195.25 0.0825624 
195.3 0.0821082 
195.35 0.0817266 
195.4 0.0814151 
195.45 0.0811714 
195.5 0.0809934 
195.55 0.080879 
195.6 0.0808262 
195.65 0.0808331 
195.7 0.0808978 
195.75 0.0810187 
195.8 0.0811941 
195.85 0.0814222 
195.9 0.0817018 
195.95 0.0820312 
196 0.0824091 
196.05 0.0828341 
196.1 0.0833049 
196.15 0.0838203 
196.2 0.084379 
196.25 0.0849798 
196.3 0.0856215 
196.35 0.086303 
196.4 0.087023 
196.45 0.0877804 
196.5 0.088574 
196.55 0.0894026 
196.6 0.0902648 
196.65 0.0911595 
196.7 0.0920852 
196.75 0.0930406 
196.8 0.0940241 
196.85 0.0950343 
196.9 0.0960693 
196.95 0.0971275 
197 0.0982069 
197.05 0.0993055 
197.1 0.100421 
197.15 0.101552 
197.2 0.102694 
197.25 0.103847 
197.3 0.105006 
197.35 0.106168 
197.4 0.107331 
197.45 0.108491 
197.5 0.109643 
197.55 0.110785 
197.6 0.111911 
197.65 0.113017 
197.7 0.114099 
197.75 0.11515 
197.8 0.116166 
197.85 0.11714 
197.9 0.118066 
197.95 0.118938 
198 0.119749 
198.05 0.120491 
198.1 0.121156 
198.15 0.121737 
198.2 0.122223 
198.25 0.122606 
198.3 0.122875 
198.35 0.12302 
198.4 0.123028 
198.45 0.122886 
198.5 0.122579 
198.55 0.122091 
198.6 0.121404 
198.65 0.120493 
198.7 0.119334 
198.75 0.117894 
198.8 0.116131 
198.85 0.113995 
198.9 0.111418 
198.95 0.108316 
199 0.104593 
199.05 0.100165 
199.1 0.0950138 
199.15 0.0892336 
199.2 0.0830285 
199.25 0.076662 
199.3 0.0703961 
199.35 0.0644478 
199.4 0.05897 
199.45 0.054052 
199.5 0.0497287 
199.55 0.0459954 
199.6 0.0428207 
199.65 0.0401582 
199.7 0.0379545 
199.75 0.0361551 
199.8 0.0347078 
199.85 0.0335647 
199.9 0.0326833 
199.95 0.0320262 
200 0.0315614 
