0 0.137666 
0.05 0.141268 
0.1 0.144891 
0.15 0.148523 
0.2 0.15215 
0.25 0.155756 
0.3 0.159322 
0.35 0.16283 
0.4 0.166258 
0.45 0.169584 
0.5 0.172785 
0.55 0.175835 
0.6 0.17871 
0.65 0.181383 
0.7 0.183828 
0.75 0.186021 
0.8 0.187936 
0.85 0.189551 
0.9 0.190844 
0.95 0.191796 
1 0.192391 
1.05 0.192615 
1.1 0.19246 
1.15 0.191918 
1.2 0.190987 
1.25 0.189668 
1.3 0.187965 
1.35 0.185886 
1.4 0.183441 
1.45 0.180641 
1.5 0.177502 
1.55 0.174037 
1.6 0.170262 
1.65 0.166192 
1.7 0.16184 
1.75 0.157217 
1.8 0.152332 
1.85 0.147188 
1.9 0.141788 
1.95 0.136126 
2 0.130195 
2.05 0.123987 
2.1 0.117501 
2.15 0.110753 
2.2 0.10379 
2.25 0.0966977 
2.3 0.0896025 
2.35 0.0826516 
2.4 0.0759922 
2.45 0.0697506 
2.5 0.0640196 
2.55 0.0588545 
2.6 0.0542762 
2.65 0.0502775 
2.7 0.0468306 
2.75 0.0438954 
2.8 0.0414245 
2.85 0.0393686 
2.9 0.0376794 
2.95 0.0363112 
3 0.0352226 
3.05 0.0343767 
3.1 0.033741 
3.15 0.0332874 
3.2 0.0329917 
3.25 0.0328334 
3.3 0.0327949 
3.35 0.0328615 
3.4 0.0330207 
3.45 0.0332622 
3.5 0.0335773 
3.55 0.0339585 
3.6 0.0343999 
3.65 0.0348964 
3.7 0.035444 
3.75 0.0360391 
3.8 0.036679 
3.85 0.0373615 
3.9 0.0380849 
3.95 0.0388476 
4 0.0396488 
4.05 0.0404877 
4.1 0.0413638 
4.15 0.0422769 
4.2 0.0432269 
4.25 0.044214 
4.3 0.0452384 
4.35 0.0463007 
4.4 0.0474014 
4.45 0.0485412 
4.5 0.049721 
4.55 0.0509416 
4.6 0.0522041 
4.65 0.0535097 
4.7 0.0548595 
4.75 0.0562548 
4.8 0.0576971 
4.85 0.0591878 
4.9 0.0607283 
4.95 0.0623205 
5 0.0639658 
5.05 0.065666 
5.1 0.0674229 
5.15 0.0692384 
5.2 0.0711142 
5.25 0.0730523 
5.3 0.0750546 
5.35 0.0771229 
5.4 0.0792593 
5.45 0.0814655 
5.5 0.0837433 
5.55 0.0860944 
5.6 0.0885206 
5.65 0.0910232 
5.7 0.0936036 
5.75 0.0962629 
5.8 0.0990018 
5.85 0.101821 
5.9 0.10472 
5.95 0.1077 
6 0.110758 
6.05 0.113894 
6.1 0.117106 
6.15 0.12039 
6.2 0.123743 
6.25 0.12716 
6.3 0.130635 
6.35 0.134161 
6.4 0.13773 
6.45 0.141332 
6.5 0.144956 
6.55 0.148588 
6.6 0.152215 
6.65 0.155819 
6.7 0.159385 
6.75 0.162891 
6.8 0.166318 
6.85 0.169642 
6.9 0.17284 
6.95 0.175888 
7 0.178759 
7.05 0.181428 
7.1 0.18387 
7.15 0.186057 
7.2 0.187968 
7.25 0.189577 
7.3 0.190864 
7.35 0.19181 
7.4 0.192398 
7.45 0.192616 
7.5 0.192454 
7.55 0.191905 
7.6 0.190967 
7.65 0.189641 
7.7 0.187932 
7.75 0.185846 
7.8 0.183394 
7.85 0.180588 
7.9 0.177443 
7.95 0.173973 
8 0.170192 
8.05 0.166117 
8.1 0.16176 
8.15 0.157132 
8.2 0.152242 
8.25 0.147094 
8.3 0.141689 
8.35 0.136022 
8.4 0.130086 
8.45 0.123874 
8.5 0.117383 
8.55 0.110631 
8.6 0.103664 
8.65 0.0965708 
8.7 0.0894769 
8.75 0.08253 
8.8 0.075877 
8.85 0.0696438 
8.9 0.0639224 
8.95 0.0587678 
9 0.0542 
9.05 0.0502113 
9.1 0.046774 
9.15 0.0438474 
9.2 0.0413844 
9.25 0.0393355 
9.3 0.0376523 
9.35 0.0362894 
9.4 0.0352055 
9.45 0.0343636 
9.5 0.0337314 
9.55 0.0332808 
9.6 0.0329877 
9.65 0.0328317 
9.7 0.0327952 
9.75 0.0328635 
9.8 0.0330243 
9.85 0.0332672 
9.9 0.0335835 
9.95 0.0339659 
10 0.0344083 
10.05 0.0349058 
10.1 0.0354542 
10.15 0.0360501 
10.2 0.0366908 
10.25 0.0373741 
10.3 0.0380981 
10.35 0.0388616 
10.4 0.0396635 
10.45 0.040503 
10.5 0.0413798 
10.55 0.0422935 
10.6 0.0432442 
10.65 0.0442319 
10.7 0.045257 
10.75 0.04632 
10.8 0.0474214 
10.85 0.0485619 
10.9 0.0497424 
10.95 0.0509637 
11 0.052227 
11.05 0.0535333 
11.1 0.0548839 
11.15 0.0562801 
11.2 0.0577232 
11.25 0.0592148 
11.3 0.0607563 
11.35 0.0623493 
11.4 0.0639956 
11.45 0.0656968 
11.5 0.0674547 
11.55 0.0692713 
11.6 0.0711482 
11.65 0.0730874 
11.7 0.0750909 
11.75 0.0771604 
11.8 0.079298 
11.85 0.0815054 
11.9 0.0837845 
11.95 0.086137 
12 0.0885645 
12.05 0.0910685 
12.1 0.0936503 
12.15 0.096311 
12.2 0.0990514 
12.25 0.101872 
12.3 0.104773 
12.35 0.107754 
12.4 0.110813 
12.45 0.113951 
12.5 0.117164 
12.55 0.120449 
12.6 0.123803 
12.65 0.127222 
12.7 0.130698 
12.75 0.134225 
12.8 0.137794 
12.85 0.141397 
12.9 0.14502 
12.95 0.148653 
13 0.152279 
13.05 0.155883 
13.1 0.159448 
13.15 0.162953 
13.2 0.166378 
13.25 0.1697 
13.3 0.172896 
13.35 0.175941 
13.4 0.178808 
13.45 0.181474 
13.5 0.183911 
13.55 0.186094 
13.6 0.187999 
13.65 0.189603 
13.7 0.190884 
13.75 0.191823 
13.8 0.192405 
13.85 0.192616 
13.9 0.192447 
13.95 0.191891 
14 0.190947 
14.05 0.189614 
14.1 0.187898 
14.15 0.185805 
14.2 0.183347 
14.25 0.180535 
14.3 0.177384 
14.35 0.173908 
14.4 0.170122 
14.45 0.166042 
14.5 0.16168 
14.55 0.157048 
14.6 0.152153 
14.65 0.147 
14.7 0.14159 
14.75 0.135919 
14.8 0.129978 
14.85 0.12376 
14.9 0.117265 
14.95 0.110508 
15 0.103538 
15.05 0.096444 
15.1 0.0893514 
15.15 0.0824084 
15.2 0.0757619 
15.25 0.0695371 
15.3 0.0638255 
15.35 0.0586812 
15.4 0.0541239 
15.45 0.0501453 
15.5 0.0467175 
15.55 0.0437996 
15.6 0.0413444 
15.65 0.0393024 
15.7 0.0376253 
15.75 0.0362678 
15.8 0.0351885 
15.85 0.0343506 
15.9 0.0337218 
15.95 0.0332743 
16 0.0329838 
16.05 0.03283 
16.1 0.0327955 
16.15 0.0328656 
16.2 0.033028 
16.25 0.0332723 
16.3 0.0335897 
16.35 0.0339732 
16.4 0.0344167 
16.45 0.0349151 
16.5 0.0354644 
16.55 0.0360611 
16.6 0.0367026 
16.65 0.0373866 
16.7 0.0381114 
16.75 0.0388755 
16.8 0.0396781 
16.85 0.0405183 
16.9 0.0413957 
16.95 0.0423101 
17 0.0432614 
17.05 0.0442498 
17.1 0.0452756 
17.15 0.0463393 
17.2 0.0474413 
17.25 0.0485826 
17.3 0.0497638 
17.35 0.0509859 
17.4 0.0522499 
17.45 0.053557 
17.5 0.0549084 
17.55 0.0563054 
17.6 0.0577494 
17.65 0.0592418 
17.7 0.0607842 
17.75 0.0623782 
17.8 0.0640254 
17.85 0.0657276 
17.9 0.0674866 
17.95 0.0693042 
18 0.0711822 
18.05 0.0731226 
18.1 0.0751272 
18.15 0.0771979 
18.2 0.0793367 
18.25 0.0815454 
18.3 0.0838258 
18.35 0.0861796 
18.4 0.0886085 
18.45 0.0911139 
18.5 0.0936971 
18.55 0.0963592 
18.6 0.0991009 
18.65 0.101923 
18.7 0.104825 
18.75 0.107807 
18.8 0.110869 
18.85 0.114007 
18.9 0.117222 
18.95 0.120508 
19 0.123864 
19.05 0.127283 
19.1 0.13076 
19.15 0.134288 
19.2 0.137858 
19.25 0.141461 
19.3 0.145085 
19.35 0.148717 
19.4 0.152343 
19.45 0.155947 
19.5 0.159511 
19.55 0.163015 
19.6 0.166438 
19.65 0.169758 
19.7 0.172952 
19.75 0.175993 
19.8 0.178858 
19.85 0.181519 
19.9 0.183952 
19.95 0.18613 
20 0.18803 
20.05 0.189628 
20.1 0.190903 
20.15 0.191837 
20.2 0.192412 
20.25 0.192617 
20.3 0.192441 
20.35 0.191878 
20.4 0.190926 
20.45 0.189587 
20.5 0.187864 
20.55 0.185765 
20.6 0.1833 
20.65 0.180482 
20.7 0.177325 
20.75 0.173843 
20.8 0.170052 
20.85 0.165967 
20.9 0.1616 
20.95 0.156963 
21 0.152063 
21.05 0.146906 
21.1 0.141492 
21.15 0.135815 
21.2 0.12987 
21.25 0.123647 
21.3 0.117147 
21.35 0.110386 
21.4 0.103413 
21.45 0.0963172 
21.5 0.0892259 
21.55 0.082287 
21.6 0.075647 
21.65 0.0694306 
21.7 0.0637288 
21.75 0.0585949 
21.8 0.054048 
21.85 0.0500795 
21.9 0.0466612 
21.95 0.043752 
22 0.0413045 
22.05 0.0392695 
22.1 0.0375985 
22.15 0.0362462 
22.2 0.0351715 
22.25 0.0343376 
22.3 0.0337124 
22.35 0.0332678 
22.4 0.0329799 
22.45 0.0328284 
22.5 0.0327959 
22.55 0.0328677 
22.6 0.0330316 
22.65 0.0332773 
22.7 0.033596 
22.75 0.0339806 
22.8 0.0344251 
22.85 0.0349245 
22.9 0.0354746 
22.95 0.0360722 
23 0.0367144 
23.05 0.0373992 
23.1 0.0381247 
23.15 0.0388895 
23.2 0.0396927 
23.25 0.0405336 
23.3 0.0414117 
23.35 0.0423267 
23.4 0.0432787 
23.45 0.0442678 
23.5 0.0452943 
23.55 0.0463586 
23.6 0.0474613 
23.65 0.0486033 
23.7 0.0497852 
23.75 0.051008 
23.8 0.0522728 
23.85 0.0535807 
23.9 0.0549329 
23.95 0.0563307 
24 0.0577755 
24.05 0.0592688 
24.1 0.0608121 
24.15 0.0624071 
24.2 0.0640553 
24.25 0.0657585 
24.3 0.0675185 
24.35 0.0693371 
24.4 0.0712162 
24.45 0.0731577 
24.5 0.0751635 
24.55 0.0772354 
24.6 0.0793754 
24.65 0.0815854 
24.7 0.0838671 
24.75 0.0862222 
24.8 0.0886525 
24.85 0.0911592 
24.9 0.0937438 
24.95 0.0964073 
25 0.0991505 
25.05 0.101974 
25.1 0.104878 
25.15 0.107861 
25.2 0.110924 
25.25 0.114064 
25.3 0.11728 
25.35 0.120568 
25.4 0.123924 
25.45 0.127345 
25.5 0.130823 
25.55 0.134351 
25.6 0.137922 
25.65 0.141525 
25.7 0.14515 
25.75 0.148782 
25.8 0.152408 
25.85 0.156011 
25.9 0.159574 
25.95 0.163077 
26 0.166498 
26.05 0.169817 
26.1 0.173007 
26.15 0.176046 
26.2 0.178907 
26.25 0.181565 
26.3 0.183993 
26.35 0.186167 
26.4 0.188061 
26.45 0.189654 
26.5 0.190923 
26.55 0.19185 
26.6 0.192419 
26.65 0.192617 
26.7 0.192434 
26.75 0.191864 
26.8 0.190906 
26.85 0.189559 
26.9 0.18783 
26.95 0.185724 
27 0.183253 
27.05 0.180429 
27.1 0.177266 
27.15 0.173778 
27.2 0.169982 
27.25 0.165891 
27.3 0.161519 
27.35 0.156878 
27.4 0.151974 
27.45 0.146812 
27.5 0.141393 
27.55 0.135712 
27.6 0.129761 
27.65 0.123534 
27.7 0.117029 
27.75 0.110263 
27.8 0.103287 
27.85 0.0961904 
27.9 0.0891005 
27.95 0.0821656 
28 0.0755322 
28.05 0.0693243 
28.1 0.0636322 
28.15 0.0585087 
28.2 0.0539722 
28.25 0.0500139 
28.3 0.046605 
28.35 0.0437045 
28.4 0.0412648 
28.45 0.0392366 
28.5 0.0375717 
28.55 0.0362248 
28.6 0.0351547 
28.65 0.0343248 
28.7 0.0337029 
28.75 0.0332613 
28.8 0.0329761 
28.85 0.0328268 
28.9 0.0327963 
28.95 0.0328699 
29 0.0330353 
29.05 0.0332824 
29.1 0.0336023 
29.15 0.033988 
29.2 0.0344335 
29.25 0.0349338 
29.3 0.0354849 
29.35 0.0360832 
29.4 0.0367263 
29.45 0.0374118 
29.5 0.0381379 
29.55 0.0389035 
29.6 0.0397074 
29.65 0.0405489 
29.7 0.0414277 
29.75 0.0423434 
29.8 0.043296 
29.85 0.0442857 
29.9 0.0453129 
29.95 0.0463779 
30 0.0474813 
30.05 0.048624 
30.1 0.0498066 
30.15 0.0510302 
30.2 0.0522957 
30.25 0.0536044 
30.3 0.0549574 
30.35 0.0563561 
30.4 0.0578017 
30.45 0.0592959 
30.5 0.0608401 
30.55 0.062436 
30.6 0.0640851 
30.65 0.0657893 
30.7 0.0675504 
30.75 0.0693701 
30.8 0.0712503 
30.85 0.0731929 
30.9 0.0751998 
30.95 0.077273 
31 0.0794142 
31.05 0.0816254 
31.1 0.0839084 
31.15 0.0862649 
31.2 0.0886964 
31.25 0.0912046 
31.3 0.0937906 
31.35 0.0964555 
31.4 0.0992001 
31.45 0.102025 
31.5 0.10493 
31.55 0.107915 
31.6 0.110979 
31.65 0.114121 
31.7 0.117338 
31.75 0.120627 
31.8 0.123985 
31.85 0.127406 
31.9 0.130885 
31.95 0.134415 
32 0.137986 
32.05 0.14159 
32.1 0.145214 
32.15 0.148847 
32.2 0.152472 
32.25 0.156075 
32.3 0.159637 
32.35 0.163139 
32.4 0.166559 
32.45 0.169875 
32.5 0.173063 
32.55 0.176099 
32.6 0.178956 
32.65 0.18161 
32.7 0.184034 
32.75 0.186203 
32.8 0.188093 
32.85 0.189679 
32.9 0.190943 
32.95 0.191863 
33 0.192426 
33.05 0.192617 
33.1 0.192427 
33.15 0.191851 
33.2 0.190885 
33.25 0.189532 
33.3 0.187795 
33.35 0.185683 
33.4 0.183206 
33.45 0.180375 
33.5 0.177206 
33.55 0.173713 
33.6 0.169912 
33.65 0.165816 
33.7 0.161439 
33.75 0.156792 
33.8 0.151884 
33.85 0.146718 
33.9 0.141294 
33.95 0.135608 
34 0.129653 
34.05 0.12342 
34.1 0.11691 
34.15 0.11014 
34.2 0.103161 
34.25 0.0960635 
34.3 0.0889751 
34.35 0.0820444 
34.4 0.0754175 
34.45 0.0692181 
34.5 0.0635358 
34.55 0.0584227 
34.6 0.0538967 
34.65 0.0499485 
34.7 0.046549 
34.75 0.0436571 
34.8 0.0412252 
34.85 0.0392039 
34.9 0.0375451 
34.95 0.0362034 
35 0.0351379 
35.05 0.0343119 
35.1 0.0336936 
35.15 0.0332549 
35.2 0.0329723 
35.25 0.0328253 
35.3 0.0327967 
35.35 0.0328721 
35.4 0.0330391 
35.45 0.0332874 
35.5 0.0336086 
35.55 0.0339955 
35.6 0.034442 
35.65 0.0349432 
35.7 0.0354951 
35.75 0.0360943 
35.8 0.0367381 
35.85 0.0374244 
35.9 0.0381512 
35.95 0.0389175 
36 0.0397221 
36.05 0.0405643 
36.1 0.0414437 
36.15 0.04236 
36.2 0.0433133 
36.25 0.0443037 
36.3 0.0453315 
36.35 0.0463972 
36.4 0.0475014 
36.45 0.0486447 
36.5 0.0498281 
36.55 0.0510524 
36.6 0.0523187 
36.65 0.0536281 
36.7 0.0549819 
36.75 0.0563814 
36.8 0.0578279 
36.85 0.059323 
36.9 0.0608681 
36.95 0.0624649 
37 0.064115 
37.05 0.0658202 
37.1 0.0675823 
37.15 0.069403 
37.2 0.0712843 
37.25 0.0732281 
37.3 0.0752362 
37.35 0.0773105 
37.4 0.079453 
37.45 0.0816655 
37.5 0.0839498 
37.55 0.0863076 
37.6 0.0887405 
37.65 0.09125 
37.7 0.0938374 
37.75 0.0965037 
37.8 0.0992498 
37.85 0.102076 
37.9 0.104983 
37.95 0.107969 
38 0.111035 
38.05 0.114177 
38.1 0.117396 
38.15 0.120686 
38.2 0.124045 
38.25 0.127468 
38.3 0.130947 
38.35 0.134478 
38.4 0.13805 
38.45 0.141654 
38.5 0.145279 
38.55 0.148911 
38.6 0.152537 
38.65 0.156139 
38.7 0.1597 
38.75 0.1632 
38.8 0.166619 
38.85 0.169933 
38.9 0.173118 
38.95 0.176151 
39 0.179005 
39.05 0.181655 
39.1 0.184075 
39.15 0.186239 
39.2 0.188124 
39.25 0.189705 
39.3 0.190962 
39.35 0.191877 
39.4 0.192433 
39.45 0.192617 
39.5 0.19242 
39.55 0.191837 
39.6 0.190865 
39.65 0.189504 
39.7 0.187761 
39.75 0.185642 
39.8 0.183158 
39.85 0.180322 
39.9 0.177147 
39.95 0.173648 
40 0.169841 
40.05 0.16574 
40.1 0.161359 
40.15 0.156707 
40.2 0.151794 
40.25 0.146623 
40.3 0.141195 
40.35 0.135504 
40.4 0.129544 
40.45 0.123307 
40.5 0.116792 
40.55 0.110018 
40.6 0.103036 
40.65 0.0959367 
40.7 0.0888497 
40.75 0.0819232 
40.8 0.0753029 
40.85 0.0691121 
40.9 0.0634396 
40.95 0.0583369 
41 0.0538214 
41.05 0.0498832 
41.1 0.0464932 
41.15 0.0436099 
41.2 0.0411857 
41.25 0.0391713 
41.3 0.0375185 
41.35 0.0361821 
41.4 0.0351212 
41.45 0.0342992 
41.5 0.0336842 
41.55 0.0332486 
41.6 0.0329685 
41.65 0.0328238 
41.7 0.0327972 
41.75 0.0328743 
41.8 0.0330428 
41.85 0.0332926 
41.9 0.033615 
41.95 0.0340029 
42 0.0344504 
42.05 0.0349526 
42.1 0.0355054 
42.15 0.0361054 
42.2 0.03675 
42.25 0.037437 
42.3 0.0381646 
42.35 0.0389315 
42.4 0.0397367 
42.45 0.0405796 
42.5 0.0414597 
42.55 0.0423767 
42.6 0.0433307 
42.65 0.0443217 
42.7 0.0453502 
42.75 0.0464166 
42.8 0.0475214 
42.85 0.0486654 
42.9 0.0498495 
42.95 0.0510746 
43 0.0523416 
43.05 0.0536519 
43.1 0.0550065 
43.15 0.0564068 
43.2 0.0578541 
43.25 0.0593501 
43.3 0.0608961 
43.35 0.0624938 
43.4 0.0641449 
43.45 0.0658511 
43.5 0.0676142 
43.55 0.069436 
43.6 0.0713184 
43.65 0.0732633 
43.7 0.0752726 
43.75 0.0773481 
43.8 0.0794918 
43.85 0.0817056 
43.9 0.0839911 
43.95 0.0863502 
44 0.0887845 
44.05 0.0912954 
44.1 0.0938842 
44.15 0.0965519 
44.2 0.0992994 
44.25 0.102127 
44.3 0.105035 
44.35 0.108023 
44.4 0.11109 
44.45 0.114234 
44.5 0.117454 
44.55 0.120745 
44.6 0.124106 
44.65 0.127529 
44.7 0.13101 
44.75 0.134541 
44.8 0.138114 
44.85 0.141719 
44.9 0.145344 
44.95 0.148976 
45 0.152601 
45.05 0.156203 
45.1 0.159763 
45.15 0.163262 
45.2 0.166679 
45.25 0.169991 
45.3 0.173174 
45.35 0.176204 
45.4 0.179055 
45.45 0.181701 
45.5 0.184116 
45.55 0.186275 
45.6 0.188154 
45.65 0.18973 
45.7 0.190981 
45.75 0.19189 
45.8 0.192439 
45.85 0.192617 
45.9 0.192413 
45.95 0.191823 
46 0.190844 
46.05 0.189477 
46.1 0.187726 
46.15 0.185601 
46.2 0.183111 
46.25 0.180268 
46.3 0.177087 
46.35 0.173583 
46.4 0.169771 
46.45 0.165665 
46.5 0.161278 
46.55 0.156622 
46.6 0.151704 
46.65 0.146529 
46.7 0.141096 
46.75 0.1354 
46.8 0.129435 
46.85 0.123193 
46.9 0.116673 
46.95 0.109895 
47 0.10291 
47.05 0.0958099 
47.1 0.0887244 
47.15 0.0818021 
47.2 0.0751885 
47.25 0.0690063 
47.3 0.0633436 
47.35 0.0582513 
47.4 0.0537462 
47.45 0.0498181 
47.5 0.0464375 
47.55 0.0435628 
47.6 0.0411464 
47.65 0.0391389 
47.7 0.037492 
47.75 0.0361609 
47.8 0.0351045 
47.85 0.0342865 
47.9 0.033675 
47.95 0.0332423 
48 0.0329648 
48.05 0.0328223 
48.1 0.0327977 
48.15 0.0328765 
48.2 0.0330466 
48.25 0.0332977 
48.3 0.0336213 
48.35 0.0340104 
48.4 0.0344589 
48.45 0.034962 
48.5 0.0355157 
48.55 0.0361165 
48.6 0.0367619 
48.65 0.0374496 
48.7 0.0381779 
48.75 0.0389455 
48.8 0.0397514 
48.85 0.040595 
48.9 0.0414757 
48.95 0.0423934 
49 0.043348 
49.05 0.0443397 
49.1 0.0453689 
49.15 0.0464359 
49.2 0.0475414 
49.25 0.0486862 
49.3 0.049871 
49.35 0.0510968 
49.4 0.0523646 
49.45 0.0536756 
49.5 0.055031 
49.55 0.0564321 
49.6 0.0578804 
49.65 0.0593772 
49.7 0.0609241 
49.75 0.0625228 
49.8 0.0641748 
49.85 0.065882 
49.9 0.0676462 
49.95 0.069469 
50 0.0713525 
50.05 0.0732985 
50.1 0.075309 
50.15 0.0773857 
50.2 0.0795306 
50.25 0.0817457 
50.3 0.0840325 
50.35 0.086393 
50.4 0.0888286 
50.45 0.0913409 
50.5 0.093931 
50.55 0.0966002 
50.6 0.0993491 
50.65 0.102178 
50.7 0.105088 
50.75 0.108077 
50.8 0.111145 
50.85 0.114291 
50.9 0.117512 
50.95 0.120805 
51 0.124166 
51.05 0.127591 
51.1 0.131072 
51.15 0.134604 
51.2 0.138178 
51.25 0.141783 
51.3 0.145408 
51.35 0.149041 
51.4 0.152666 
51.45 0.156267 
51.5 0.159826 
51.55 0.163324 
51.6 0.166739 
51.65 0.170049 
51.7 0.173229 
51.75 0.176256 
51.8 0.179104 
51.85 0.181746 
51.9 0.184157 
51.95 0.186311 
52 0.188185 
52.05 0.189755 
52.1 0.191001 
52.15 0.191903 
52.2 0.192446 
52.25 0.192616 
52.3 0.192406 
52.35 0.191809 
52.4 0.190823 
52.45 0.189449 
52.5 0.187692 
52.55 0.18556 
52.6 0.183063 
52.65 0.180214 
52.7 0.177027 
52.75 0.173518 
52.8 0.1697 
52.85 0.165589 
52.9 0.161197 
52.95 0.156537 
53 0.151614 
53.05 0.146434 
53.1 0.140997 
53.15 0.135297 
53.2 0.129327 
53.25 0.123079 
53.3 0.116554 
53.35 0.109772 
53.4 0.102784 
53.45 0.0956831 
53.5 0.0885992 
53.55 0.0816812 
53.6 0.0750743 
53.65 0.0689006 
53.7 0.0632478 
53.75 0.0581659 
53.8 0.0536712 
53.85 0.0497532 
53.9 0.0463819 
53.95 0.0435159 
54 0.0411072 
54.05 0.0391065 
54.1 0.0374657 
54.15 0.0361398 
54.2 0.035088 
54.25 0.0342739 
54.3 0.0336658 
54.35 0.0332361 
54.4 0.0329612 
54.45 0.0328209 
54.5 0.0327983 
54.55 0.0328788 
54.6 0.0330504 
54.65 0.0333028 
54.7 0.0336277 
54.75 0.0340179 
54.8 0.0344674 
54.85 0.0349715 
54.9 0.035526 
54.95 0.0361276 
55 0.0367738 
55.05 0.0374622 
55.1 0.0381912 
55.15 0.0389595 
55.2 0.0397661 
55.25 0.0406104 
55.3 0.0414917 
55.35 0.0424101 
55.4 0.0433653 
55.45 0.0443577 
55.5 0.0453875 
55.55 0.0464553 
55.6 0.0475615 
55.65 0.0487069 
55.7 0.0498925 
55.75 0.051119 
55.8 0.0523876 
55.85 0.0536994 
55.9 0.0550556 
55.95 0.0564575 
56 0.0579066 
56.05 0.0594043 
56.1 0.0609521 
56.15 0.0625517 
56.2 0.0642048 
56.25 0.065913 
56.3 0.0676781 
56.35 0.0695021 
56.4 0.0713867 
56.45 0.0733338 
56.5 0.0753454 
56.55 0.0774233 
56.6 0.0795695 
56.65 0.0817858 
56.7 0.0840739 
56.75 0.0864357 
56.8 0.0888727 
56.85 0.0913863 
56.9 0.0939779 
56.95 0.0966485 
57 0.0993989 
57.05 0.102229 
57.1 0.10514 
57.15 0.108131 
57.2 0.111201 
57.25 0.114348 
57.3 0.11757 
57.35 0.120864 
57.4 0.124226 
57.45 0.127652 
57.5 0.131135 
57.55 0.134668 
57.6 0.138242 
57.65 0.141848 
57.7 0.145473 
57.75 0.149106 
57.8 0.15273 
57.85 0.156331 
57.9 0.159889 
57.95 0.163385 
58 0.166799 
58.05 0.170106 
58.1 0.173285 
58.15 0.176308 
58.2 0.179153 
58.25 0.181791 
58.3 0.184198 
58.35 0.186347 
58.4 0.188216 
58.45 0.18978 
58.5 0.19102 
58.55 0.191916 
58.6 0.192452 
58.65 0.192616 
58.7 0.192399 
58.75 0.191795 
58.8 0.190802 
58.85 0.189421 
58.9 0.187657 
58.95 0.185518 
59 0.183015 
59.05 0.18016 
59.1 0.176968 
59.15 0.173452 
59.2 0.169629 
59.25 0.165513 
59.3 0.161117 
59.35 0.156451 
59.4 0.151524 
59.45 0.14634 
59.5 0.140897 
59.55 0.135193 
59.6 0.129218 
59.65 0.122965 
59.7 0.116436 
59.75 0.109649 
59.8 0.102658 
59.85 0.0955562 
59.9 0.088474 
59.95 0.0815603 
60 0.0749601 
60.05 0.0687951 
60.1 0.0631521 
60.15 0.0580806 
60.2 0.0535964 
60.25 0.0496884 
60.3 0.0463266 
60.35 0.0434691 
60.4 0.0410681 
60.45 0.0390742 
60.5 0.0374394 
60.55 0.0361188 
60.6 0.0350715 
60.65 0.0342613 
60.7 0.0336566 
60.75 0.0332299 
60.8 0.0329576 
60.85 0.0328195 
60.9 0.0327988 
60.95 0.0328811 
61 0.0330542 
61.05 0.033308 
61.1 0.0336341 
61.15 0.0340254 
61.2 0.0344759 
61.25 0.0349809 
61.3 0.0355363 
61.35 0.0361388 
61.4 0.0367857 
61.45 0.0374748 
61.5 0.0382046 
61.55 0.0389736 
61.6 0.0397809 
61.65 0.0406257 
61.7 0.0415078 
61.75 0.0424268 
61.8 0.0433827 
61.85 0.0443757 
61.9 0.0454062 
61.95 0.0464746 
62 0.0475816 
62.05 0.0487277 
62.1 0.049914 
62.15 0.0511412 
62.2 0.0524106 
62.25 0.0537232 
62.3 0.0550802 
62.35 0.0564829 
62.4 0.0579329 
62.45 0.0594314 
62.5 0.0609802 
62.55 0.0625807 
62.6 0.0642347 
62.65 0.0659439 
62.7 0.0677101 
62.75 0.0695351 
62.8 0.0714208 
62.85 0.0733691 
62.9 0.0753818 
62.95 0.077461 
63 0.0796084 
63.05 0.0818259 
63.1 0.0841154 
63.15 0.0864785 
63.2 0.0889168 
63.25 0.0914318 
63.3 0.0940248 
63.35 0.0966968 
63.4 0.0994486 
63.45 0.102281 
63.5 0.105193 
63.55 0.108185 
63.6 0.111256 
63.65 0.114404 
63.7 0.117628 
63.75 0.120923 
63.8 0.124287 
63.85 0.127714 
63.9 0.131198 
63.95 0.134731 
64 0.138306 
64.05 0.141912 
64.1 0.145538 
64.15 0.14917 
64.2 0.152795 
64.25 0.156394 
64.3 0.159952 
64.35 0.163447 
64.4 0.166859 
64.45 0.170164 
64.5 0.17334 
64.55 0.176361 
64.6 0.179201 
64.65 0.181836 
64.7 0.184238 
64.75 0.186383 
64.8 0.188247 
64.85 0.189805 
64.9 0.191039 
64.95 0.191928 
65 0.192458 
65.05 0.192616 
65.1 0.192392 
65.15 0.191781 
65.2 0.19078 
65.25 0.189393 
65.3 0.187622 
65.35 0.185477 
65.4 0.182968 
65.45 0.180106 
65.5 0.176908 
65.55 0.173387 
65.6 0.169558 
65.65 0.165437 
65.7 0.161036 
65.75 0.156366 
65.8 0.151434 
65.85 0.146245 
65.9 0.140798 
65.95 0.135088 
66 0.129109 
66.05 0.122851 
66.1 0.116317 
66.15 0.109526 
66.2 0.102532 
66.25 0.0954294 
66.3 0.0883489 
66.35 0.0814395 
66.4 0.0748462 
66.45 0.0686898 
66.5 0.0630566 
66.55 0.0579956 
66.6 0.0535218 
66.65 0.0496238 
66.7 0.0462714 
66.75 0.0434225 
66.8 0.0410292 
66.85 0.0390421 
66.9 0.0374133 
66.95 0.0360978 
67 0.0350551 
67.05 0.0342489 
67.1 0.0336476 
67.15 0.0332238 
67.2 0.032954 
67.25 0.0328182 
67.3 0.0327994 
67.35 0.0328834 
67.4 0.033058 
67.45 0.0333132 
67.5 0.0336405 
67.55 0.0340329 
67.6 0.0344845 
67.65 0.0349904 
67.7 0.0355466 
67.75 0.0361499 
67.8 0.0367976 
67.85 0.0374875 
67.9 0.0382179 
67.95 0.0389876 
68 0.0397956 
68.05 0.0406411 
68.1 0.0415238 
68.15 0.0424435 
68.2 0.0434001 
68.25 0.0443938 
68.3 0.0454249 
68.35 0.046494 
68.4 0.0476016 
68.45 0.0487485 
68.5 0.0499355 
68.55 0.0511635 
68.6 0.0524336 
68.65 0.0537469 
68.7 0.0551048 
68.75 0.0565084 
68.8 0.0579592 
68.85 0.0594586 
68.9 0.0610082 
68.95 0.0626097 
69 0.0642647 
69.05 0.0659749 
69.1 0.0677421 
69.15 0.0695682 
69.2 0.071455 
69.25 0.0734044 
69.3 0.0754183 
69.35 0.0774986 
69.4 0.0796473 
69.45 0.0818661 
69.5 0.0841568 
69.55 0.0865213 
69.6 0.0889609 
69.65 0.0914773 
69.7 0.0940717 
69.75 0.0967451 
69.8 0.0994984 
69.85 0.102332 
69.9 0.105245 
69.95 0.108239 
70 0.111311 
70.05 0.114461 
70.1 0.117686 
70.15 0.120983 
70.2 0.124348 
70.25 0.127775 
70.3 0.13126 
70.35 0.134795 
70.4 0.13837 
70.45 0.141977 
70.5 0.145603 
70.55 0.149235 
70.6 0.152859 
70.65 0.156458 
70.7 0.160015 
70.75 0.163509 
70.8 0.166919 
70.85 0.170222 
70.9 0.173395 
70.95 0.176413 
71 0.17925 
71.05 0.181881 
71.1 0.184279 
71.15 0.186419 
71.2 0.188277 
71.25 0.18983 
71.3 0.191058 
71.35 0.191941 
71.4 0.192464 
71.45 0.192615 
71.5 0.192384 
71.55 0.191766 
71.6 0.190759 
71.65 0.189364 
71.7 0.187587 
71.75 0.185435 
71.8 0.18292 
71.85 0.180052 
71.9 0.176848 
71.95 0.173321 
72 0.169487 
72.05 0.165361 
72.1 0.160955 
72.15 0.15628 
72.2 0.151344 
72.25 0.14615 
72.3 0.140699 
72.35 0.134984 
72.4 0.129 
72.45 0.122737 
72.5 0.116198 
72.55 0.109403 
72.6 0.102406 
72.65 0.0953026 
72.7 0.0882238 
72.75 0.0813189 
72.8 0.0747323 
72.85 0.0685846 
72.9 0.0629614 
72.95 0.0579107 
73 0.0534473 
73.05 0.0495594 
73.1 0.0462164 
73.15 0.043376 
73.2 0.0409903 
73.25 0.0390101 
73.3 0.0373872 
73.35 0.036077 
73.4 0.0350387 
73.45 0.0342364 
73.5 0.0336385 
73.55 0.0332177 
73.6 0.0329504 
73.65 0.0328169 
73.7 0.0328001 
73.75 0.0328857 
73.8 0.0330619 
73.85 0.0333184 
73.9 0.033647 
73.95 0.0340405 
74 0.034493 
74.05 0.0349999 
74.1 0.035557 
74.15 0.0361611 
74.2 0.0368095 
74.25 0.0375002 
74.3 0.0382313 
74.35 0.0390017 
74.4 0.0398103 
74.45 0.0406565 
74.5 0.0415399 
74.55 0.0424602 
74.6 0.0434175 
74.65 0.0444118 
74.7 0.0454437 
74.75 0.0465134 
74.8 0.0476217 
74.85 0.0487693 
74.9 0.049957 
74.95 0.0511857 
75 0.0524566 
75.05 0.0537708 
75.1 0.0551294 
75.15 0.0565338 
75.2 0.0579854 
75.25 0.0594858 
75.3 0.0610363 
75.35 0.0626387 
75.4 0.0642947 
75.45 0.0660059 
75.5 0.0677741 
75.55 0.0696013 
75.6 0.0714892 
75.65 0.0734397 
75.7 0.0754548 
75.75 0.0775363 
75.8 0.0796862 
75.85 0.0819063 
75.9 0.0841983 
75.95 0.0865641 
76 0.0890051 
76.05 0.0915229 
76.1 0.0941187 
76.15 0.0967935 
76.2 0.0995481 
76.25 0.102383 
76.3 0.105298 
76.35 0.108293 
76.4 0.111367 
76.45 0.114518 
76.5 0.117744 
76.55 0.121042 
76.6 0.124408 
76.65 0.127837 
76.7 0.131323 
76.75 0.134858 
76.8 0.138434 
76.85 0.142041 
76.9 0.145667 
76.95 0.1493 
77 0.152923 
77.05 0.156522 
77.1 0.160078 
77.15 0.16357 
77.2 0.166978 
77.25 0.17028 
77.3 0.17345 
77.35 0.176465 
77.4 0.179299 
77.45 0.181926 
77.5 0.184319 
77.55 0.186455 
77.6 0.188307 
77.65 0.189855 
77.7 0.191077 
77.75 0.191954 
77.8 0.19247 
77.85 0.192614 
77.9 0.192377 
77.95 0.191752 
78 0.190738 
78.05 0.189336 
78.1 0.187552 
78.15 0.185394 
78.2 0.182872 
78.25 0.179998 
78.3 0.176788 
78.35 0.173256 
78.4 0.169416 
78.45 0.165285 
78.5 0.160874 
78.55 0.156194 
78.6 0.151253 
78.65 0.146055 
78.7 0.140599 
78.75 0.13488 
78.8 0.12889 
78.85 0.122623 
78.9 0.116079 
78.95 0.10928 
79 0.10228 
79.05 0.0951758 
79.1 0.0880988 
79.15 0.0811983 
79.2 0.0746186 
79.25 0.0684796 
79.3 0.0628663 
79.35 0.057826 
79.4 0.0533731 
79.45 0.0494952 
79.5 0.0461615 
79.55 0.0433296 
79.6 0.0409517 
79.65 0.0389782 
79.7 0.0373613 
79.75 0.0360562 
79.8 0.0350225 
79.85 0.0342241 
79.9 0.0336296 
79.95 0.0332116 
80 0.0329469 
80.05 0.0328156 
80.1 0.0328007 
80.15 0.0328881 
80.2 0.0330658 
80.25 0.0333237 
80.3 0.0336534 
80.35 0.034048 
80.4 0.0345016 
80.45 0.0350094 
80.5 0.0355673 
80.55 0.0361723 
80.6 0.0368215 
80.65 0.0375128 
80.7 0.0382447 
80.75 0.0390158 
80.8 0.0398251 
80.85 0.0406719 
80.9 0.041556 
80.95 0.0424769 
81 0.0434348 
81.05 0.0444299 
81.1 0.0454624 
81.15 0.0465328 
81.2 0.0476418 
81.25 0.0487901 
81.3 0.0499785 
81.35 0.051208 
81.4 0.0524797 
81.45 0.0537946 
81.5 0.055154 
81.55 0.0565593 
81.6 0.0580118 
81.65 0.059513 
81.7 0.0610644 
81.75 0.0626678 
81.8 0.0643247 
81.85 0.0660369 
81.9 0.0678062 
81.95 0.0696344 
82 0.0715234 
82.05 0.073475 
82.1 0.0754913 
82.15 0.077574 
82.2 0.0797251 
82.25 0.0819465 
82.3 0.0842398 
82.35 0.0866069 
82.4 0.0890493 
82.45 0.0915685 
82.5 0.0941657 
82.55 0.0968419 
82.6 0.099598 
82.65 0.102434 
82.7 0.105351 
82.75 0.108347 
82.8 0.111422 
82.85 0.114575 
82.9 0.117802 
82.95 0.121102 
83 0.124469 
83.05 0.127899 
83.1 0.131385 
83.15 0.134921 
83.2 0.138498 
83.25 0.142106 
83.3 0.145732 
83.35 0.149364 
83.4 0.152988 
83.45 0.156586 
83.5 0.16014 
83.55 0.163632 
83.6 0.167038 
83.65 0.170338 
83.7 0.173506 
83.75 0.176517 
83.8 0.179348 
83.85 0.18197 
83.9 0.18436 
83.95 0.18649 
84 0.188338 
84.05 0.18988 
84.1 0.191095 
84.15 0.191966 
84.2 0.192476 
84.25 0.192613 
84.3 0.192369 
84.35 0.191737 
84.4 0.190716 
84.45 0.189308 
84.5 0.187517 
84.55 0.185352 
84.6 0.182823 
84.65 0.179944 
84.7 0.176728 
84.75 0.17319 
84.8 0.169345 
84.85 0.165209 
84.9 0.160793 
84.95 0.156108 
85 0.151163 
85.05 0.14596 
85.1 0.140499 
85.15 0.134776 
85.2 0.128781 
85.25 0.122509 
85.3 0.11596 
85.35 0.109157 
85.4 0.102154 
85.45 0.0950491 
85.5 0.0879738 
85.55 0.0810778 
85.6 0.074505 
85.65 0.0683748 
85.7 0.0627713 
85.75 0.0577415 
85.8 0.053299 
85.85 0.0494311 
85.9 0.0461067 
85.95 0.0432834 
86 0.0409131 
86.05 0.0389464 
86.1 0.0373354 
86.15 0.0360355 
86.2 0.0350063 
86.25 0.0342118 
86.3 0.0336206 
86.35 0.0332056 
86.4 0.0329435 
86.45 0.0328144 
86.5 0.0328014 
86.55 0.0328905 
86.6 0.0330697 
86.65 0.033329 
86.7 0.0336599 
86.75 0.0340556 
86.8 0.0345102 
86.85 0.0350189 
86.9 0.0355777 
86.95 0.0361834 
87 0.0368334 
87.05 0.0375255 
87.1 0.0382581 
87.15 0.0390299 
87.2 0.0398398 
87.25 0.0406874 
87.3 0.0415721 
87.35 0.0424937 
87.4 0.0434523 
87.45 0.044448 
87.5 0.0454811 
87.55 0.0465523 
87.6 0.0476619 
87.65 0.0488109 
87.7 0.0500001 
87.75 0.0512303 
87.8 0.0525027 
87.85 0.0538184 
87.9 0.0551786 
87.95 0.0565847 
88 0.0580381 
88.05 0.0595402 
88.1 0.0610925 
88.15 0.0626968 
88.2 0.0643547 
88.25 0.0660679 
88.3 0.0678382 
88.35 0.0696675 
88.4 0.0715576 
88.45 0.0735104 
88.5 0.0755278 
88.55 0.0776118 
88.6 0.0797641 
88.65 0.0819867 
88.7 0.0842814 
88.75 0.0866498 
88.8 0.0890935 
88.85 0.0916141 
88.9 0.0942127 
88.95 0.0968903 
89 0.0996478 
89.05 0.102486 
89.1 0.105403 
89.15 0.108401 
89.2 0.111478 
89.25 0.114632 
89.3 0.11786 
89.35 0.121161 
89.4 0.124529 
89.45 0.12796 
89.5 0.131448 
89.55 0.134985 
89.6 0.138562 
89.65 0.14217 
89.7 0.145797 
89.75 0.149429 
89.8 0.153052 
89.85 0.15665 
89.9 0.160203 
89.95 0.163693 
90 0.167098 
90.05 0.170395 
90.1 0.173561 
90.15 0.17657 
90.2 0.179396 
90.25 0.182015 
90.3 0.1844 
90.35 0.186526 
90.4 0.188368 
90.45 0.189904 
90.5 0.191114 
90.55 0.191978 
90.6 0.192482 
90.65 0.192612 
90.7 0.192361 
90.75 0.191722 
90.8 0.190694 
90.85 0.189279 
90.9 0.187482 
90.95 0.18531 
91 0.182775 
91.05 0.179889 
91.1 0.176667 
91.15 0.173124 
91.2 0.169274 
91.25 0.165132 
91.3 0.160712 
91.35 0.156023 
91.4 0.151073 
91.45 0.145865 
91.5 0.1404 
91.55 0.134671 
91.6 0.128672 
91.65 0.122395 
91.7 0.115841 
91.75 0.109033 
91.8 0.102028 
91.85 0.0949223 
91.9 0.0878489 
91.95 0.0809575 
92 0.0743916 
92.05 0.0682702 
92.1 0.0626766 
92.15 0.0576572 
92.2 0.0532251 
92.25 0.0493672 
92.3 0.0460522 
92.35 0.0432374 
92.4 0.0408747 
92.45 0.0389147 
92.5 0.0373096 
92.55 0.0360149 
92.6 0.0349902 
92.65 0.0341996 
92.7 0.0336118 
92.75 0.0331997 
92.8 0.0329401 
92.85 0.0328132 
92.9 0.0328022 
92.95 0.032893 
93 0.0330737 
93.05 0.0333343 
93.1 0.0336664 
93.15 0.0340632 
93.2 0.0345188 
93.25 0.0350284 
93.3 0.0355881 
93.35 0.0361946 
93.4 0.0368454 
93.45 0.0375382 
93.5 0.0382715 
93.55 0.039044 
93.6 0.0398546 
93.65 0.0407028 
93.7 0.0415882 
93.75 0.0425104 
93.8 0.0434697 
93.85 0.044466 
93.9 0.0454999 
93.95 0.0465717 
94 0.0476821 
94.05 0.0488318 
94.1 0.0500216 
94.15 0.0512526 
94.2 0.0525258 
94.25 0.0538422 
94.3 0.0552033 
94.35 0.0566102 
94.4 0.0580644 
94.45 0.0595674 
94.5 0.0611207 
94.55 0.0627259 
94.6 0.0643847 
94.65 0.0660989 
94.7 0.0678703 
94.75 0.0697006 
94.8 0.0715918 
94.85 0.0735458 
94.9 0.0755644 
94.95 0.0776495 
95 0.0798031 
95.05 0.082027 
95.1 0.0843229 
95.15 0.0866927 
95.2 0.0891378 
95.25 0.0916597 
95.3 0.0942597 
95.35 0.0969388 
95.4 0.0996977 
95.45 0.102537 
95.5 0.105456 
95.55 0.108455 
95.6 0.111533 
95.65 0.114689 
95.7 0.117919 
95.75 0.12122 
95.8 0.12459 
95.85 0.128022 
95.9 0.131511 
95.95 0.135048 
96 0.138626 
96.05 0.142235 
96.1 0.145861 
96.15 0.149494 
96.2 0.153117 
96.25 0.156713 
96.3 0.160266 
96.35 0.163755 
96.4 0.167158 
96.45 0.170453 
96.5 0.173616 
96.55 0.176622 
96.6 0.179445 
96.65 0.18206 
96.7 0.18444 
96.75 0.186561 
96.8 0.188398 
96.85 0.189929 
96.9 0.191132 
96.95 0.19199 
97 0.192487 
97.05 0.192611 
97.1 0.192353 
97.15 0.191707 
97.2 0.190672 
97.25 0.18925 
97.3 0.187446 
97.35 0.185268 
97.4 0.182727 
97.45 0.179835 
97.5 0.176607 
97.55 0.173058 
97.6 0.169203 
97.65 0.165056 
97.7 0.16063 
97.75 0.155937 
97.8 0.150982 
97.85 0.14577 
97.9 0.1403 
97.95 0.134567 
98 0.128562 
98.05 0.12228 
98.1 0.115722 
98.15 0.10891 
98.2 0.101902 
98.25 0.0947955 
98.3 0.0877241 
98.35 0.0808372 
98.4 0.0742783 
98.45 0.0681657 
98.5 0.062582 
98.55 0.0575731 
98.6 0.0531514 
98.65 0.0493035 
98.7 0.0459978 
98.75 0.0431914 
98.8 0.0408364 
98.85 0.0388831 
98.9 0.037284 
98.95 0.0359944 
99 0.0349741 
99.05 0.0341874 
99.1 0.033603 
99.15 0.0331938 
99.2 0.0329367 
99.25 0.032812 
99.3 0.0328029 
99.35 0.0328954 
99.4 0.0330776 
99.45 0.0333396 
99.5 0.033673 
99.55 0.0340708 
99.6 0.0345274 
99.65 0.035038 
99.7 0.0355985 
99.75 0.0362059 
99.8 0.0368574 
99.85 0.037551 
99.9 0.0382849 
99.95 0.0390581 
100 0.0398694 
100.05 0.0407183 
100.1 0.0416043 
100.15 0.0425272 
100.2 0.0434871 
100.25 0.0444841 
100.3 0.0455187 
100.35 0.0465911 
100.4 0.0477022 
100.45 0.0488526 
100.5 0.0500432 
100.55 0.0512749 
100.6 0.0525488 
100.65 0.0538661 
100.7 0.055228 
100.75 0.0566357 
100.8 0.0580908 
100.85 0.0595946 
100.9 0.0611488 
100.95 0.062755 
101 0.0644148 
101.05 0.06613 
101.1 0.0679024 
101.15 0.0697338 
101.2 0.0716261 
101.25 0.0735812 
101.3 0.0756009 
101.35 0.0776873 
101.4 0.0798421 
101.45 0.0820672 
101.5 0.0843645 
101.55 0.0867356 
101.6 0.089182 
101.65 0.0917053 
101.7 0.0943067 
101.75 0.0969872 
101.8 0.0997476 
101.85 0.102588 
101.9 0.105509 
101.95 0.10851 
102 0.111589 
102.05 0.114746 
102.1 0.117977 
102.15 0.12128 
102.2 0.12465 
102.25 0.128084 
102.3 0.131573 
102.35 0.135112 
102.4 0.13869 
102.45 0.142299 
102.5 0.145926 
102.55 0.149558 
102.6 0.153181 
102.65 0.156777 
102.7 0.160329 
102.75 0.163816 
102.8 0.167218 
102.85 0.17051 
102.9 0.173671 
102.95 0.176674 
103 0.179493 
103.05 0.182104 
103.1 0.18448 
103.15 0.186596 
103.2 0.188428 
103.25 0.189953 
103.3 0.191151 
103.35 0.192002 
103.4 0.192493 
103.45 0.19261 
103.5 0.192345 
103.55 0.191692 
103.6 0.19065 
103.65 0.189222 
103.7 0.187411 
103.75 0.185226 
103.8 0.182678 
103.85 0.17978 
103.9 0.176547 
103.95 0.172992 
104 0.169131 
104.05 0.16498 
104.1 0.160549 
104.15 0.155851 
104.2 0.150891 
104.25 0.145675 
104.3 0.1402 
104.35 0.134462 
104.4 0.128453 
104.45 0.122166 
104.5 0.115603 
104.55 0.108787 
104.6 0.101776 
104.65 0.0946687 
104.7 0.0875993 
104.75 0.0807171 
104.8 0.0741652 
104.85 0.0680613 
104.9 0.0624877 
104.95 0.0574892 
105 0.0530779 
105.05 0.04924 
105.1 0.0459435 
105.15 0.0431457 
105.2 0.0407982 
105.25 0.0388517 
105.3 0.0372584 
105.35 0.035974 
105.4 0.0349582 
105.45 0.0341753 
105.5 0.0335942 
105.55 0.0331879 
105.6 0.0329334 
105.65 0.0328109 
105.7 0.0328037 
105.75 0.0328979 
105.8 0.0330816 
105.85 0.0333449 
105.9 0.0336795 
105.95 0.0340785 
106 0.0345361 
106.05 0.0350475 
106.1 0.0356089 
106.15 0.0362171 
106.2 0.0368694 
106.25 0.0375637 
106.3 0.0382984 
106.35 0.0390722 
106.4 0.0398842 
106.45 0.0407337 
106.5 0.0416204 
106.55 0.042544 
106.6 0.0435045 
106.65 0.0445022 
106.7 0.0455374 
106.75 0.0466106 
106.8 0.0477224 
106.85 0.0488735 
106.9 0.0500648 
106.95 0.0512973 
107 0.0525719 
107.05 0.05389 
107.1 0.0552526 
107.15 0.0566612 
107.2 0.0581171 
107.25 0.0596219 
107.3 0.061177 
107.35 0.0627841 
107.4 0.0644449 
107.45 0.0661611 
107.5 0.0679345 
107.55 0.069767 
107.6 0.0716604 
107.65 0.0736166 
107.7 0.0756375 
107.75 0.0777251 
107.8 0.0798811 
107.85 0.0821076 
107.9 0.0844061 
107.95 0.0867785 
108 0.0892263 
108.05 0.091751 
108.1 0.0943538 
108.15 0.0970357 
108.2 0.0997975 
108.25 0.102639 
108.3 0.105562 
108.35 0.108564 
108.4 0.111645 
108.45 0.114802 
108.5 0.118035 
108.55 0.121339 
108.6 0.124711 
108.65 0.128145 
108.7 0.131636 
108.75 0.135175 
108.8 0.138754 
108.85 0.142364 
108.9 0.145991 
108.95 0.149623 
109 0.153245 
109.05 0.156841 
109.1 0.160392 
109.15 0.163878 
109.2 0.167277 
109.25 0.170568 
109.3 0.173726 
109.35 0.176726 
109.4 0.179542 
109.45 0.182149 
109.5 0.18452 
109.55 0.186631 
109.6 0.188458 
109.65 0.189977 
109.7 0.191169 
109.75 0.192014 
109.8 0.192498 
109.85 0.192609 
109.9 0.192337 
109.95 0.191677 
110 0.190628 
110.05 0.189193 
110.1 0.187375 
110.15 0.185184 
110.2 0.18263 
110.25 0.179726 
110.3 0.176486 
110.35 0.172926 
110.4 0.16906 
110.45 0.164903 
110.5 0.160468 
110.55 0.155765 
110.6 0.150801 
110.65 0.14558 
110.7 0.1401 
110.75 0.134357 
110.8 0.128343 
110.85 0.122051 
110.9 0.115483 
110.95 0.108663 
111 0.10165 
111.05 0.094542 
111.1 0.0874745 
111.15 0.080597 
111.2 0.0740522 
111.25 0.0679572 
111.3 0.0623935 
111.35 0.0574054 
111.4 0.0530046 
111.45 0.0491766 
111.5 0.0458895 
111.55 0.0431 
111.6 0.0407601 
111.65 0.0388203 
111.7 0.0372329 
111.75 0.0359536 
111.8 0.0349423 
111.85 0.0341633 
111.9 0.0335855 
111.95 0.0331821 
112 0.0329301 
112.05 0.0328098 
112.1 0.0328046 
112.15 0.0329004 
112.2 0.0330856 
112.25 0.0333503 
112.3 0.0336861 
112.35 0.0340861 
112.4 0.0345447 
112.45 0.0350571 
112.5 0.0356194 
112.55 0.0362283 
112.6 0.0368814 
112.65 0.0375764 
112.7 0.0383118 
112.75 0.0390863 
112.8 0.039899 
112.85 0.0407492 
112.9 0.0416365 
112.95 0.0425608 
113 0.043522 
113.05 0.0445204 
113.1 0.0455562 
113.15 0.0466301 
113.2 0.0477425 
113.25 0.0488944 
113.3 0.0500864 
113.35 0.0513196 
113.4 0.052595 
113.45 0.0539139 
113.5 0.0552773 
113.55 0.0566867 
113.6 0.0581435 
113.65 0.0596491 
113.7 0.0612052 
113.75 0.0628132 
113.8 0.064475 
113.85 0.0661922 
113.9 0.0679666 
113.95 0.0698002 
114 0.0716947 
114.05 0.073652 
114.1 0.0756741 
114.15 0.0777629 
114.2 0.0799202 
114.25 0.0821479 
114.3 0.0844477 
114.35 0.0868215 
114.4 0.0892706 
114.45 0.0917967 
114.5 0.0944009 
114.55 0.0970842 
114.6 0.0998474 
114.65 0.102691 
114.7 0.105615 
114.75 0.108618 
114.8 0.1117 
114.85 0.114859 
114.9 0.118093 
114.95 0.121399 
115 0.124772 
115.05 0.128207 
115.1 0.131698 
115.15 0.135239 
115.2 0.138818 
115.25 0.142428 
115.3 0.146056 
115.35 0.149688 
115.4 0.15331 
115.45 0.156905 
115.5 0.160454 
115.55 0.163939 
115.6 0.167337 
115.65 0.170625 
115.7 0.173781 
115.75 0.176777 
115.8 0.17959 
115.85 0.182193 
115.9 0.18456 
115.95 0.186667 
116 0.188488 
116.05 0.190002 
116.1 0.191187 
116.15 0.192026 
116.2 0.192504 
116.25 0.192607 
116.3 0.192328 
116.35 0.191662 
116.4 0.190606 
116.45 0.189163 
116.5 0.187339 
116.55 0.185141 
116.6 0.182581 
116.65 0.179671 
116.7 0.176425 
116.75 0.172859 
116.8 0.168988 
116.85 0.164826 
116.9 0.160386 
116.95 0.155678 
117 0.15071 
117.05 0.145484 
117.1 0.14 
117.15 0.134253 
117.2 0.128234 
117.25 0.121936 
117.3 0.115364 
117.35 0.10854 
117.4 0.101523 
117.45 0.0944153 
117.5 0.0873499 
117.55 0.0804771 
117.6 0.0739394 
117.65 0.0678532 
117.7 0.0622995 
117.75 0.0573219 
117.8 0.0529314 
117.85 0.0491134 
117.9 0.0458355 
117.95 0.0430546 
118 0.0407222 
118.05 0.0387891 
118.1 0.0372076 
118.15 0.0359334 
118.2 0.0349265 
118.25 0.0341513 
118.3 0.0335769 
118.35 0.0331764 
118.4 0.0329268 
118.45 0.0328087 
118.5 0.0328054 
118.55 0.032903 
118.6 0.0330897 
118.65 0.0333557 
118.7 0.0336926 
118.75 0.0340938 
118.8 0.0345534 
118.85 0.0350667 
118.9 0.0356298 
118.95 0.0362396 
119 0.0368934 
119.05 0.0375892 
119.1 0.0383253 
119.15 0.0391005 
119.2 0.0399138 
119.25 0.0407647 
119.3 0.0416527 
119.35 0.0425776 
119.4 0.0435395 
119.45 0.0445385 
119.5 0.045575 
119.55 0.0466496 
119.6 0.0477627 
119.65 0.0489153 
119.7 0.050108 
119.75 0.051342 
119.8 0.0526182 
119.85 0.0539378 
119.9 0.055302 
119.95 0.0567123 
120 0.0581699 
120.05 0.0596764 
120.1 0.0612334 
120.15 0.0628423 
120.2 0.0645051 
120.25 0.0662233 
120.3 0.0679988 
120.35 0.0698334 
120.4 0.071729 
120.45 0.0736875 
120.5 0.0757108 
120.55 0.0778007 
120.6 0.0799593 
120.65 0.0821882 
120.7 0.0844894 
120.75 0.0868644 
120.8 0.089315 
120.85 0.0918424 
120.9 0.094448 
120.95 0.0971328 
121 0.0998974 
121.05 0.102742 
121.1 0.105667 
121.15 0.108672 
121.2 0.111756 
121.25 0.114916 
121.3 0.118152 
121.35 0.121458 
121.4 0.124832 
121.45 0.128269 
121.5 0.131761 
121.55 0.135302 
121.6 0.138883 
121.65 0.142493 
121.7 0.14612 
121.75 0.149753 
121.8 0.153374 
121.85 0.156968 
121.9 0.160517 
121.95 0.164 
122 0.167397 
122.05 0.170683 
122.1 0.173836 
122.15 0.176829 
122.2 0.179638 
122.25 0.182237 
122.3 0.1846 
122.35 0.186702 
122.4 0.188518 
122.45 0.190026 
122.5 0.191205 
122.55 0.192038 
122.6 0.192509 
122.65 0.192606 
122.7 0.19232 
122.75 0.191646 
122.8 0.190584 
122.85 0.189134 
122.9 0.187303 
122.95 0.185099 
123 0.182532 
123.05 0.179616 
123.1 0.176364 
123.15 0.172793 
123.2 0.168917 
123.25 0.16475 
123.3 0.160305 
123.35 0.155592 
123.4 0.150619 
123.45 0.145389 
123.5 0.1399 
123.55 0.134148 
123.6 0.128124 
123.65 0.121822 
123.7 0.115244 
123.75 0.108416 
123.8 0.101397 
123.85 0.0942886 
123.9 0.0872253 
123.95 0.0803573 
124 0.0738266 
124.05 0.0677494 
124.1 0.0622056 
124.15 0.0572385 
124.2 0.0528584 
124.25 0.0490504 
124.3 0.0457818 
124.35 0.0430092 
124.4 0.0406844 
124.45 0.038758 
124.5 0.0371823 
124.55 0.0359132 
124.6 0.0349107 
124.65 0.0341394 
124.7 0.0335683 
124.75 0.0331707 
124.8 0.0329236 
124.85 0.0328077 
124.9 0.0328063 
124.95 0.0329056 
125 0.0330938 
125.05 0.0333611 
125.1 0.0336993 
125.15 0.0341015 
125.2 0.0345621 
125.25 0.0350763 
125.3 0.0356403 
125.35 0.0362509 
125.4 0.0369054 
125.45 0.037602 
125.5 0.0383388 
125.55 0.0391147 
125.6 0.0399287 
125.65 0.0407802 
125.7 0.0416688 
125.75 0.0425944 
125.8 0.0435569 
125.85 0.0445566 
125.9 0.0455938 
125.95 0.0466691 
126 0.0477829 
126.05 0.0489362 
126.1 0.0501296 
126.15 0.0513643 
126.2 0.0526413 
126.25 0.0539617 
126.3 0.0553268 
126.35 0.0567378 
126.4 0.0581963 
126.45 0.0597037 
126.5 0.0612616 
126.55 0.0628715 
126.6 0.0645352 
126.65 0.0662544 
126.7 0.068031 
126.75 0.0698666 
126.8 0.0717634 
126.85 0.073723 
126.9 0.0757474 
126.95 0.0778386 
127 0.0799984 
127.05 0.0822286 
127.1 0.0845311 
127.15 0.0869074 
127.2 0.0893593 
127.25 0.0918882 
127.3 0.0944952 
127.35 0.0971813 
127.4 0.0999474 
127.45 0.102794 
127.5 0.10572 
127.55 0.108727 
127.6 0.111811 
127.65 0.114973 
127.7 0.11821 
127.75 0.121518 
127.8 0.124893 
127.85 0.128331 
127.9 0.131824 
127.95 0.135365 
128 0.138947 
128.05 0.142557 
128.1 0.146185 
128.15 0.149817 
128.2 0.153438 
128.25 0.157032 
128.3 0.16058 
128.35 0.164062 
128.4 0.167456 
128.45 0.17074 
128.5 0.17389 
128.55 0.176881 
128.6 0.179687 
128.65 0.182282 
128.7 0.18464 
128.75 0.186737 
128.8 0.188547 
128.85 0.19005 
128.9 0.191223 
128.95 0.19205 
129 0.192514 
129.05 0.192604 
129.1 0.192311 
129.15 0.191631 
129.2 0.190561 
129.25 0.189105 
129.3 0.187267 
129.35 0.185056 
129.4 0.182483 
129.45 0.179561 
129.5 0.176304 
129.55 0.172727 
129.6 0.168845 
129.65 0.164673 
129.7 0.160223 
129.75 0.155506 
129.8 0.150528 
129.85 0.145293 
129.9 0.1398 
129.95 0.134043 
130 0.128014 
130.05 0.121707 
130.1 0.115125 
130.15 0.108292 
130.2 0.101271 
130.25 0.0941618 
130.3 0.0871007 
130.35 0.0802375 
130.4 0.0737141 
130.45 0.0676457 
130.5 0.062112 
130.55 0.0571553 
130.6 0.0527856 
130.65 0.0489875 
130.7 0.0457282 
130.75 0.042964 
130.8 0.0406467 
130.85 0.0387269 
130.9 0.0371571 
130.95 0.0358931 
131 0.034895 
131.05 0.0341275 
131.1 0.0335598 
131.15 0.033165 
131.2 0.0329205 
131.25 0.0328067 
131.3 0.0328072 
131.35 0.0329082 
131.4 0.0330979 
131.45 0.0333665 
131.5 0.0337059 
131.55 0.0341092 
131.6 0.0345708 
131.65 0.0350859 
131.7 0.0356508 
131.75 0.0362622 
131.8 0.0369175 
131.85 0.0376147 
131.9 0.0383523 
131.95 0.0391288 
132 0.0399435 
132.05 0.0407957 
132.1 0.041685 
132.15 0.0426112 
132.2 0.0435744 
132.25 0.0445748 
132.3 0.0456127 
132.35 0.0466886 
132.4 0.0478031 
132.45 0.0489571 
132.5 0.0501513 
132.55 0.0513867 
132.6 0.0526644 
132.65 0.0539856 
132.7 0.0553515 
132.75 0.0567634 
132.8 0.0582228 
132.85 0.059731 
132.9 0.0612898 
132.95 0.0629007 
133 0.0645654 
133.05 0.0662856 
133.1 0.0680632 
133.15 0.0698999 
133.2 0.0717977 
133.25 0.0737585 
133.3 0.0757841 
133.35 0.0778765 
133.4 0.0800375 
133.45 0.082269 
133.5 0.0845728 
133.55 0.0869505 
133.6 0.0894037 
133.65 0.0919339 
133.7 0.0945423 
133.75 0.0972299 
133.8 0.0999974 
133.85 0.102845 
133.9 0.105773 
133.95 0.108781 
134 0.111867 
134.05 0.11503 
134.1 0.118268 
134.15 0.121578 
134.2 0.124954 
134.25 0.128392 
134.3 0.131887 
134.35 0.135429 
134.4 0.139011 
134.45 0.142622 
134.5 0.14625 
134.55 0.149882 
134.6 0.153503 
134.65 0.157096 
134.7 0.160642 
134.75 0.164123 
134.8 0.167516 
134.85 0.170798 
134.9 0.173945 
134.95 0.176933 
135 0.179735 
135.05 0.182326 
135.1 0.18468 
135.15 0.186771 
135.2 0.188577 
135.25 0.190074 
135.3 0.191241 
135.35 0.192061 
135.4 0.192519 
135.45 0.192602 
135.5 0.192302 
135.55 0.191615 
135.6 0.190539 
135.65 0.189076 
135.7 0.187231 
135.75 0.185013 
135.8 0.182434 
135.85 0.179506 
135.9 0.176243 
135.95 0.17266 
136 0.168773 
136.05 0.164596 
136.1 0.160141 
136.15 0.155419 
136.2 0.150437 
136.25 0.145198 
136.3 0.1397 
136.35 0.133938 
136.4 0.127904 
136.45 0.121592 
136.5 0.115005 
136.55 0.108169 
136.6 0.101145 
136.65 0.0940352 
136.7 0.0869762 
136.75 0.0801179 
136.8 0.0736017 
136.85 0.0675423 
136.9 0.0620185 
136.95 0.0570723 
137 0.052713 
137.05 0.0489249 
137.1 0.0456747 
137.15 0.042919 
137.2 0.0406092 
137.25 0.038696 
137.3 0.037132 
137.35 0.0358731 
137.4 0.0348794 
137.45 0.0341158 
137.5 0.0335513 
137.55 0.0331594 
137.6 0.0329174 
137.65 0.0328058 
137.7 0.0328082 
137.75 0.0329108 
137.8 0.033102 
137.85 0.0333719 
137.9 0.0337125 
137.95 0.0341169 
138 0.0345795 
138.05 0.0350956 
138.1 0.0356613 
138.15 0.0362735 
138.2 0.0369296 
138.25 0.0376275 
138.3 0.0383658 
138.35 0.039143 
138.4 0.0399584 
138.45 0.0408112 
138.5 0.0417012 
138.55 0.0426281 
138.6 0.0435919 
138.65 0.044593 
138.7 0.0456315 
138.75 0.0467081 
138.8 0.0478233 
138.85 0.048978 
138.9 0.0501729 
138.95 0.0514091 
139 0.0526876 
139.05 0.0540096 
139.1 0.0553763 
139.15 0.056789 
139.2 0.0582492 
139.25 0.0597584 
139.3 0.061318 
139.35 0.0629299 
139.4 0.0645955 
139.45 0.0663168 
139.5 0.0680954 
139.55 0.0699332 
139.6 0.0718321 
139.65 0.073794 
139.7 0.0758208 
139.75 0.0779144 
139.8 0.0800766 
139.85 0.0823094 
139.9 0.0846145 
139.95 0.0869935 
140 0.0894481 
140.05 0.0919797 
140.1 0.0945895 
140.15 0.0972786 
140.2 0.100047 
140.25 0.102897 
140.3 0.105826 
140.35 0.108835 
140.4 0.111923 
140.45 0.115088 
140.5 0.118327 
140.55 0.121637 
140.6 0.125015 
140.65 0.128454 
140.7 0.131949 
140.75 0.135493 
140.8 0.139075 
140.85 0.142686 
140.9 0.146315 
140.95 0.149947 
141 0.153567 
141.05 0.157159 
141.1 0.160705 
141.15 0.164184 
141.2 0.167575 
141.25 0.170855 
141.3 0.174 
141.35 0.176984 
141.4 0.179783 
141.45 0.18237 
141.5 0.184719 
141.55 0.186806 
141.6 0.188606 
141.65 0.190097 
141.7 0.191259 
141.75 0.192072 
141.8 0.192523 
141.85 0.1926 
141.9 0.192294 
141.95 0.191599 
142 0.190516 
142.05 0.189046 
142.1 0.187195 
142.15 0.184971 
142.2 0.182385 
142.25 0.17945 
142.3 0.176181 
142.35 0.172593 
142.4 0.168701 
142.45 0.164519 
142.5 0.160059 
142.55 0.155333 
142.6 0.150346 
142.65 0.145102 
142.7 0.139599 
142.75 0.133833 
142.8 0.127794 
142.85 0.121477 
142.9 0.114885 
142.95 0.108045 
143 0.101018 
143.05 0.0939085 
143.1 0.0868518 
143.15 0.0799984 
143.2 0.0734894 
143.25 0.067439 
143.3 0.0619253 
143.35 0.0569895 
143.4 0.0526406 
143.45 0.0488623 
143.5 0.0456214 
143.55 0.042874 
143.6 0.0405718 
143.65 0.0386653 
143.7 0.0371071 
143.75 0.0358532 
143.8 0.0348639 
143.85 0.034104 
143.9 0.0335429 
143.95 0.0331538 
144 0.0329143 
144.05 0.0328049 
144.1 0.0328092 
144.15 0.0329135 
144.2 0.0331061 
144.25 0.0333774 
144.3 0.0337192 
144.35 0.0341247 
144.4 0.0345882 
144.45 0.0351052 
144.5 0.0356718 
144.55 0.0362848 
144.6 0.0369416 
144.65 0.0376403 
144.7 0.0383793 
144.75 0.0391572 
144.8 0.0399733 
144.85 0.0408268 
144.9 0.0417174 
144.95 0.0426449 
145 0.0436094 
145.05 0.0446111 
145.1 0.0456504 
145.15 0.0467276 
145.2 0.0478436 
145.25 0.0489989 
145.3 0.0501946 
145.35 0.0514315 
145.4 0.0527108 
145.45 0.0540335 
145.5 0.055401 
145.55 0.0568146 
145.6 0.0582757 
145.65 0.0597857 
145.7 0.0613463 
145.75 0.0629591 
145.8 0.0646257 
145.85 0.0663479 
145.9 0.0681276 
145.95 0.0699665 
146 0.0718665 
146.05 0.0738296 
146.1 0.0758575 
146.15 0.0779523 
146.2 0.0801158 
146.25 0.0823498 
146.3 0.0846562 
146.35 0.0870366 
146.4 0.0894926 
146.45 0.0920256 
146.5 0.0946368 
146.55 0.0973272 
146.6 0.100098 
146.65 0.102948 
146.7 0.105879 
146.75 0.108889 
146.8 0.111979 
146.85 0.115145 
146.9 0.118385 
146.95 0.121697 
147 0.125075 
147.05 0.128516 
147.1 0.132012 
147.15 0.135556 
147.2 0.139139 
147.25 0.142751 
147.3 0.146379 
147.35 0.150011 
147.4 0.153631 
147.45 0.157223 
147.5 0.160768 
147.55 0.164246 
147.6 0.167635 
147.65 0.170912 
147.7 0.174054 
147.75 0.177036 
147.8 0.179831 
147.85 0.182414 
147.9 0.184759 
147.95 0.186841 
148 0.188636 
148.05 0.190121 
148.1 0.191276 
148.15 0.192084 
148.2 0.192528 
148.25 0.192598 
148.3 0.192285 
148.35 0.191583 
148.4 0.190493 
148.45 0.189016 
148.5 0.187158 
148.55 0.184928 
148.6 0.182336 
148.65 0.179395 
148.7 0.17612 
148.75 0.172527 
148.8 0.168629 
148.85 0.164442 
148.9 0.159977 
148.95 0.155246 
149 0.150255 
149.05 0.145006 
149.1 0.139499 
149.15 0.133728 
149.2 0.127684 
149.25 0.121362 
149.3 0.114765 
149.35 0.107921 
149.4 0.100892 
149.45 0.0937818 
149.5 0.0867274 
149.55 0.079879 
149.6 0.0733773 
149.65 0.0673358 
149.7 0.0618322 
149.75 0.0569069 
149.8 0.0525683 
149.85 0.0488 
149.9 0.0455683 
149.95 0.0428293 
150 0.0405345 
150.05 0.0386346 
150.1 0.0370822 
150.15 0.0358334 
150.2 0.0348485 
150.25 0.0340924 
150.3 0.0335345 
150.35 0.0331483 
150.4 0.0329113 
150.45 0.032804 
150.5 0.0328102 
150.55 0.0329162 
150.6 0.0331103 
150.65 0.0333829 
150.7 0.0337259 
150.75 0.0341324 
150.8 0.034597 
150.85 0.0351149 
150.9 0.0356823 
150.95 0.0362961 
151 0.0369537 
151.05 0.0376532 
151.1 0.0383928 
151.15 0.0391714 
151.2 0.0399881 
151.25 0.0408423 
151.3 0.0417336 
151.35 0.0426618 
151.4 0.043627 
151.45 0.0446293 
151.5 0.0456692 
151.55 0.0467472 
151.6 0.0478638 
151.65 0.0490199 
151.7 0.0502163 
151.75 0.0514539 
151.8 0.052734 
151.85 0.0540575 
151.9 0.0554258 
151.95 0.0568402 
152 0.0583021 
152.05 0.0598131 
152.1 0.0613746 
152.15 0.0629883 
152.2 0.0646559 
152.25 0.0663792 
152.3 0.0681598 
152.35 0.0699998 
152.4 0.0719009 
152.45 0.0738651 
152.5 0.0758943 
152.55 0.0779903 
152.6 0.080155 
152.65 0.0823903 
152.7 0.084698 
152.75 0.0870797 
152.8 0.089537 
152.85 0.0920714 
152.9 0.094684 
152.95 0.0973759 
153 0.100148 
153.05 0.103 
153.1 0.105932 
153.15 0.108944 
153.2 0.112034 
153.25 0.115202 
153.3 0.118443 
153.35 0.121756 
153.4 0.125136 
153.45 0.128578 
153.5 0.132075 
153.55 0.13562 
153.6 0.139203 
153.65 0.142815 
153.7 0.146444 
153.75 0.150076 
153.8 0.153696 
153.85 0.157287 
153.9 0.16083 
153.95 0.164307 
154 0.167694 
154.05 0.17097 
154.1 0.174109 
154.15 0.177087 
154.2 0.179879 
154.25 0.182458 
154.3 0.184798 
154.35 0.186875 
154.4 0.188665 
154.45 0.190144 
154.5 0.191294 
154.55 0.192095 
154.6 0.192533 
154.65 0.192596 
154.7 0.192276 
154.75 0.191567 
154.8 0.19047 
154.85 0.188987 
154.9 0.187122 
154.95 0.184885 
155 0.182286 
155.05 0.179339 
155.1 0.176059 
155.15 0.17246 
155.2 0.168557 
155.25 0.164365 
155.3 0.159895 
155.35 0.155159 
155.4 0.150163 
155.45 0.14491 
155.5 0.139398 
155.55 0.133622 
155.6 0.127574 
155.65 0.121247 
155.7 0.114645 
155.75 0.107797 
155.8 0.100766 
155.85 0.0936552 
155.9 0.0866032 
155.95 0.0797597 
156 0.0732653 
156.05 0.0672329 
156.1 0.0617393 
156.15 0.0568245 
156.2 0.0524963 
156.25 0.0487378 
156.3 0.0455153 
156.35 0.0427846 
156.4 0.0404973 
156.45 0.038604 
156.5 0.0370574 
156.55 0.0358136 
156.6 0.0348331 
156.65 0.0340808 
156.7 0.0335262 
156.75 0.0331429 
156.8 0.0329083 
156.85 0.0328031 
156.9 0.0328113 
156.95 0.0329189 
157 0.0331145 
157.05 0.0333884 
157.1 0.0337326 
157.15 0.0341402 
157.2 0.0346058 
157.25 0.0351246 
157.3 0.0356929 
157.35 0.0363074 
157.4 0.0369658 
157.45 0.037666 
157.5 0.0384063 
157.55 0.0391857 
157.6 0.040003 
157.65 0.0408579 
157.7 0.0417498 
157.75 0.0426787 
157.8 0.0436445 
157.85 0.0446475 
157.9 0.0456881 
157.95 0.0467667 
158 0.0478841 
158.05 0.0490409 
158.1 0.050238 
158.15 0.0514764 
158.2 0.0527572 
158.25 0.0540815 
158.3 0.0554506 
158.35 0.0568658 
158.4 0.0583286 
158.45 0.0598405 
158.5 0.0614029 
158.55 0.0630175 
158.6 0.0646861 
158.65 0.0664104 
158.7 0.0681921 
158.75 0.0700332 
158.8 0.0719354 
158.85 0.0739007 
158.9 0.075931 
158.95 0.0780282 
159 0.0801942 
159.05 0.0824308 
159.1 0.0847398 
159.15 0.0871228 
159.2 0.0895815 
159.25 0.0921173 
159.3 0.0947313 
159.35 0.0974246 
159.4 0.100198 
159.45 0.103051 
159.5 0.105985 
159.55 0.108998 
159.6 0.11209 
159.65 0.115259 
159.7 0.118502 
159.75 0.121816 
159.8 0.125197 
159.85 0.12864 
159.9 0.132138 
159.95 0.135683 
160 0.139267 
160.05 0.14288 
160.1 0.146509 
160.15 0.150141 
160.2 0.15376 
160.25 0.15735 
160.3 0.160893 
160.35 0.164368 
160.4 0.167754 
160.45 0.171027 
160.5 0.174164 
160.55 0.177139 
160.6 0.179927 
160.65 0.182502 
160.7 0.184838 
160.75 0.18691 
160.8 0.188694 
160.85 0.190168 
160.9 0.191311 
160.95 0.192106 
161 0.192537 
161.05 0.192593 
161.1 0.192266 
161.15 0.191551 
161.2 0.190447 
161.25 0.188957 
161.3 0.187085 
161.35 0.184841 
161.4 0.182237 
161.45 0.179284 
161.5 0.175998 
161.55 0.172393 
161.6 0.168485 
161.65 0.164287 
161.7 0.159813 
161.75 0.155073 
161.8 0.150072 
161.85 0.144814 
161.9 0.139298 
161.95 0.133517 
162 0.127463 
162.05 0.121131 
162.1 0.114525 
162.15 0.107673 
162.2 0.100639 
162.25 0.0935286 
162.3 0.0864789 
162.35 0.0796406 
162.4 0.0731535 
162.45 0.0671301 
162.5 0.0616466 
162.55 0.0567422 
162.6 0.0524244 
162.65 0.0486758 
162.7 0.0454625 
162.75 0.0427401 
162.8 0.0404603 
162.85 0.0385735 
162.9 0.0370327 
162.95 0.0357939 
163 0.0348178 
163.05 0.0340693 
163.1 0.0335179 
163.15 0.0331374 
163.2 0.0329053 
163.25 0.0328023 
163.3 0.0328123 
163.35 0.0329216 
163.4 0.0331187 
163.45 0.033394 
163.5 0.0337393 
163.55 0.034148 
163.6 0.0346146 
163.65 0.0351343 
163.7 0.0357034 
163.75 0.0363188 
163.8 0.0369779 
163.85 0.0376788 
163.9 0.0384199 
163.95 0.0391999 
164 0.0400179 
164.05 0.0408735 
164.1 0.041766 
164.15 0.0426956 
164.2 0.0436621 
164.25 0.0446657 
164.3 0.045707 
164.35 0.0467863 
164.4 0.0479043 
164.45 0.0490618 
164.5 0.0502597 
164.55 0.0514988 
164.6 0.0527804 
164.65 0.0541055 
164.7 0.0554754 
164.75 0.0568915 
164.8 0.0583551 
164.85 0.0598679 
164.9 0.0614312 
164.95 0.0630468 
165 0.0647164 
165.05 0.0664416 
165.1 0.0682244 
165.15 0.0700665 
165.2 0.0719699 
165.25 0.0739363 
165.3 0.0759678 
165.35 0.0780662 
165.4 0.0802334 
165.45 0.0824713 
165.5 0.0847816 
165.55 0.087166 
165.6 0.089626 
165.65 0.0921632 
165.7 0.0947786 
165.75 0.0974733 
165.8 0.100248 
165.85 0.103103 
165.9 0.106038 
165.95 0.109053 
166 0.112146 
166.05 0.115316 
166.1 0.11856 
166.15 0.121876 
166.2 0.125258 
166.25 0.128702 
166.3 0.1322 
166.35 0.135747 
166.4 0.139332 
166.45 0.142944 
166.5 0.146574 
166.55 0.150205 
166.6 0.153824 
166.65 0.157414 
166.7 0.160956 
166.75 0.164429 
166.8 0.167813 
166.85 0.171084 
166.9 0.174218 
166.95 0.17719 
167 0.179975 
167.05 0.182546 
167.1 0.184877 
167.15 0.186944 
167.2 0.188723 
167.25 0.190191 
167.3 0.191328 
167.35 0.192117 
167.4 0.192541 
167.45 0.192591 
167.5 0.192257 
167.55 0.191535 
167.6 0.190424 
167.65 0.188927 
167.7 0.187048 
167.75 0.184798 
167.8 0.182187 
167.85 0.179228 
167.9 0.175936 
167.95 0.172326 
168 0.168412 
168.05 0.16421 
168.1 0.159731 
168.15 0.154986 
168.2 0.149981 
168.25 0.144718 
168.3 0.139197 
168.35 0.133411 
168.4 0.127353 
168.45 0.121016 
168.5 0.114405 
168.55 0.107549 
168.6 0.100513 
168.65 0.0934019 
168.7 0.0863548 
168.75 0.0795215 
168.8 0.0730418 
168.85 0.0670275 
168.9 0.061554 
168.95 0.0566602 
169 0.0523527 
169.05 0.048614 
169.1 0.0454098 
169.15 0.0426958 
169.2 0.0404233 
169.25 0.0385432 
169.3 0.0370081 
169.35 0.0357744 
169.4 0.0348025 
169.45 0.0340578 
169.5 0.0335097 
169.55 0.0331321 
169.6 0.0329024 
169.65 0.0328016 
169.7 0.0328135 
169.75 0.0329244 
169.8 0.033123 
169.85 0.0333995 
169.9 0.0337461 
169.95 0.0341559 
170 0.0346234 
170.05 0.035144 
170.1 0.035714 
170.15 0.0363302 
170.2 0.0369901 
170.25 0.0376917 
170.3 0.0384335 
170.35 0.0392141 
170.4 0.0400329 
170.45 0.040889 
170.5 0.0417823 
170.55 0.0427125 
170.6 0.0436796 
170.65 0.044684 
170.7 0.0457259 
170.75 0.0468059 
170.8 0.0479246 
170.85 0.0490828 
170.9 0.0502814 
170.95 0.0515213 
171 0.0528036 
171.05 0.0541295 
171.1 0.0555002 
171.15 0.0569172 
171.2 0.0583817 
171.25 0.0598953 
171.3 0.0614595 
171.35 0.0630761 
171.4 0.0647466 
171.45 0.0664729 
171.5 0.0682567 
171.55 0.0700999 
171.6 0.0720043 
171.65 0.0739719 
171.7 0.0760046 
171.75 0.0781042 
171.8 0.0802727 
171.85 0.0825118 
171.9 0.0848234 
171.95 0.0872092 
172 0.0896706 
172.05 0.0922091 
172.1 0.0948259 
172.15 0.097522 
172.2 0.100298 
172.25 0.103154 
172.3 0.106091 
172.35 0.109107 
172.4 0.112202 
172.45 0.115373 
172.5 0.118619 
172.55 0.121935 
172.6 0.125319 
172.65 0.128763 
172.7 0.132263 
172.75 0.13581 
172.8 0.139396 
172.85 0.143009 
172.9 0.146638 
172.95 0.15027 
173 0.153889 
173.05 0.157478 
173.1 0.161018 
173.15 0.16449 
173.2 0.167872 
173.25 0.171141 
173.3 0.174273 
173.35 0.177242 
173.4 0.180022 
173.45 0.182589 
173.5 0.184916 
173.55 0.186979 
173.6 0.188752 
173.65 0.190214 
173.7 0.191345 
173.75 0.192127 
173.8 0.192546 
173.85 0.192588 
173.9 0.192248 
173.95 0.191519 
174 0.190401 
174.05 0.188896 
174.1 0.187011 
174.15 0.184755 
174.2 0.182137 
174.25 0.179172 
174.3 0.175875 
174.35 0.172259 
174.4 0.16834 
174.45 0.164133 
174.5 0.159649 
174.55 0.154899 
174.6 0.149889 
174.65 0.144622 
174.7 0.139096 
174.75 0.133306 
174.8 0.127243 
174.85 0.120901 
174.9 0.114285 
174.95 0.107425 
175 0.100386 
175.05 0.0932754 
175.1 0.0862307 
175.15 0.0794026 
175.2 0.0729303 
175.25 0.066925 
175.3 0.0614617 
175.35 0.0565783 
175.4 0.0522812 
175.45 0.0485524 
175.5 0.0453573 
175.55 0.0426516 
175.6 0.0403865 
175.65 0.038513 
175.7 0.0369836 
175.75 0.0357549 
175.8 0.0347874 
175.85 0.0340464 
175.9 0.0335016 
175.95 0.0331267 
176 0.0328995 
176.05 0.0328008 
176.1 0.0328146 
176.15 0.0329272 
176.2 0.0331272 
176.25 0.0334051 
176.3 0.0337528 
176.35 0.0341637 
176.4 0.0346322 
176.45 0.0351538 
176.5 0.0357246 
176.55 0.0363416 
176.6 0.0370022 
176.65 0.0377046 
176.7 0.038447 
176.75 0.0392284 
176.8 0.0400478 
176.85 0.0409046 
176.9 0.0417985 
176.95 0.0427294 
177 0.0436972 
177.05 0.0447022 
177.1 0.0457448 
177.15 0.0468255 
177.2 0.0479449 
177.25 0.0491038 
177.3 0.0503031 
177.35 0.0515438 
177.4 0.0528269 
177.45 0.0541535 
177.5 0.0555251 
177.55 0.0569428 
177.6 0.0584082 
177.65 0.0599227 
177.7 0.0614879 
177.75 0.0631054 
177.8 0.0647769 
177.85 0.0665042 
177.9 0.068289 
177.95 0.0701333 
178 0.0720388 
178.05 0.0740076 
178.1 0.0760414 
178.15 0.0781423 
178.2 0.080312 
178.25 0.0825524 
178.3 0.0848653 
178.35 0.0872523 
178.4 0.0897151 
178.45 0.092255 
178.5 0.0948733 
178.55 0.0975708 
178.6 0.100348 
178.65 0.103206 
178.7 0.106144 
178.75 0.109162 
178.8 0.112258 
178.85 0.11543 
178.9 0.118677 
178.95 0.121995 
179 0.12538 
179.05 0.128825 
179.1 0.132326 
179.15 0.135874 
179.2 0.13946 
179.25 0.143074 
179.3 0.146703 
179.35 0.150335 
179.4 0.153953 
179.45 0.157541 
179.5 0.161081 
179.55 0.164551 
179.6 0.167932 
179.65 0.171198 
179.7 0.174327 
179.75 0.177293 
179.8 0.18007 
179.85 0.182633 
179.9 0.184955 
179.95 0.187013 
180 0.188781 
180.05 0.190237 
180.1 0.191363 
180.15 0.192138 
180.2 0.19255 
180.25 0.192586 
180.3 0.192238 
180.35 0.191502 
180.4 0.190377 
180.45 0.188866 
180.5 0.186974 
180.55 0.184711 
180.6 0.182087 
180.65 0.179116 
180.7 0.175813 
180.75 0.172192 
180.8 0.168268 
180.85 0.164055 
180.9 0.159567 
180.95 0.154812 
181 0.149797 
181.05 0.144526 
181.1 0.138995 
181.15 0.1332 
181.2 0.127132 
181.25 0.120785 
181.3 0.114165 
181.35 0.107301 
181.4 0.10026 
181.45 0.0931488 
181.5 0.0861067 
181.55 0.0792837 
181.6 0.0728189 
181.65 0.0668228 
181.7 0.0613695 
181.75 0.0564966 
181.8 0.0522098 
181.85 0.0484909 
181.9 0.0453049 
181.95 0.0426075 
182 0.0403499 
182.05 0.0384828 
182.1 0.0369592 
182.15 0.0357354 
182.2 0.0347723 
182.25 0.0340351 
182.3 0.0334935 
182.35 0.0331215 
182.4 0.0328967 
182.45 0.0328002 
182.5 0.0328158 
182.55 0.0329301 
182.6 0.0331315 
182.65 0.0334107 
182.7 0.0337596 
182.75 0.0341716 
182.8 0.034641 
182.85 0.0351635 
182.9 0.0357352 
182.95 0.0363529 
183 0.0370144 
183.05 0.0377175 
183.1 0.0384606 
183.15 0.0392427 
183.2 0.0400627 
183.25 0.0409202 
183.3 0.0418148 
183.35 0.0427463 
183.4 0.0437148 
183.45 0.0447204 
183.5 0.0457637 
183.55 0.0468451 
183.6 0.0479652 
183.65 0.0491248 
183.7 0.0503249 
183.75 0.0515663 
183.8 0.0528501 
183.85 0.0541776 
183.9 0.0555499 
183.95 0.0569685 
184 0.0584348 
184.05 0.0599501 
184.1 0.0615162 
184.15 0.0631347 
184.2 0.0648072 
184.25 0.0665355 
184.3 0.0683214 
184.35 0.0701667 
184.4 0.0720734 
184.45 0.0740433 
184.5 0.0760783 
184.55 0.0781803 
184.6 0.0803513 
184.65 0.082593 
184.7 0.0849072 
184.75 0.0872956 
184.8 0.0897597 
184.85 0.092301 
184.9 0.0949206 
184.95 0.0976196 
185 0.100398 
185.05 0.103258 
185.1 0.106197 
185.15 0.109216 
185.2 0.112313 
185.25 0.115488 
185.3 0.118736 
185.35 0.122055 
185.4 0.12544 
185.45 0.128887 
185.5 0.132389 
185.55 0.135937 
185.6 0.139524 
185.65 0.143138 
185.7 0.146768 
185.75 0.150399 
185.8 0.154017 
185.85 0.157605 
185.9 0.161143 
185.95 0.164613 
186 0.167991 
186.05 0.171255 
186.1 0.174381 
186.15 0.177344 
186.2 0.180118 
186.25 0.182676 
186.3 0.184994 
186.35 0.187047 
186.4 0.18881 
186.45 0.19026 
186.5 0.191379 
186.55 0.192149 
186.6 0.192554 
186.65 0.192583 
186.7 0.192228 
186.75 0.191485 
186.8 0.190354 
186.85 0.188836 
186.9 0.186937 
186.95 0.184668 
187 0.182037 
187.05 0.17906 
187.1 0.175751 
187.15 0.172124 
187.2 0.168195 
187.25 0.163978 
187.3 0.159484 
187.35 0.154725 
187.4 0.149706 
187.45 0.14443 
187.5 0.138895 
187.55 0.133094 
187.6 0.127021 
187.65 0.120669 
187.7 0.114044 
187.75 0.107177 
187.8 0.100133 
187.85 0.0930223 
187.9 0.0859827 
187.95 0.079165 
188 0.0727076 
188.05 0.0667207 
188.1 0.0612775 
188.15 0.0564151 
188.2 0.0521387 
188.25 0.0484295 
188.3 0.0452527 
188.35 0.0425636 
188.4 0.0403133 
188.45 0.0384528 
188.5 0.0369349 
188.55 0.0357161 
188.6 0.0347573 
188.65 0.0340238 
188.7 0.0334854 
188.75 0.0331162 
188.8 0.0328939 
188.85 0.0327995 
188.9 0.032817 
188.95 0.0329329 
189 0.0331359 
189.05 0.0334164 
189.1 0.0337664 
189.15 0.0341794 
189.2 0.0346499 
189.25 0.0351733 
189.3 0.0357458 
189.35 0.0363644 
189.4 0.0370265 
189.45 0.0377303 
189.5 0.0384742 
189.55 0.039257 
189.6 0.0400777 
189.65 0.0409359 
189.7 0.0418311 
189.75 0.0427632 
189.8 0.0437324 
189.85 0.0447387 
189.9 0.0457827 
189.95 0.0468647 
190 0.0479855 
190.05 0.0491459 
190.1 0.0503466 
190.15 0.0515888 
190.2 0.0528734 
190.25 0.0542016 
190.3 0.0555748 
190.35 0.0569942 
190.4 0.0584613 
190.45 0.0599776 
190.5 0.0615446 
190.55 0.063164 
190.6 0.0648375 
190.65 0.0665668 
190.7 0.0683537 
190.75 0.0702001 
190.8 0.0721079 
190.85 0.0740789 
190.9 0.0761151 
190.95 0.0782184 
191 0.0803906 
191.05 0.0826336 
191.1 0.0849491 
191.15 0.0873388 
191.2 0.0898043 
191.25 0.092347 
191.3 0.094968 
191.35 0.0976684 
191.4 0.100449 
191.45 0.103309 
191.5 0.10625 
191.55 0.109271 
191.6 0.112369 
191.65 0.115545 
191.7 0.118794 
191.75 0.122115 
191.8 0.125501 
191.85 0.128949 
191.9 0.132452 
191.95 0.136001 
192 0.139588 
192.05 0.143203 
192.1 0.146832 
192.15 0.150464 
192.2 0.154081 
192.25 0.157668 
192.3 0.161206 
192.35 0.164674 
192.4 0.16805 
192.45 0.171312 
192.5 0.174436 
192.55 0.177395 
192.6 0.180165 
192.65 0.18272 
192.7 0.185033 
192.75 0.187081 
192.8 0.188838 
192.85 0.190283 
192.9 0.191396 
192.95 0.192159 
193 0.192557 
193.05 0.19258 
193.1 0.192218 
193.15 0.191469 
193.2 0.19033 
193.25 0.188805 
193.3 0.1869 
193.35 0.184624 
193.4 0.181987 
193.45 0.179004 
193.5 0.175689 
193.55 0.172057 
193.6 0.168122 
193.65 0.1639 
193.7 0.159402 
193.75 0.154638 
193.8 0.149614 
193.85 0.144333 
193.9 0.138793 
193.95 0.132989 
194 0.126911 
194.05 0.120554 
194.1 0.113924 
194.15 0.107053 
194.2 0.100007 
194.25 0.0928957 
194.3 0.0858588 
194.35 0.0790464 
194.4 0.0725966 
194.45 0.0666188 
194.5 0.0611858 
194.55 0.0563338 
194.6 0.0520677 
194.65 0.0483684 
194.7 0.0452007 
194.75 0.0425198 
194.8 0.0402769 
194.85 0.0384229 
194.9 0.0369107 
194.95 0.0356969 
195 0.0347423 
195.05 0.0340126 
195.1 0.0334774 
195.15 0.033111 
195.2 0.0328911 
195.25 0.0327989 
195.3 0.0328182 
195.35 0.0329358 
195.4 0.0331402 
195.45 0.033422 
195.5 0.0337732 
195.55 0.0341873 
195.6 0.0346588 
195.65 0.035183 
195.7 0.0357564 
195.75 0.0363758 
195.8 0.0370387 
195.85 0.0377433 
195.9 0.0384878 
195.95 0.0392713 
196 0.0400927 
196.05 0.0409515 
196.1 0.0418474 
196.15 0.0427802 
196.2 0.04375 
196.25 0.044757 
196.3 0.0458016 
196.35 0.0468843 
196.4 0.0480058 
196.45 0.0491669 
196.5 0.0503684 
196.55 0.0516113 
196.6 0.0528967 
196.65 0.0542257 
196.7 0.0555997 
196.75 0.05702 
196.8 0.0584879 
196.85 0.0600051 
196.9 0.061573 
196.95 0.0631933 
197 0.0648678 
197.05 0.0665981 
197.1 0.0683861 
197.15 0.0702336 
197.2 0.0721425 
197.25 0.0741147 
197.3 0.076152 
197.35 0.0782565 
197.4 0.0804299 
197.45 0.0826742 
197.5 0.084991 
197.55 0.0873821 
197.6 0.089849 
197.65 0.092393 
197.7 0.0950155 
197.75 0.0977172 
197.8 0.100499 
197.85 0.103361 
197.9 0.106303 
197.95 0.109325 
198 0.112425 
198.05 0.115602 
198.1 0.118853 
198.15 0.122174 
198.2 0.125562 
198.25 0.129011 
198.3 0.132515 
198.35 0.136065 
198.4 0.139652 
198.45 0.143267 
198.5 0.146897 
198.55 0.150528 
198.6 0.154146 
198.65 0.157732 
198.7 0.161268 
198.75 0.164735 
198.8 0.168109 
198.85 0.171369 
198.9 0.17449 
198.95 0.177446 
199 0.180213 
199.05 0.182763 
199.1 0.185072 
199.15 0.187115 
199.2 0.188867 
199.25 0.190306 
199.3 0.191413 
199.35 0.192169 
199.4 0.192561 
199.45 0.192577 
199.5 0.192208 
199.55 0.191452 
199.6 0.190306 
199.65 0.188775 
199.7 0.186863 
199.75 0.18458 
199.8 0.181937 
199.85 0.178948 
199.9 0.175627 
199.95 0.171989 
200 0.16805 
