0.0467308 -0.787071 
0.0478469 -0.760554 
0.0490024 -0.734488 
0.0501981 -0.708871 
0.0514352 -0.683699 
0.0527146 -0.658967 
0.0540375 -0.634673 
0.0554051 -0.610812 
0.0568188 -0.587382 
0.05828 -0.564379 
0.0597902 -0.541802 
0.0613509 -0.519649 
0.0629639 -0.497917 
0.0646306 -0.476607 
0.0663531 -0.455719 
0.0681329 -0.435254 
0.069972 -0.415212 
0.0718722 -0.395598 
0.0738354 -0.376415 
0.0758635 -0.357668 
0.0779585 -0.339362 
0.0801222 -0.321506 
0.0823565 -0.304107 
0.0846631 -0.287176 
0.0870437 -0.270726 
0.0894999 -0.254768 
0.0920331 -0.239317 
0.0946445 -0.224392 
0.0973352 -0.210009 
0.100106 -0.19619 
0.102957 -0.182956 
0.105888 -0.170333 
0.108898 -0.158347 
0.111988 -0.147026 
0.115154 -0.136401 
0.118395 -0.126505 
0.121707 -0.117371 
0.125085 -0.109036 
0.128526 -0.101539 
0.132022 -0.0949174 
0.135566 -0.0892129 
0.13915 -0.0844664 
0.142761 -0.0807192 
0.14639 -0.0780127 
0.150022 -0.0763874 
0.153642 -0.0758824 
0.157234 -0.0765345 
0.160778 -0.0783778 
0.164256 -0.0814423 
0.167644 -0.0857538 
0.170922 -0.0913319 
0.174063 -0.0981905 
0.177044 -0.106336 
0.179839 -0.115767 
0.182421 -0.126474 
0.184765 -0.138438 
0.186846 -0.151634 
0.18864 -0.166026 
0.190125 -0.181571 
0.191279 -0.198221 
0.192085 -0.215919 
0.192529 -0.234609 
0.192598 -0.254231 
0.192283 -0.274726 
0.191581 -0.296041 
0.19049 -0.318129 
0.189011 -0.340956 
0.187152 -0.364502 
0.184921 -0.388767 
0.182327 -0.413779 
0.179386 -0.439596 
0.17611 -0.466313 
0.172516 -0.494076 
0.168617 -0.523088 
0.164429 -0.553625 
0.159964 -0.586055 
0.155232 -0.620858 
0.15024 -0.658654 
0.14499 -0.700234 
0.139482 -0.74658 
0.13371 -0.798856 
0.127666 -0.858315 
0.121343 -0.92604 
0.114746 -1.00246 
0.107901 -1.0867 
0.100871 -1.17625 
0.093761 -1.26721 
0.0867071 -1.35519 
0.0798595 -1.43633 
0.0733589 -1.5078 
0.0673189 -1.56797 
0.0618169 -1.61627 
0.0568934 -1.6529 
0.0525565 -1.67858 
0.0487898 -1.6943 
0.0455596 -1.70123 
0.0428219 -1.70053 
0.0405284 -1.69331 
0.0386296 -1.68061 
0.0370781 -1.66335 
0.0358301 -1.64234 
0.0348459 -1.61827 
0.0340905 -1.59174 
0.0335331 -1.56326 
0.0331474 -1.53326 
0.0329108 -1.50209 
0.0328038 -1.47005 
0.0328104 -1.4374 
0.0329166 -1.40433 
0.033111 -1.37102 
0.0333838 -1.3376 
0.033727 -1.3042 
0.0341337 -1.2709 
0.0345984 -1.23779 
0.0351165 -1.20493 
0.035684 -1.17236 
0.036298 -1.14013 
0.0369557 -1.10827 
0.0376553 -1.07681 
0.038395 -1.04577 
0.0391738 -1.01515 
0.0399906 -0.984985 
0.0408449 -0.955266 
0.0417362 -0.926004 
0.0426646 -0.897202 
0.0436298 -0.86886 
0.0446323 -0.840979 
0.0456723 -0.813558 
0.0467504 -0.786594 
0.0478671 -0.760085 
0.0490233 -0.734028 
0.0502198 -0.708419 
0.0514576 -0.683254 
0.0527378 -0.65853 
0.0540614 -0.634244 
0.0554299 -0.61039 
0.0568444 -0.586968 
0.0583065 -0.563973 
0.0598176 -0.541404 
0.0613792 -0.519258 
0.0629931 -0.497534 
0.0646609 -0.476231 
0.0663843 -0.455351 
0.0681651 -0.434893 
0.0700053 -0.414859 
0.0719066 -0.395253 
0.073871 -0.376077 
0.0759003 -0.357338 
0.0779965 -0.33904 
0.0801614 -0.321192 
0.0823969 -0.303801 
0.0847048 -0.286879 
0.0870868 -0.270437 
0.0895443 -0.254488 
0.0920789 -0.239047 
0.0946918 -0.224131 
0.0973838 -0.209758 
0.100156 -0.195949 
0.103008 -0.182726 
0.105941 -0.170114 
0.108953 -0.15814 
0.112043 -0.146831 
0.115211 -0.136218 
0.118453 -0.126335 
0.121766 -0.117215 
0.125146 -0.108895 
0.128588 -0.101413 
0.132085 -0.0948076 
0.13563 -0.0891198 
0.139214 -0.0843907 
0.142826 -0.0806618 
0.146455 -0.0779742 
0.150086 -0.0763685 
0.153706 -0.0758837 
0.157297 -0.0765568 
0.160841 -0.0784216 
0.164317 -0.0815082 
0.167704 -0.085842 
0.170979 -0.0914429 
0.174118 -0.0983244 
0.177096 -0.106493 
0.179887 -0.115947 
0.182465 -0.126676 
0.184805 -0.138663 
0.186881 -0.15188 
0.18867 -0.166293 
0.190148 -0.181859 
0.191297 -0.198527 
0.192097 -0.216244 
0.192533 -0.234951 
0.192595 -0.254588 
0.192274 -0.275099 
0.191565 -0.296428 
0.190467 -0.31853 
0.188982 -0.341369 
0.187116 -0.364928 
0.184877 -0.389207 
0.182278 -0.414232 
0.17933 -0.440063 
0.176049 -0.466798 
0.172449 -0.494581 
0.168545 -0.523618 
0.164352 -0.554185 
0.159882 -0.586653 
0.155145 -0.621503 
0.150148 -0.659359 
0.144894 -0.701015 
0.139382 -0.747456 
0.133605 -0.799849 
0.127556 -0.859447 
0.121228 -0.927326 
0.114626 -1.00389 
0.107777 -1.08826 
0.100745 -1.17787 
0.0936344 -1.26881 
0.0865828 -1.35671 
0.0797402 -1.43769 
0.073247 -1.50897 
0.067216 -1.56894 
0.0617241 -1.61703 
0.056811 -1.65345 
0.0524845 -1.67894 
0.0487277 -1.6945 
0.0455066 -1.70128 
0.0427773 -1.70045 
0.0404912 -1.69313 
0.038599 -1.68034 
0.0370533 -1.66301 
0.0358104 -1.64193 
0.0348306 -1.61781 
0.0340789 -1.59125 
0.0335248 -1.56274 
0.033142 -1.53271 
0.0329078 -1.50153 
0.032803 -1.46948 
0.0328114 -1.43681 
0.0329193 -1.40374 
0.0331152 -1.37042 
0.0333893 -1.33701 
0.0337337 -1.3036 
0.0341415 -1.27031 
0.0346072 -1.2372 
0.0351262 -1.20434 
0.0356946 -1.17178 
0.0363093 -1.13956 
0.0369678 -1.10771 
0.0376681 -1.07625 
0.0384086 -1.04522 
0.039188 -1.01461 
0.0400055 -0.984451 
0.0408604 -0.954741 
0.0417525 -0.925487 
0.0426814 -0.896693 
0.0436474 -0.868359 
0.0446505 -0.840487 
0.0456912 -0.813074 
0.0467699 -0.786118 
0.0478874 -0.759617 
0.0490443 -0.733568 
0.0502415 -0.707967 
0.0514801 -0.68281 
0.052761 -0.658094 
0.0540854 -0.633815 
0.0554547 -0.609969 
0.0568701 -0.586554 
0.058333 -0.563567 
0.0598449 -0.541005 
0.0614075 -0.518867 
0.0630223 -0.49715 
0.0646911 -0.475856 
0.0664155 -0.454983 
0.0681974 -0.434532 
0.0700386 -0.414506 
0.071941 -0.394907 
0.0739065 -0.375739 
0.075937 -0.357008 
0.0780345 -0.338718 
0.0802006 -0.320878 
0.0824374 -0.303495 
0.0847466 -0.286582 
0.0871299 -0.270148 
0.0895888 -0.254208 
0.0921248 -0.238776 
0.094739 -0.22387 
0.0974325 -0.209507 
0.100206 -0.195708 
0.10306 -0.182496 
0.105994 -0.169895 
0.109007 -0.157932 
0.112099 -0.146635 
0.115268 -0.136036 
0.118511 -0.126166 
0.121826 -0.11706 
0.125207 -0.108754 
0.12865 -0.101287 
0.132148 -0.0946981 
0.135694 -0.089027 
0.139278 -0.0843154 
0.14289 -0.0806046 
0.146519 -0.077936 
0.150151 -0.0763499 
0.153771 -0.0758855 
0.157361 -0.0765795 
0.160903 -0.0784658 
0.164378 -0.0815744 
0.167763 -0.0859307 
0.171036 -0.0915543 
0.174173 -0.0984587 
0.177147 -0.10665 
0.179935 -0.116127 
0.182509 -0.126879 
0.184844 -0.138888 
0.186915 -0.152127 
0.188699 -0.166561 
0.190172 -0.182146 
0.191314 -0.198834 
0.192108 -0.216569 
0.192538 -0.235293 
0.192593 -0.254947 
0.192265 -0.275472 
0.191549 -0.296815 
0.190443 -0.31893 
0.188952 -0.341783 
0.187079 -0.365354 
0.184834 -0.389646 
0.182228 -0.414685 
0.179275 -0.440532 
0.175988 -0.467283 
0.172382 -0.495087 
0.168473 -0.524148 
0.164275 -0.554746 
0.1598 -0.587251 
0.155058 -0.622149 
0.150057 -0.660066 
0.144798 -0.701798 
0.139281 -0.748334 
0.1335 -0.800844 
0.127445 -0.860581 
0.121112 -0.928615 
0.114506 -1.00534 
0.107653 -1.08982 
0.100618 -1.1795 
0.0935078 -1.27042 
0.0864586 -1.35822 
0.079621 -1.43905 
0.0731352 -1.51014 
0.0671133 -1.5699 
0.0616314 -1.61778 
0.0567288 -1.654 
0.0524126 -1.6793 
0.0486657 -1.69469 
0.0454538 -1.70133 
0.0427329 -1.70038 
0.0404542 -1.69295 
0.0385686 -1.68007 
0.0370287 -1.66266 
0.0357907 -1.64153 
0.0348153 -1.61736 
0.0340674 -1.59075 
0.0335166 -1.56221 
0.0331366 -1.53217 
0.0329048 -1.50096 
0.0328022 -1.4689 
0.0328125 -1.43623 
0.0329221 -1.40315 
0.0331194 -1.36983 
0.0333949 -1.33641 
0.0337404 -1.30301 
0.0341493 -1.26972 
0.034616 -1.23661 
0.0351359 -1.20376 
0.0357051 -1.1712 
0.0363207 -1.13899 
0.0369799 -1.10714 
0.0376809 -1.0757 
0.0384221 -1.04467 
0.0392022 -1.01407 
0.0400204 -0.983918 
0.040876 -0.954215 
0.0417687 -0.92497 
0.0426983 -0.896184 
0.0436649 -0.867859 
0.0446687 -0.839994 
0.0457101 -0.812589 
0.0467895 -0.785642 
0.0479077 -0.759149 
0.0490653 -0.733108 
0.0502632 -0.707514 
0.0515025 -0.682365 
0.0527842 -0.657657 
0.0541094 -0.633386 
0.0554795 -0.609548 
0.0568957 -0.586141 
0.0583595 -0.563161 
0.0598723 -0.540607 
0.0614358 -0.518476 
0.0630516 -0.496767 
0.0647213 -0.47548 
0.0664467 -0.454614 
0.0682297 -0.434171 
0.070072 -0.414153 
0.0719755 -0.394562 
0.0739422 -0.375402 
0.0759738 -0.356678 
0.0780724 -0.338396 
0.0802399 -0.320564 
0.0824779 -0.30319 
0.0847884 -0.286285 
0.0871731 -0.26986 
0.0896333 -0.253929 
0.0921707 -0.238506 
0.0947864 -0.223609 
0.0974813 -0.209256 
0.100256 -0.195467 
0.103111 -0.182266 
0.106047 -0.169676 
0.109062 -0.157725 
0.112155 -0.14644 
0.115325 -0.135853 
0.11857 -0.125997 
0.121886 -0.116905 
0.125268 -0.108614 
0.128712 -0.101162 
0.132211 -0.0945888 
0.135757 -0.0889346 
0.139342 -0.0842404 
0.142955 -0.0805478 
0.146584 -0.0778981 
0.150216 -0.0763317 
0.153835 -0.0758876 
0.157424 -0.0766026 
0.160966 -0.0785104 
0.164439 -0.0816411 
0.167823 -0.0860198 
0.171093 -0.0916661 
0.174227 -0.0985934 
0.177199 -0.106808 
0.179983 -0.116307 
0.182553 -0.127082 
0.184884 -0.139113 
0.18695 -0.152374 
0.188728 -0.166828 
0.190195 -0.182434 
0.191331 -0.199141 
0.192118 -0.216894 
0.192542 -0.235635 
0.192591 -0.255305 
0.192255 -0.275845 
0.191532 -0.297203 
0.19042 -0.319331 
0.188922 -0.342197 
0.187042 -0.365781 
0.184791 -0.390085 
0.182179 -0.415139 
0.179219 -0.441 
0.175926 -0.467769 
0.172315 -0.495593 
0.168401 -0.524679 
0.164197 -0.555307 
0.159718 -0.587851 
0.154972 -0.622796 
0.149966 -0.660773 
0.144702 -0.702582 
0.139181 -0.749214 
0.133394 -0.801842 
0.127335 -0.861718 
0.120997 -0.929907 
0.114386 -1.00678 
0.107529 -1.09139 
0.100492 -1.18112 
0.0933812 -1.27202 
0.0863344 -1.35973 
0.079502 -1.44041 
0.0730235 -1.51131 
0.0670107 -1.57086 
0.0615389 -1.61852 
0.0566467 -1.65455 
0.052341 -1.67966 
0.0486039 -1.69489 
0.0454012 -1.70138 
0.0426885 -1.7003 
0.0404173 -1.69276 
0.0385382 -1.6798 
0.0370041 -1.66232 
0.0357712 -1.64112 
0.0348001 -1.6169 
0.0340559 -1.59026 
0.0335084 -1.56169 
0.0331312 -1.53162 
0.0329019 -1.5004 
0.0328015 -1.46832 
0.0328137 -1.43564 
0.0329249 -1.40255 
0.0331237 -1.36923 
0.0334004 -1.33582 
0.0337472 -1.30242 
0.0341571 -1.26913 
0.0346248 -1.23603 
0.0351456 -1.20318 
0.0357157 -1.17063 
0.036332 -1.13842 
0.0369921 -1.10658 
0.0376938 -1.07514 
0.0384357 -1.04412 
0.0392165 -1.01353 
0.0400353 -0.983384 
0.0408916 -0.95369 
0.0417849 -0.924453 
0.0427152 -0.895675 
0.0436825 -0.867358 
0.044687 -0.839502 
0.045729 -0.812105 
0.0468091 -0.785166 
0.0479279 -0.758681 
0.0490863 -0.732648 
0.050285 -0.707062 
0.051525 -0.681921 
0.0528074 -0.657221 
0.0541335 -0.632957 
0.0555043 -0.609127 
0.0569214 -0.585728 
0.058386 -0.562756 
0.0598998 -0.540209 
0.0614642 -0.518086 
0.0630809 -0.496384 
0.0647516 -0.475104 
0.066478 -0.454246 
0.068262 -0.433811 
0.0701054 -0.4138 
0.07201 -0.394217 
0.0739778 -0.375064 
0.0760106 -0.356348 
0.0781105 -0.338074 
0.0802791 -0.32025 
0.0825185 -0.302885 
0.0848303 -0.285988 
0.0872162 -0.269572 
0.0896779 -0.253649 
0.0922166 -0.238236 
0.0948337 -0.223348 
0.09753 -0.209005 
0.100306 -0.195227 
0.103163 -0.182036 
0.1061 -0.169458 
0.109116 -0.157518 
0.112211 -0.146245 
0.115383 -0.135671 
0.118628 -0.125828 
0.121945 -0.11675 
0.125329 -0.108474 
0.128774 -0.101037 
0.132273 -0.0944799 
0.135821 -0.0888424 
0.139406 -0.0841657 
0.14302 -0.0804914 
0.146649 -0.0778606 
0.15028 -0.0763139 
0.153899 -0.0758901 
0.157488 -0.0766261 
0.161028 -0.0785555 
0.1645 -0.0817081 
0.167882 -0.0861093 
0.171151 -0.0917783 
0.174282 -0.0987285 
0.17725 -0.106966 
0.18003 -0.116488 
0.182596 -0.127285 
0.184923 -0.139339 
0.186984 -0.152621 
0.188757 -0.167097 
0.190218 -0.182722 
0.191348 -0.199448 
0.192129 -0.217219 
0.192546 -0.235978 
0.192588 -0.255663 
0.192246 -0.276219 
0.191516 -0.29759 
0.190397 -0.319732 
0.188891 -0.342611 
0.187005 -0.366207 
0.184748 -0.390525 
0.182129 -0.415592 
0.179163 -0.441469 
0.175864 -0.468255 
0.172248 -0.4961 
0.168328 -0.52521 
0.16412 -0.555869 
0.159635 -0.588451 
0.154885 -0.623444 
0.149874 -0.661482 
0.144606 -0.703367 
0.13908 -0.750096 
0.133289 -0.802842 
0.127224 -0.862858 
0.120882 -0.931201 
0.114265 -1.00822 
0.107405 -1.09295 
0.100366 -1.18274 
0.0932546 -1.27363 
0.0862103 -1.36124 
0.0793831 -1.44177 
0.072912 -1.51247 
0.0669083 -1.57181 
0.0614466 -1.61927 
0.0565649 -1.65509 
0.0522695 -1.68001 
0.0485423 -1.69507 
0.0453487 -1.70142 
0.0426443 -1.70022 
0.0403805 -1.69258 
0.038508 -1.67952 
0.0369796 -1.66197 
0.0357517 -1.64071 
0.0347849 -1.61645 
0.0340445 -1.58977 
0.0335002 -1.56117 
0.0331259 -1.53107 
0.0328991 -1.49983 
0.0328007 -1.46774 
0.0328148 -1.43505 
0.0329277 -1.40196 
0.0331279 -1.36864 
0.033406 -1.33522 
0.0337539 -1.30182 
0.034165 -1.26854 
0.0346337 -1.23544 
0.0351553 -1.20259 
0.0357263 -1.17005 
0.0363434 -1.13785 
0.0370042 -1.10602 
0.0377067 -1.07458 
0.0384493 -1.04357 
0.0392307 -1.01299 
0.0400502 -0.982851 
0.0409072 -0.953165 
0.0418012 -0.923936 
0.0427321 -0.895166 
0.0437001 -0.866858 
0.0447052 -0.83901 
0.0457479 -0.811621 
0.0468287 -0.78469 
0.0479482 -0.758213 
0.0491073 -0.732188 
0.0503067 -0.70661 
0.0515475 -0.681477 
0.0528307 -0.656785 
0.0541575 -0.632529 
0.0555292 -0.608707 
0.056947 -0.585315 
0.0584126 -0.56235 
0.0599272 -0.539811 
0.0614925 -0.517695 
0.0631102 -0.496001 
0.0647818 -0.474729 
0.0665093 -0.453879 
0.0682943 -0.433451 
0.0701388 -0.413447 
0.0720445 -0.393871 
0.0740134 -0.374727 
0.0760475 -0.356019 
0.0781485 -0.337753 
0.0803184 -0.319937 
0.082559 -0.302579 
0.0848722 -0.285691 
0.0872594 -0.269283 
0.0897224 -0.25337 
0.0922626 -0.237966 
0.094881 -0.223088 
0.0975788 -0.208754 
0.100356 -0.194987 
0.103214 -0.181807 
0.106153 -0.169239 
0.10917 -0.157311 
0.112267 -0.146051 
0.11544 -0.135489 
0.118687 -0.125659 
0.122005 -0.116595 
0.12539 -0.108334 
0.128836 -0.100912 
0.132336 -0.0943713 
0.135884 -0.0887505 
0.13947 -0.0840913 
0.143084 -0.0804352 
0.146714 -0.0778235 
0.150345 -0.0762964 
0.153963 -0.075893 
0.157552 -0.0766499 
0.161091 -0.0786008 
0.164561 -0.0817756 
0.167941 -0.0861991 
0.171208 -0.091891 
0.174336 -0.098864 
0.177301 -0.107124 
0.180078 -0.116669 
0.18264 -0.127489 
0.184962 -0.139565 
0.187018 -0.152869 
0.188786 -0.167365 
0.190241 -0.183011 
0.191365 -0.199756 
0.19214 -0.217545 
0.19255 -0.236321 
0.192585 -0.256022 
0.192236 -0.276593 
0.191499 -0.297978 
0.190373 -0.320134 
0.188861 -0.343025 
0.186968 -0.366634 
0.184704 -0.390965 
0.182079 -0.416046 
0.179107 -0.441938 
0.175803 -0.468742 
0.17218 -0.496607 
0.168256 -0.525742 
0.164042 -0.556432 
0.159553 -0.589052 
0.154798 -0.624094 
0.149782 -0.662192 
0.14451 -0.704154 
0.138979 -0.750979 
0.133183 -0.803844 
0.127114 -0.864001 
0.120766 -0.932498 
0.114145 -1.00967 
0.107281 -1.09452 
0.100239 -1.18436 
0.093128 -1.27523 
0.0860863 -1.36275 
0.0792642 -1.44312 
0.0728006 -1.51363 
0.066806 -1.57276 
0.0613544 -1.62 
0.0564832 -1.65562 
0.0521982 -1.68036 
0.0484808 -1.69526 
0.0452963 -1.70146 
0.0426003 -1.70013 
0.0403439 -1.69239 
0.0384779 -1.67925 
0.0369552 -1.66162 
0.0357323 -1.64031 
0.0347698 -1.61599 
0.0340332 -1.58927 
0.0334922 -1.56064 
0.0331206 -1.53052 
0.0328962 -1.49927 
0.0328 -1.46717 
0.032816 -1.43447 
0.0329305 -1.40137 
0.0331323 -1.36804 
0.0334116 -1.33462 
0.0337607 -1.30123 
0.0341729 -1.26794 
0.0346425 -1.23485 
0.0351651 -1.20201 
0.0357369 -1.16947 
0.0363548 -1.13727 
0.0370164 -1.10545 
0.0377196 -1.07403 
0.0384628 -1.04302 
0.039245 -1.01245 
0.0400652 -0.982318 
0.0409228 -0.95264 
0.0418175 -0.923419 
0.0427491 -0.894658 
0.0437177 -0.866357 
0.0447234 -0.838517 
0.0457668 -0.811137 
0.0468483 -0.784214 
0.0479685 -0.757745 
0.0491283 -0.731728 
0.0503284 -0.706159 
0.05157 -0.681033 
0.0528539 -0.656349 
0.0541815 -0.632101 
0.055554 -0.608286 
0.0569727 -0.584902 
0.0584391 -0.561945 
0.0599546 -0.539413 
0.0615209 -0.517305 
0.0631395 -0.495619 
0.0648121 -0.474354 
0.0665406 -0.453511 
0.0683267 -0.43309 
0.0701722 -0.413095 
0.072079 -0.393527 
0.0740491 -0.37439 
0.0760843 -0.355689 
0.0781866 -0.337431 
0.0803577 -0.319623 
0.0825996 -0.302274 
0.084914 -0.285394 
0.0873027 -0.268995 
0.089767 -0.253091 
0.0923085 -0.237696 
0.0949284 -0.222828 
0.0976276 -0.208504 
0.100407 -0.194746 
0.103266 -0.181577 
0.106206 -0.169021 
0.109225 -0.157104 
0.112323 -0.145856 
0.115497 -0.135308 
0.118745 -0.125491 
0.122065 -0.116441 
0.12545 -0.108194 
0.128897 -0.100788 
0.132399 -0.0942629 
0.135948 -0.0886589 
0.139535 -0.0840173 
0.143149 -0.0803794 
0.146778 -0.0777866 
0.15041 -0.0762793 
0.154028 -0.0758962 
0.157615 -0.0766741 
0.161153 -0.0786466 
0.164623 -0.0818434 
0.168001 -0.0862894 
0.171265 -0.092004 
0.17439 -0.099 
0.177353 -0.107283 
0.180126 -0.116851 
0.182684 -0.127693 
0.185001 -0.139791 
0.187052 -0.153117 
0.188814 -0.167634 
0.190264 -0.1833 
0.191382 -0.200064 
0.19215 -0.217871 
0.192554 -0.236664 
0.192582 -0.256381 
0.192227 -0.276967 
0.191483 -0.298366 
0.19035 -0.320535 
0.188831 -0.343439 
0.186931 -0.367062 
0.18466 -0.391405 
0.182029 -0.4165 
0.179051 -0.442407 
0.175741 -0.469228 
0.172113 -0.497114 
0.168183 -0.526274 
0.163965 -0.556995 
0.159471 -0.589653 
0.15471 -0.624744 
0.149691 -0.662904 
0.144414 -0.704943 
0.138878 -0.751865 
0.133077 -0.804849 
0.127003 -0.865146 
0.12065 -0.933798 
0.114025 -1.01112 
0.107156 -1.09608 
0.100113 -1.18599 
0.0930015 -1.27683 
0.0859624 -1.36425 
0.0791455 -1.44447 
0.0726894 -1.51479 
0.066704 -1.5737 
0.0612625 -1.62074 
0.0564018 -1.65616 
0.052127 -1.68071 
0.0484195 -1.69544 
0.0452442 -1.7015 
0.0425564 -1.70005 
0.0403074 -1.6922 
0.0384479 -1.67897 
0.0369309 -1.66127 
0.0357129 -1.6399 
0.0347548 -1.61554 
0.0340219 -1.58878 
0.0334841 -1.56012 
0.0331154 -1.52998 
0.0328934 -1.4987 
0.0327994 -1.46659 
0.0328172 -1.43388 
0.0329334 -1.40078 
0.0331366 -1.36745 
0.0334173 -1.33403 
0.0337675 -1.30063 
0.0341807 -1.26735 
0.0346514 -1.23426 
0.0351749 -1.20143 
0.0357475 -1.16889 
0.0363662 -1.1367 
0.0370285 -1.10489 
0.0377325 -1.07347 
0.0384764 -1.04247 
0.0392593 -1.01191 
0.0400801 -0.981785 
0.0409384 -0.952116 
0.0418337 -0.922903 
0.042766 -0.894149 
0.0437353 -0.865857 
0.0447417 -0.838025 
0.0457858 -0.810653 
0.0468679 -0.783738 
0.0479889 -0.757278 
0.0491493 -0.731269 
0.0503502 -0.705707 
0.0515925 -0.68059 
0.0528772 -0.655913 
0.0542056 -0.631672 
0.0555789 -0.607866 
0.0569985 -0.584489 
0.0584657 -0.56154 
0.0599821 -0.539016 
0.0615493 -0.516915 
0.0631688 -0.495236 
0.0648424 -0.473979 
0.0665719 -0.453143 
0.068359 -0.43273 
0.0702056 -0.412742 
0.0721136 -0.393182 
0.0740848 -0.374053 
0.0761212 -0.35536 
0.0782246 -0.33711 
0.080397 -0.31931 
0.0826402 -0.301969 
0.084956 -0.285098 
0.0873459 -0.268708 
0.0898116 -0.252812 
0.0923545 -0.237426 
0.0949758 -0.222567 
0.0976764 -0.208254 
0.100457 -0.194507 
0.103318 -0.181348 
0.106259 -0.168803 
0.109279 -0.156898 
0.112379 -0.145662 
0.115554 -0.135126 
0.118804 -0.125323 
0.122124 -0.116287 
0.125511 -0.108054 
0.128959 -0.100664 
0.132462 -0.0941549 
0.136011 -0.0885677 
0.139599 -0.0839435 
0.143213 -0.080324 
0.146843 -0.0777501 
0.150474 -0.0762625 
0.154092 -0.0758998 
0.157679 -0.0766987 
0.161216 -0.0786928 
0.164684 -0.0819116 
0.16806 -0.0863801 
0.171322 -0.0921174 
0.174445 -0.0991363 
0.177404 -0.107442 
0.180173 -0.117033 
0.182727 -0.127898 
0.18504 -0.140018 
0.187086 -0.153365 
0.188843 -0.167903 
0.190287 -0.183589 
0.191399 -0.200372 
0.192161 -0.218198 
0.192558 -0.237007 
0.192579 -0.256741 
0.192217 -0.277341 
0.191466 -0.298755 
0.190326 -0.320937 
0.1888 -0.343854 
0.186894 -0.367489 
0.184617 -0.391846 
0.181979 -0.416954 
0.178995 -0.442877 
0.175679 -0.469715 
0.172046 -0.497622 
0.16811 -0.526807 
0.163887 -0.557559 
0.159388 -0.590256 
0.154623 -0.625395 
0.149599 -0.663616 
0.144317 -0.705733 
0.138777 -0.752752 
0.132971 -0.805856 
0.126892 -0.866294 
0.120535 -0.935101 
0.113904 -1.01257 
0.107032 -1.09765 
0.0999861 -1.18761 
0.092875 -1.27843 
0.0858385 -1.36576 
0.079027 -1.44582 
0.0725784 -1.51594 
0.0666021 -1.57465 
0.0611707 -1.62147 
0.0563205 -1.65669 
0.0520561 -1.68106 
0.0483584 -1.69562 
0.0451921 -1.70154 
0.0425126 -1.69996 
0.0402709 -1.69201 
0.038418 -1.67869 
0.0369067 -1.66092 
0.0356937 -1.63949 
0.0347399 -1.61508 
0.0340107 -1.58828 
0.0334761 -1.55959 
0.0331102 -1.52943 
0.0328907 -1.49814 
0.0327988 -1.46601 
0.0328184 -1.43329 
0.0329363 -1.40018 
0.0331409 -1.36685 
0.0334229 -1.33343 
0.0337744 -1.30004 
0.0341886 -1.26676 
0.0346602 -1.23368 
0.0351847 -1.20085 
0.0357581 -1.16832 
0.0363777 -1.13613 
0.0370407 -1.10432 
0.0377454 -1.07291 
0.0384901 -1.04192 
0.0392736 -1.01137 
0.0400951 -0.981253 
0.040954 -0.951591 
0.04185 -0.922386 
0.042783 -0.893641 
0.0437529 -0.865357 
0.04476 -0.837534 
0.0458047 -0.81017 
0.0468876 -0.783263 
0.0480092 -0.75681 
0.0491704 -0.730809 
0.050372 -0.705256 
0.051615 -0.680146 
0.0529005 -0.655477 
0.0542297 -0.631244 
0.0556038 -0.607445 
0.0570242 -0.584076 
0.0584923 -0.561135 
0.0600096 -0.538618 
0.0615777 -0.516525 
0.0631982 -0.494853 
0.0648728 -0.473604 
0.0666033 -0.452776 
0.0683914 -0.432371 
0.0702391 -0.41239 
0.0721482 -0.392837 
0.0741205 -0.373716 
0.0761581 -0.355031 
0.0782628 -0.336789 
0.0804364 -0.318997 
0.0826809 -0.301664 
0.0849979 -0.284802 
0.0873892 -0.26842 
0.0898563 -0.252533 
0.0924006 -0.237157 
0.0950232 -0.222308 
0.0977253 -0.208004 
0.100507 -0.194267 
0.10337 -0.181119 
0.106312 -0.168585 
0.109334 -0.156692 
0.112434 -0.145468 
0.115611 -0.134945 
0.118863 -0.125155 
0.122184 -0.116133 
0.125572 -0.107915 
0.129021 -0.10054 
0.132525 -0.0940471 
0.136075 -0.0884767 
0.139663 -0.0838701 
0.143278 -0.0802688 
0.146908 -0.077714 
0.150539 -0.0762461 
0.154156 -0.0759038 
0.157742 -0.0767237 
0.161278 -0.0787394 
0.164745 -0.0819803 
0.168119 -0.0864712 
0.171379 -0.0922312 
0.174499 -0.0992731 
0.177455 -0.107602 
0.180221 -0.117216 
0.18277 -0.128103 
0.185079 -0.140245 
0.18712 -0.153614 
0.188871 -0.168173 
0.19031 -0.183879 
0.191416 -0.200681 
0.192171 -0.218525 
0.192562 -0.237351 
0.192576 -0.257101 
0.192207 -0.277716 
0.191449 -0.299144 
0.190302 -0.321339 
0.18877 -0.344269 
0.186857 -0.367917 
0.184573 -0.392287 
0.181929 -0.417409 
0.178939 -0.443347 
0.175617 -0.470203 
0.171978 -0.49813 
0.168038 -0.527341 
0.163809 -0.558123 
0.159306 -0.590859 
0.154536 -0.626047 
0.149507 -0.66433 
0.144221 -0.706525 
0.138676 -0.753642 
0.132865 -0.806865 
0.126782 -0.867445 
0.120419 -0.936407 
0.113784 -1.01403 
0.106908 -1.09922 
0.0998596 -1.18923 
0.0927485 -1.28003 
0.0857147 -1.36726 
0.0789085 -1.44716 
0.0724675 -1.51709 
0.0665003 -1.57559 
0.0610791 -1.6222 
0.0562394 -1.65721 
0.0519853 -1.6814 
0.0482974 -1.6958 
0.0451403 -1.70157 
0.042469 -1.69987 
0.0402347 -1.69181 
0.0383882 -1.67841 
0.0368826 -1.66057 
0.0356746 -1.63908 
0.034725 -1.61462 
0.0339996 -1.58779 
0.0334682 -1.55907 
0.0331051 -1.52888 
0.032888 -1.49757 
0.0327982 -1.46543 
0.0328197 -1.43271 
0.0329392 -1.39959 
0.0331453 -1.36626 
0.0334286 -1.33284 
0.0337812 -1.29944 
0.0341966 -1.26617 
0.0346691 -1.23309 
0.0351945 -1.20026 
0.0357688 -1.16774 
0.0363891 -1.13556 
0.0370529 -1.10376 
0.0377583 -1.07236 
0.0385037 -1.04138 
0.0392879 -1.01083 
0.0401101 -0.98072 
0.0409697 -0.951067 
0.0418663 -0.92187 
0.0427999 -0.893133 
0.0437705 -0.864857 
0.0447783 -0.837042 
0.0458237 -0.809686 
0.0469072 -0.782787 
0.0480295 -0.756343 
0.0491914 -0.73035 
0.0503937 -0.704804 
0.0516375 -0.679703 
0.0529238 -0.655041 
0.0542538 -0.630816 
0.0556287 -0.607025 
0.0570499 -0.583664 
0.0585189 -0.56073 
0.0600371 -0.538221 
0.0616061 -0.516135 
0.0632275 -0.494471 
0.0649031 -0.473229 
0.0666346 -0.452408 
0.0684238 -0.432011 
0.0702726 -0.412038 
0.0721827 -0.392492 
0.0741563 -0.373379 
0.076195 -0.354702 
0.0783009 -0.336468 
0.0804758 -0.318684 
0.0827215 -0.30136 
0.0850399 -0.284505 
0.0874325 -0.268133 
0.0899009 -0.252255 
0.0924466 -0.236888 
0.0950707 -0.222048 
0.0977741 -0.207754 
0.100558 -0.194027 
0.103421 -0.18089 
0.106365 -0.168367 
0.109389 -0.156486 
0.11249 -0.145274 
0.115669 -0.134764 
0.118921 -0.124987 
0.122244 -0.115979 
0.125633 -0.107776 
0.129083 -0.100417 
0.132588 -0.0939397 
0.136139 -0.0883861 
0.139727 -0.083797 
0.143343 -0.080214 
0.146973 -0.0776782 
0.150604 -0.07623 
0.15422 -0.0759081 
0.157806 -0.0767491 
0.161341 -0.0787863 
0.164806 -0.0820493 
0.168178 -0.0865627 
0.171435 -0.0923455 
0.174553 -0.0994102 
0.177506 -0.107762 
0.180268 -0.117399 
0.182814 -0.128309 
0.185117 -0.140473 
0.187154 -0.153863 
0.1889 -0.168443 
0.190333 -0.184169 
0.191432 -0.20099 
0.192181 -0.218852 
0.192565 -0.237695 
0.192573 -0.257461 
0.192197 -0.278091 
0.191432 -0.299533 
0.190278 -0.321741 
0.188739 -0.344684 
0.186819 -0.368345 
0.184529 -0.392728 
0.181879 -0.417864 
0.178883 -0.443817 
0.175555 -0.470691 
0.171911 -0.498638 
0.167965 -0.527874 
0.163731 -0.558688 
0.159223 -0.591463 
0.154449 -0.6267 
0.149415 -0.665045 
0.144124 -0.707318 
0.138575 -0.754533 
0.132759 -0.807877 
0.126671 -0.868598 
0.120303 -0.937715 
0.113663 -1.01549 
0.106784 -1.1008 
0.0997331 -1.19086 
0.092622 -1.28163 
0.085591 -1.36875 
0.0787901 -1.4485 
0.0723567 -1.51823 
0.0663988 -1.57652 
0.0609878 -1.62292 
0.0561585 -1.65774 
0.0519147 -1.68174 
0.0482366 -1.69598 
0.0450885 -1.7016 
0.0424255 -1.69978 
0.0401985 -1.69162 
0.0383585 -1.67813 
0.0368586 -1.66021 
0.0356555 -1.63866 
0.0347102 -1.61416 
0.0339885 -1.58729 
0.0334603 -1.55854 
0.0331 -1.52833 
0.0328853 -1.497 
0.0327976 -1.46485 
0.032821 -1.43212 
0.0329421 -1.399 
0.0331497 -1.36566 
0.0334343 -1.33224 
0.0337881 -1.29885 
0.0342045 -1.26558 
0.034678 -1.2325 
0.0352043 -1.19968 
0.0357795 -1.16716 
0.0364006 -1.13499 
0.0370651 -1.1032 
0.0377712 -1.0718 
0.0385173 -1.04083 
0.0393022 -1.01029 
0.0401251 -0.980188 
0.0409853 -0.950542 
0.0418827 -0.921354 
0.0428169 -0.892625 
0.0437881 -0.864358 
0.0447966 -0.83655 
0.0458426 -0.809203 
0.0469269 -0.782312 
0.0480499 -0.755876 
0.0492125 -0.729891 
0.0504155 -0.704353 
0.0516601 -0.679259 
0.0529471 -0.654606 
0.0542779 -0.630389 
0.0556536 -0.606605 
0.0570757 -0.583251 
0.0585455 -0.560325 
0.0600646 -0.537823 
0.0616345 -0.515745 
0.0632569 -0.494089 
0.0649335 -0.472854 
0.066666 -0.452041 
0.0684562 -0.431651 
0.0703061 -0.411686 
0.0722174 -0.392148 
0.074192 -0.373042 
0.0762319 -0.354373 
0.078339 -0.336147 
0.0805152 -0.318371 
0.0827622 -0.301055 
0.0850818 -0.284209 
0.0874758 -0.267845 
0.0899456 -0.251977 
0.0924927 -0.236619 
0.0951182 -0.221788 
0.097823 -0.207504 
0.100608 -0.193788 
0.103473 -0.180662 
0.106418 -0.16815 
0.109443 -0.15628 
0.112546 -0.145081 
0.115726 -0.134583 
0.11898 -0.12482 
0.122304 -0.115826 
0.125694 -0.107638 
0.129145 -0.100293 
0.132651 -0.0938325 
0.136202 -0.0882957 
0.139791 -0.0837243 
0.143407 -0.0801595 
0.147037 -0.0776428 
0.150668 -0.0762143 
0.154285 -0.0759128 
0.157869 -0.0767748 
0.161403 -0.0788337 
0.164867 -0.0821187 
0.168237 -0.0866546 
0.171492 -0.0924601 
0.174607 -0.0995478 
0.177557 -0.107923 
0.180315 -0.117582 
0.182857 -0.128515 
0.185156 -0.140701 
0.187188 -0.154113 
0.188928 -0.168713 
0.190355 -0.184459 
0.191449 -0.201299 
0.192191 -0.219179 
0.192569 -0.238039 
0.19257 -0.257821 
0.192186 -0.278466 
0.191415 -0.299922 
0.190254 -0.322144 
0.188708 -0.3451 
0.186782 -0.368773 
0.184485 -0.393169 
0.181828 -0.418319 
0.178826 -0.444287 
0.175493 -0.471179 
0.171843 -0.499147 
0.167892 -0.528409 
0.163653 -0.559254 
0.15914 -0.592067 
0.154361 -0.627354 
0.149323 -0.665761 
0.144028 -0.708113 
0.138473 -0.755426 
0.132653 -0.80889 
0.12656 -0.869754 
0.120187 -0.939026 
0.113543 -1.01695 
0.106659 -1.10237 
0.0996065 -1.19248 
0.0924956 -1.28323 
0.0854674 -1.37025 
0.0786719 -1.44983 
0.0722461 -1.51938 
0.0662974 -1.57745 
0.0608965 -1.62364 
0.0560777 -1.65826 
0.0518443 -1.68208 
0.048176 -1.69615 
0.045037 -1.70163 
0.0423821 -1.69969 
0.0401625 -1.69142 
0.038329 -1.67785 
0.0368347 -1.65986 
0.0356365 -1.63825 
0.0346955 -1.6137 
0.0339775 -1.58679 
0.0334525 -1.55801 
0.0330949 -1.52778 
0.0328827 -1.49644 
0.0327971 -1.46427 
0.0328224 -1.43153 
0.0329451 -1.39841 
0.0331541 -1.36507 
0.03344 -1.33165 
0.033795 -1.29826 
0.0342124 -1.26499 
0.034687 -1.23191 
0.0352141 -1.1991 
0.0357901 -1.16659 
0.036412 -1.13442 
0.0370774 -1.10263 
0.0377842 -1.07125 
0.038531 -1.04028 
0.0393166 -1.00974 
0.0401401 -0.979655 
0.041001 -0.950018 
0.041899 -0.920838 
0.0428339 -0.892117 
0.0438058 -0.863858 
0.0448149 -0.836059 
0.0458616 -0.80872 
0.0469465 -0.781837 
0.0480703 -0.755409 
0.0492336 -0.729432 
0.0504374 -0.703902 
0.0516826 -0.678816 
0.0529704 -0.65417 
0.054302 -0.629961 
0.0556785 -0.606185 
0.0571014 -0.582839 
0.0585721 -0.55992 
0.0600921 -0.537426 
0.061663 -0.515355 
0.0632863 -0.493707 
0.0649639 -0.47248 
0.0666974 -0.451674 
0.0684887 -0.431292 
0.0703396 -0.411334 
0.072252 -0.391804 
0.0742278 -0.372706 
0.0762689 -0.354044 
0.0783772 -0.335826 
0.0805546 -0.318059 
0.0828029 -0.300751 
0.0851238 -0.283913 
0.0875191 -0.267558 
0.0899903 -0.251698 
0.0925388 -0.23635 
0.0951657 -0.221529 
0.097872 -0.207255 
0.100658 -0.193549 
0.103525 -0.180433 
0.106472 -0.167933 
0.109498 -0.156075 
0.112602 -0.144888 
0.115783 -0.134403 
0.119038 -0.124653 
0.122364 -0.115673 
0.125755 -0.107499 
0.129207 -0.10017 
0.132714 -0.0937256 
0.136266 -0.0882057 
0.139856 -0.0836518 
0.143472 -0.0801054 
0.147102 -0.0776077 
0.150733 -0.0761989 
0.154349 -0.0759179 
0.157933 -0.0768009 
0.161466 -0.0788814 
0.164928 -0.0821885 
0.168296 -0.0867469 
0.171549 -0.0925752 
0.174661 -0.0996858 
0.177608 -0.108084 
0.180363 -0.117766 
0.1829 -0.128721 
0.185195 -0.140929 
0.187221 -0.154362 
0.188956 -0.168984 
0.190378 -0.18475 
0.191465 -0.201609 
0.192201 -0.219507 
0.192572 -0.238384 
0.192566 -0.258181 
0.192176 -0.278841 
0.191398 -0.300311 
0.19023 -0.322546 
0.188677 -0.345515 
0.186744 -0.369201 
0.18444 -0.39361 
0.181778 -0.418774 
0.17877 -0.444758 
0.17543 -0.471667 
0.171775 -0.499657 
0.167819 -0.528943 
0.163575 -0.55982 
0.159057 -0.592673 
0.154274 -0.628009 
0.149231 -0.666479 
0.143931 -0.70891 
0.138372 -0.756321 
0.132547 -0.809907 
0.126448 -0.870913 
0.120071 -0.94034 
0.113422 -1.01841 
0.106535 -1.10395 
0.0994799 -1.19411 
0.0923692 -1.28482 
0.0853438 -1.37174 
0.0785538 -1.45117 
0.0721356 -1.52051 
0.0661962 -1.57838 
0.0608055 -1.62436 
0.0559972 -1.65877 
0.0517741 -1.68241 
0.0481156 -1.69632 
0.0449856 -1.70166 
0.0423389 -1.69959 
0.0401266 -1.69122 
0.0382995 -1.67756 
0.0368109 -1.6595 
0.0356176 -1.63784 
0.0346809 -1.61324 
0.0339665 -1.58629 
0.0334448 -1.55749 
0.0330899 -1.52723 
0.0328801 -1.49587 
0.0327967 -1.46369 
0.0328237 -1.43094 
0.0329481 -1.39781 
0.0331586 -1.36447 
0.0334458 -1.33105 
0.0338019 -1.29766 
0.0342204 -1.26439 
0.0346959 -1.23133 
0.035224 -1.19852 
0.0358008 -1.16601 
0.0364235 -1.13385 
0.0370896 -1.10207 
0.0377971 -1.07069 
0.0385446 -1.03973 
0.0393309 -1.0092 
0.0401551 -0.979123 
0.0410167 -0.949494 
0.0419153 -0.920322 
0.0428509 -0.89161 
0.0438234 -0.863359 
0.0448332 -0.835568 
0.0458806 -0.808236 
0.0469662 -0.781362 
0.0480906 -0.754942 
0.0492547 -0.728973 
0.0504592 -0.703451 
0.0517052 -0.678373 
0.0529938 -0.653735 
0.0543261 -0.629534 
0.0557035 -0.605765 
0.0571272 -0.582427 
0.0585988 -0.559515 
0.0601197 -0.537029 
0.0616914 -0.514966 
0.0633157 -0.493325 
0.0649942 -0.472105 
0.0667288 -0.451307 
0.0685211 -0.430932 
0.0703731 -0.410982 
0.0722866 -0.39146 
0.0742636 -0.372369 
0.0763059 -0.353716 
0.0784154 -0.335505 
0.080594 -0.317746 
0.0828436 -0.300447 
0.0851659 -0.283618 
0.0875625 -0.267271 
0.0900351 -0.25142 
0.0925849 -0.236081 
0.0952132 -0.22127 
0.0979209 -0.207006 
0.100709 -0.19331 
0.103577 -0.180205 
0.106525 -0.167716 
0.109552 -0.155869 
0.112658 -0.144695 
0.115841 -0.134222 
0.119097 -0.124486 
0.122424 -0.11552 
0.125816 -0.107361 
0.129269 -0.100048 
0.132776 -0.093619 
0.13633 -0.088116 
0.13992 -0.0835797 
0.143536 -0.0800516 
0.147167 -0.0775729 
0.150798 -0.076184 
0.154413 -0.0759233 
0.157996 -0.0768275 
0.161528 -0.0789295 
0.164989 -0.0822588 
0.168355 -0.0868396 
0.171606 -0.0926907 
0.174715 -0.0998241 
0.177658 -0.108245 
0.18041 -0.11795 
0.182943 -0.128927 
0.185233 -0.141158 
0.187255 -0.154613 
0.188985 -0.169255 
0.1904 -0.185041 
0.191481 -0.201919 
0.192211 -0.219835 
0.192575 -0.238729 
0.192563 -0.258542 
0.192166 -0.279217 
0.19138 -0.300701 
0.190206 -0.322949 
0.188646 -0.345931 
0.186706 -0.36963 
0.184396 -0.394052 
0.181727 -0.41923 
0.178713 -0.445229 
0.175368 -0.472156 
0.171707 -0.500167 
0.167746 -0.529479 
0.163497 -0.560387 
0.158974 -0.593279 
0.154186 -0.628665 
0.149139 -0.667197 
0.143834 -0.709708 
0.13827 -0.757219 
0.132441 -0.810925 
0.126337 -0.872074 
0.119955 -0.941657 
0.113301 -1.01988 
0.10641 -1.10552 
0.0993533 -1.19573 
0.0922428 -1.28642 
0.0852203 -1.37323 
0.0784358 -1.4525 
0.0720254 -1.52165 
0.0660952 -1.5793 
0.0607147 -1.62507 
0.0559169 -1.65928 
0.051704 -1.68274 
0.0480553 -1.69648 
0.0449343 -1.70168 
0.0422958 -1.6995 
0.0400908 -1.69102 
0.0382701 -1.67728 
0.0367871 -1.65915 
0.0355987 -1.63742 
0.0346663 -1.61278 
0.0339556 -1.5858 
0.033437 -1.55696 
0.033085 -1.52668 
0.0328776 -1.4953 
0.0327962 -1.46312 
0.0328251 -1.43036 
0.0329511 -1.39722 
0.033163 -1.36388 
0.0334515 -1.33045 
0.0338088 -1.29707 
0.0342284 -1.2638 
0.0347049 -1.23074 
0.0352338 -1.19793 
0.0358115 -1.16544 
0.036435 -1.13328 
0.0371019 -1.10151 
0.0378101 -1.07014 
0.0385583 -1.03918 
0.0393453 -1.00866 
0.0401701 -0.978591 
0.0410324 -0.94897 
0.0419317 -0.919806 
0.0428679 -0.891102 
0.0438411 -0.862859 
0.0448515 -0.835077 
0.0458996 -0.807754 
0.0469859 -0.780887 
0.048111 -0.754475 
0.0492758 -0.728514 
0.050481 -0.703 
0.0517278 -0.67793 
0.0530171 -0.6533 
0.0543503 -0.629106 
0.0557285 -0.605346 
0.057153 -0.582015 
0.0586255 -0.559111 
0.0601472 -0.536632 
0.0617199 -0.514577 
0.0633451 -0.492943 
0.0650247 -0.471731 
0.0667602 -0.45094 
0.0685536 -0.430573 
0.0704067 -0.41063 
0.0723213 -0.391116 
0.0742994 -0.372033 
0.0763429 -0.353387 
0.0784536 -0.335185 
0.0806335 -0.317434 
0.0828843 -0.300143 
0.0852079 -0.283322 
0.0876059 -0.266984 
0.0900798 -0.251142 
0.0926311 -0.235812 
0.0952608 -0.221011 
0.0979699 -0.206757 
0.100759 -0.193071 
0.103628 -0.179977 
0.106578 -0.167499 
0.109607 -0.155664 
0.112714 -0.144502 
0.115898 -0.134042 
0.119156 -0.124319 
0.122484 -0.115367 
0.125877 -0.107223 
0.129331 -0.0999252 
0.132839 -0.0935128 
0.136393 -0.0880265 
0.139984 -0.0835078 
0.143601 -0.0799981 
0.147232 -0.0775385 
0.150862 -0.0761693 
0.154477 -0.0759291 
0.15806 -0.0768543 
0.16159 -0.078978 
0.165049 -0.0823294 
0.168415 -0.0869327 
0.171663 -0.0928065 
0.174769 -0.0999629 
0.177709 -0.108407 
0.180457 -0.118134 
0.182986 -0.129135 
0.185272 -0.141387 
0.187288 -0.154863 
0.189013 -0.169527 
0.190422 -0.185332 
0.191497 -0.202229 
0.192221 -0.220163 
0.192579 -0.239074 
0.192559 -0.258903 
0.192155 -0.279593 
0.191363 -0.301091 
0.190181 -0.323353 
0.188614 -0.346347 
0.186668 -0.370059 
0.184352 -0.394494 
0.181676 -0.419686 
0.178656 -0.4457 
0.175305 -0.472645 
0.171639 -0.500677 
0.167672 -0.530015 
0.163419 -0.560954 
0.158891 -0.593886 
0.154098 -0.629321 
0.149046 -0.667917 
0.143737 -0.710507 
0.138169 -0.758118 
0.132335 -0.811946 
0.126226 -0.873238 
0.119838 -0.942976 
0.11318 -1.02134 
0.106286 -1.1071 
0.0992266 -1.19736 
0.0921164 -1.28801 
0.0850969 -1.37472 
0.0783179 -1.45382 
0.0719152 -1.52278 
0.0659944 -1.58022 
0.060624 -1.62578 
0.0558367 -1.65979 
0.0516342 -1.68306 
0.0479952 -1.69665 
0.0448832 -1.70171 
0.0422529 -1.6994 
0.0400551 -1.69082 
0.0382409 -1.67699 
0.0367635 -1.65879 
0.03558 -1.63701 
0.0346518 -1.61232 
0.0339448 -1.5853 
0.0334294 -1.55643 
0.0330801 -1.52613 
0.0328751 -1.49474 
0.0327958 -1.46254 
0.0328266 -1.42977 
0.0329542 -1.39663 
0.0331675 -1.36328 
0.0334573 -1.32986 
0.0338158 -1.29647 
0.0342364 -1.26321 
0.0347139 -1.23015 
0.0352437 -1.19735 
0.0358222 -1.16486 
0.0364465 -1.13271 
0.0371141 -1.10095 
0.0378231 -1.06958 
0.038572 -1.03864 
0.0393596 -1.00812 
0.0401852 -0.978059 
0.0410481 -0.948446 
0.041948 -0.919291 
0.0428849 -0.890595 
0.0438588 -0.86236 
0.0448699 -0.834586 
0.0459187 -0.807271 
0.0470056 -0.780413 
0.0481314 -0.754009 
0.0492969 -0.728055 
0.0505029 -0.70255 
0.0517504 -0.677487 
0.0530405 -0.652865 
0.0543744 -0.628679 
0.0557534 -0.604926 
0.0571789 -0.581603 
0.0586521 -0.558707 
0.0601748 -0.536236 
0.0617484 -0.514187 
0.0633746 -0.492561 
0.0650551 -0.471357 
0.0667917 -0.450574 
0.0685861 -0.430214 
0.0704402 -0.410279 
0.072356 -0.390772 
0.0743352 -0.371697 
0.0763799 -0.353059 
0.0784918 -0.334865 
0.080673 -0.317122 
0.0829251 -0.299839 
0.08525 -0.283027 
0.0876493 -0.266698 
0.0901246 -0.250865 
0.0926772 -0.235544 
0.0953084 -0.220752 
0.0980189 -0.206508 
0.100809 -0.192832 
0.10368 -0.179749 
0.106631 -0.167282 
0.109662 -0.155459 
0.112771 -0.144309 
0.115956 -0.133863 
0.119214 -0.124153 
0.122543 -0.115215 
0.125938 -0.107086 
0.129393 -0.099803 
0.132902 -0.0934068 
0.136457 -0.0879374 
0.140048 -0.0834363 
0.143666 -0.079945 
0.147296 -0.0775045 
0.150927 -0.076155 
0.154541 -0.0759353 
0.158123 -0.0768816 
0.161653 -0.0790269 
0.16511 -0.0824004 
0.168473 -0.0870262 
0.171719 -0.0929228 
0.174823 -0.100102 
0.17776 -0.108569 
0.180504 -0.118319 
0.183029 -0.129342 
0.18531 -0.141617 
0.187322 -0.155114 
0.189041 -0.169798 
0.190444 -0.185624 
0.191513 -0.20254 
0.192231 -0.220492 
0.192581 -0.23942 
0.192555 -0.259264 
0.192144 -0.279969 
0.191345 -0.301481 
0.190157 -0.323756 
0.188583 -0.346763 
0.18663 -0.370488 
0.184307 -0.394936 
0.181626 -0.420142 
0.178599 -0.446172 
0.175243 -0.473135 
0.171571 -0.501188 
0.167599 -0.530551 
0.163341 -0.561522 
0.158808 -0.594494 
0.154011 -0.629979 
0.148954 -0.668639 
0.143641 -0.711308 
0.138067 -0.759019 
0.132228 -0.81297 
0.126115 -0.874405 
0.119722 -0.944299 
0.113059 -1.02281 
0.106161 -1.10868 
0.0991 -1.19898 
0.0919901 -1.2896 
0.0849735 -1.37621 
0.0782002 -1.45515 
0.0718052 -1.5239 
0.0658937 -1.58114 
0.0605336 -1.62648 
0.0557567 -1.6603 
0.0515645 -1.68339 
0.0479353 -1.69681 
0.0448323 -1.70173 
0.0422101 -1.6993 
0.0400196 -1.69062 
0.0382117 -1.6767 
0.03674 -1.65843 
0.0355613 -1.63659 
0.0346373 -1.61186 
0.033934 -1.5848 
0.0334218 -1.5559 
0.0330752 -1.52558 
0.0328726 -1.49417 
0.0327954 -1.46196 
0.032828 -1.42918 
0.0329573 -1.39604 
0.0331721 -1.36269 
0.0334631 -1.32926 
0.0338227 -1.29588 
0.0342444 -1.26262 
0.0347229 -1.22957 
0.0352536 -1.19677 
0.035833 -1.16428 
0.036458 -1.13214 
0.0371264 -1.10038 
0.0378361 -1.06903 
0.0385857 -1.03809 
0.039374 -1.00759 
0.0402002 -0.977528 
0.0410638 -0.947923 
0.0419644 -0.918775 
0.0429019 -0.890088 
0.0438765 -0.861861 
0.0448882 -0.834095 
0.0459377 -0.806788 
0.0470253 -0.779938 
0.0481519 -0.753542 
0.049318 -0.727597 
0.0505247 -0.702099 
0.051773 -0.677045 
0.0530639 -0.65243 
0.0543986 -0.628252 
0.0557784 -0.604507 
0.0572047 -0.581191 
0.0586788 -0.558303 
0.0602024 -0.535839 
0.0617769 -0.513798 
0.0634041 -0.49218 
0.0650855 -0.470982 
0.0668231 -0.450207 
0.0686186 -0.429855 
0.0704738 -0.409927 
0.0723907 -0.390428 
0.0743711 -0.371361 
0.0764169 -0.352731 
0.0785301 -0.334545 
0.0807125 -0.31681 
0.0829659 -0.299535 
0.0852921 -0.282732 
0.0876928 -0.266411 
0.0901694 -0.250587 
0.0927234 -0.235275 
0.095356 -0.220493 
0.0980679 -0.206259 
0.10086 -0.192594 
0.103732 -0.179521 
0.106685 -0.167066 
0.109717 -0.155255 
0.112827 -0.144117 
0.116013 -0.133683 
0.119273 -0.123987 
0.122603 -0.115063 
0.125999 -0.106948 
0.129456 -0.0996812 
0.132965 -0.0933011 
0.136521 -0.0878486 
0.140113 -0.0833652 
0.14373 -0.0798922 
0.147361 -0.0774707 
0.150991 -0.0761411 
0.154606 -0.0759419 
0.158186 -0.0769092 
0.161715 -0.0790762 
0.165171 -0.0824718 
0.168532 -0.0871201 
0.171776 -0.0930395 
0.174877 -0.100242 
0.177811 -0.108731 
0.180551 -0.118505 
0.183072 -0.12955 
0.185348 -0.141847 
0.187355 -0.155366 
0.189068 -0.17007 
0.190466 -0.185916 
0.191529 -0.202851 
0.19224 -0.220821 
0.192584 -0.239765 
0.192551 -0.259626 
0.192134 -0.280345 
0.191327 -0.301871 
0.190132 -0.32416 
0.188551 -0.34718 
0.186592 -0.370917 
0.184262 -0.395379 
0.181575 -0.420598 
0.178542 -0.446644 
0.17518 -0.473624 
0.171503 -0.501699 
0.167526 -0.531088 
0.163262 -0.562091 
0.158725 -0.595103 
0.153923 -0.630638 
0.148862 -0.669361 
0.143543 -0.712111 
0.137966 -0.759922 
0.132122 -0.813996 
0.126003 -0.875574 
0.119606 -0.945624 
0.112938 -1.02428 
0.106036 -1.11026 
0.0989733 -1.20061 
0.0918638 -1.29119 
0.0848503 -1.37769 
0.0780825 -1.45647 
0.0716954 -1.52503 
0.0657932 -1.58205 
0.0604433 -1.62719 
0.0556769 -1.6608 
0.051495 -1.68371 
0.0478755 -1.69697 
0.0447815 -1.70174 
0.0421674 -1.69919 
0.0399841 -1.69041 
0.0381827 -1.67641 
0.0367165 -1.65807 
0.0355427 -1.63617 
0.0346229 -1.61139 
0.0339233 -1.5843 
0.0334142 -1.55537 
0.0330704 -1.52503 
0.0328702 -1.4936 
0.0327951 -1.46138 
0.0328295 -1.42859 
0.0329604 -1.39544 
0.0331766 -1.36209 
0.033469 -1.32867 
0.0338297 -1.29528 
0.0342525 -1.26203 
0.0347319 -1.22898 
0.0352635 -1.19619 
0.0358437 -1.16371 
0.0364696 -1.13158 
0.0371387 -1.09982 
0.0378491 -1.06847 
0.0385994 -1.03754 
0.0393884 -1.00705 
0.0402153 -0.976996 
0.0410795 -0.947399 
0.0419808 -0.91826 
0.042919 -0.889581 
0.0438942 -0.861362 
0.0449066 -0.833604 
0.0459567 -0.806306 
0.0470451 -0.779464 
0.0481723 -0.753076 
0.0493392 -0.727139 
0.0505466 -0.701649 
0.0517956 -0.676602 
0.0530873 -0.651996 
0.0544228 -0.627825 
0.0558034 -0.604087 
0.0572305 -0.580779 
0.0587055 -0.557899 
0.06023 -0.535442 
0.0618054 -0.513409 
0.0634336 -0.491798 
0.065116 -0.470609 
0.0668546 -0.449841 
0.0686511 -0.429496 
0.0705075 -0.409576 
0.0724254 -0.390085 
0.074407 -0.371025 
0.076454 -0.352403 
0.0785684 -0.334224 
0.080752 -0.316498 
0.0830067 -0.299231 
0.0853342 -0.282436 
0.0877362 -0.266125 
0.0902143 -0.25031 
0.0927697 -0.235007 
0.0954036 -0.220234 
0.098117 -0.20601 
0.10091 -0.192356 
0.103784 -0.179294 
0.106738 -0.16685 
0.109771 -0.15505 
0.112883 -0.143924 
0.116071 -0.133504 
0.119332 -0.123821 
0.122663 -0.114911 
0.12606 -0.106811 
0.129518 -0.0995596 
0.133028 -0.0931956 
0.136585 -0.0877601 
0.140177 -0.0832943 
0.143795 -0.0798397 
0.147426 -0.0774374 
0.151056 -0.0761276 
0.15467 -0.0759488 
0.15825 -0.0769373 
0.161777 -0.0791259 
0.165232 -0.0825436 
0.168591 -0.0872144 
0.171832 -0.0931566 
0.174931 -0.100382 
0.177861 -0.108894 
0.180598 -0.11869 
0.183115 -0.129758 
0.185387 -0.142077 
0.187388 -0.155618 
0.189096 -0.170343 
0.190488 -0.186208 
0.191545 -0.203163 
0.192249 -0.22115 
0.192587 -0.240111 
0.192547 -0.259988 
0.192123 -0.280722 
0.191309 -0.302262 
0.190107 -0.324564 
0.18852 -0.347597 
0.186553 -0.371347 
0.184217 -0.395821 
0.181524 -0.421055 
0.178485 -0.447116 
0.175117 -0.474115 
0.171435 -0.50221 
0.167452 -0.531625 
0.163184 -0.56266 
0.158642 -0.595712 
0.153835 -0.631298 
0.148769 -0.670085 
0.143446 -0.712915 
0.137864 -0.760827 
0.132015 -0.815024 
0.125892 -0.876746 
0.119489 -0.946952 
0.112817 -1.02576 
0.105911 -1.11185 
0.0988466 -1.20223 
0.0917375 -1.29278 
0.0847271 -1.37917 
0.077965 -1.45778 
0.0715857 -1.52615 
0.0656929 -1.58296 
0.0603532 -1.62788 
0.0555973 -1.6613 
0.0514256 -1.68403 
0.0478159 -1.69712 
0.0447308 -1.70176 
0.0421249 -1.69909 
0.0399488 -1.69021 
0.0381538 -1.67612 
0.0366932 -1.65771 
0.0355242 -1.63576 
0.0346086 -1.61093 
0.0339126 -1.5838 
0.0334067 -1.55484 
0.0330657 -1.52448 
0.0328678 -1.49303 
0.0327948 -1.4608 
0.0328311 -1.428 
0.0329635 -1.39485 
0.0331812 -1.3615 
0.0334748 -1.32807 
0.0338367 -1.29469 
0.0342605 -1.26144 
0.0347409 -1.22839 
0.0352734 -1.19561 
0.0358545 -1.16313 
0.0364811 -1.13101 
0.037151 -1.09926 
0.0378622 -1.06792 
0.0386131 -1.03699 
0.0394028 -1.00651 
0.0402304 -0.976465 
0.0410953 -0.946876 
0.0419972 -0.917745 
0.042936 -0.889074 
0.0439119 -0.860864 
0.044925 -0.833114 
0.0459758 -0.805823 
0.0470648 -0.77899 
0.0481927 -0.75261 
0.0493603 -0.726681 
0.0505685 -0.701199 
0.0518183 -0.67616 
0.0531107 -0.651561 
0.054447 -0.627398 
0.0558284 -0.603668 
0.0572564 -0.580368 
0.0587323 -0.557495 
0.0602576 -0.535046 
0.061834 -0.513021 
0.063463 -0.491417 
0.0651465 -0.470235 
0.0668861 -0.449475 
0.0686837 -0.429137 
0.0705411 -0.409225 
0.0724602 -0.389741 
0.0744429 -0.370689 
0.0764911 -0.352075 
0.0786067 -0.333905 
0.0807916 -0.316186 
0.0830475 -0.298928 
0.0853764 -0.282141 
0.0877797 -0.265838 
0.0902591 -0.250033 
0.0928159 -0.234739 
0.0954513 -0.219976 
0.0981661 -0.205762 
0.100961 -0.192118 
0.103836 -0.179067 
0.106791 -0.166634 
0.109826 -0.154846 
0.112939 -0.143732 
0.116128 -0.133325 
0.119391 -0.123655 
0.122723 -0.11476 
0.126122 -0.106675 
0.12958 -0.0994383 
0.133091 -0.0930905 
0.136648 -0.0876719 
0.140241 -0.0832238 
0.143859 -0.0797875 
0.147491 -0.0774044 
0.151121 -0.0761144 
0.154734 -0.0759561 
0.158313 -0.0769657 
0.16184 -0.079176 
0.165293 -0.0826158 
0.16865 -0.0873092 
0.171889 -0.0932741 
0.174985 -0.100522 
0.177912 -0.109058 
0.180645 -0.118876 
0.183158 -0.129967 
0.185425 -0.142308 
0.187421 -0.15587 
0.189124 -0.170616 
0.19051 -0.186501 
0.191561 -0.203474 
0.192259 -0.221479 
0.19259 -0.240458 
0.192543 -0.26035 
0.192111 -0.281099 
0.191291 -0.302653 
0.190082 -0.324968 
0.188488 -0.348014 
0.186515 -0.371776 
0.184173 -0.396264 
0.181472 -0.421512 
0.178428 -0.447589 
0.175054 -0.474605 
0.171366 -0.502722 
0.167379 -0.532163 
0.163105 -0.56323 
0.158558 -0.596322 
0.153747 -0.631959 
0.148677 -0.67081 
0.143349 -0.713721 
0.137762 -0.761734 
0.131908 -0.816054 
0.12578 -0.877921 
0.119373 -0.948282 
0.112696 -1.02724 
0.105787 -1.11343 
0.0987199 -1.20386 
0.0916113 -1.29437 
0.084604 -1.38065 
0.0778476 -1.4591 
0.0714762 -1.52726 
0.0655928 -1.58386 
0.0602633 -1.62858 
0.0555179 -1.6618 
0.0513565 -1.68434 
0.0477564 -1.69728 
0.0446804 -1.70177 
0.0420825 -1.69898 
0.0399137 -1.69 
0.038125 -1.67583 
0.0366699 -1.65735 
0.0355058 -1.63534 
0.0345944 -1.61046 
0.033902 -1.5833 
0.0333993 -1.55431 
0.0330609 -1.52392 
0.0328655 -1.49246 
0.0327945 -1.46022 
0.0328326 -1.42742 
0.0329667 -1.39426 
0.0331858 -1.3609 
0.0334807 -1.32748 
0.0338438 -1.2941 
0.0342686 -1.26085 
0.0347499 -1.22781 
0.0352834 -1.19503 
0.0358653 -1.16256 
0.0364927 -1.13044 
0.0371633 -1.0987 
0.0378752 -1.06736 
0.0386269 -1.03645 
0.0394172 -1.00597 
0.0402455 -0.975933 
0.041111 -0.946353 
0.0420136 -0.91723 
0.0429531 -0.888567 
0.0439296 -0.860365 
0.0449434 -0.832624 
0.0459949 -0.805341 
0.0470846 -0.778516 
0.0482132 -0.752144 
0.0493815 -0.726223 
0.0505904 -0.700748 
0.0518409 -0.675718 
0.0531341 -0.651127 
0.0544712 -0.626972 
0.0558535 -0.603249 
0.0572823 -0.579957 
0.058759 -0.557091 
0.0602853 -0.53465 
0.0618626 -0.512632 
0.0634926 -0.491036 
0.065177 -0.469861 
0.0669176 -0.449108 
0.0687163 -0.428779 
0.0705747 -0.408874 
0.072495 -0.389398 
0.0744788 -0.370354 
0.0765282 -0.351747 
0.078645 -0.333585 
0.0808311 -0.315874 
0.0830884 -0.298625 
0.0854186 -0.281847 
0.0878232 -0.265552 
0.090304 -0.249755 
0.0928622 -0.234472 
0.0954989 -0.219718 
0.0982152 -0.205514 
0.101011 -0.19188 
0.103888 -0.17884 
0.106845 -0.166418 
0.109881 -0.154642 
0.112995 -0.143541 
0.116186 -0.133146 
0.119449 -0.12349 
0.122783 -0.114608 
0.126183 -0.106538 
0.129642 -0.0993173 
0.133154 -0.0929857 
0.136712 -0.087584 
0.140306 -0.0831535 
0.143924 -0.0797357 
0.147555 -0.0773717 
0.151185 -0.0761015 
0.154798 -0.0759638 
0.158377 -0.0769945 
0.161902 -0.0792264 
0.165353 -0.0826884 
0.168709 -0.0874043 
0.171946 -0.093392 
0.175038 -0.100663 
0.177962 -0.109221 
0.180692 -0.119063 
0.1832 -0.130176 
0.185463 -0.142539 
0.187454 -0.156122 
0.189151 -0.170889 
0.190532 -0.186794 
0.191576 -0.203786 
0.192268 -0.221809 
0.192592 -0.240804 
0.192539 -0.260713 
0.1921 -0.281476 
0.191273 -0.303044 
0.190057 -0.325372 
0.188456 -0.348431 
0.186477 -0.372206 
0.184128 -0.396707 
0.181421 -0.421969 
0.178371 -0.448062 
0.174991 -0.475096 
0.171298 -0.503234 
0.167305 -0.532701 
0.163027 -0.563801 
0.158475 -0.596933 
0.153659 -0.632621 
0.148584 -0.671536 
0.143252 -0.714529 
0.13766 -0.762643 
0.131801 -0.817087 
0.125668 -0.879099 
0.119256 -0.949616 
0.112575 -1.02872 
0.105662 -1.11502 
0.0985932 -1.20548 
0.0914851 -1.29596 
0.0844809 -1.38212 
0.0777303 -1.46041 
0.0713668 -1.52837 
0.0654928 -1.58476 
0.0601736 -1.62927 
0.0554387 -1.66229 
0.0512875 -1.68465 
0.0476971 -1.69743 
0.04463 -1.70178 
0.0420402 -1.69887 
0.0398786 -1.68979 
0.0380962 -1.67553 
0.0366467 -1.65698 
0.0354875 -1.63492 
0.0345803 -1.61 
0.0338915 -1.58279 
0.0333919 -1.55378 
0.0330563 -1.52337 
0.0328632 -1.4919 
0.0327943 -1.45964 
0.0328342 -1.42683 
0.0329699 -1.39366 
0.0331904 -1.3603 
0.0334866 -1.32688 
0.0338508 -1.2935 
0.0342767 -1.26026 
0.034759 -1.22722 
0.0352933 -1.19444 
0.035876 -1.16198 
0.0365043 -1.12987 
0.0371756 -1.09814 
0.0378882 -1.06681 
0.0386406 -1.0359 
0.0394317 -1.00543 
0.0402606 -0.975402 
0.0411268 -0.94583 
0.04203 -0.916715 
0.0429702 -0.88806 
0.0439473 -0.859867 
0.0449618 -0.832133 
0.046014 -0.804859 
0.0471044 -0.778042 
0.0482337 -0.751678 
0.0494027 -0.725765 
0.0506123 -0.700299 
0.0518636 -0.675276 
0.0531576 -0.650692 
0.0544955 -0.626545 
0.0558785 -0.60283 
0.0573082 -0.579545 
0.0587858 -0.556687 
0.0603129 -0.534254 
0.0618911 -0.512243 
0.0635221 -0.490655 
0.0652075 -0.469488 
0.0669492 -0.448742 
0.0687488 -0.42842 
0.0706084 -0.408523 
0.0725297 -0.389055 
0.0745147 -0.370018 
0.0765653 -0.35142 
0.0786834 -0.333265 
0.0808707 -0.315563 
0.0831293 -0.298322 
0.0854608 -0.281552 
0.0878668 -0.265266 
0.0903489 -0.249479 
0.0929085 -0.234204 
0.0955466 -0.21946 
0.0982643 -0.205266 
0.101062 -0.191642 
0.10394 -0.178613 
0.106898 -0.166202 
0.109936 -0.154438 
0.113051 -0.143349 
0.116243 -0.132967 
0.119508 -0.123325 
0.122843 -0.114457 
0.126244 -0.106402 
0.129704 -0.0991966 
0.133217 -0.0928812 
0.136776 -0.0874965 
0.14037 -0.0830837 
0.143989 -0.0796843 
0.14762 -0.0773394 
0.15125 -0.0760891 
0.154862 -0.0759718 
0.15844 -0.0770236 
0.161964 -0.0792773 
0.165414 -0.0827614 
0.168768 -0.0874998 
0.172002 -0.0935104 
0.175092 -0.100804 
0.178013 -0.109386 
0.180738 -0.11925 
0.183243 -0.130385 
0.185501 -0.14277 
0.187487 -0.156375 
0.189179 -0.171163 
0.190554 -0.187088 
0.191592 -0.204099 
0.192277 -0.222139 
0.192595 -0.241151 
0.192534 -0.261075 
0.192089 -0.281854 
0.191255 -0.303435 
0.190032 -0.325777 
0.188424 -0.348848 
0.186438 -0.372637 
0.184082 -0.397151 
0.18137 -0.422427 
0.178313 -0.448535 
0.174928 -0.475587 
0.171229 -0.503747 
0.167231 -0.53324 
0.162948 -0.564372 
0.158391 -0.597545 
0.15357 -0.633284 
0.148491 -0.672264 
0.143155 -0.715338 
0.137558 -0.763554 
0.131695 -0.818123 
0.125556 -0.880279 
0.119139 -0.950952 
0.112453 -1.0302 
0.105537 -1.1166 
0.0984665 -1.20711 
0.0913589 -1.29754 
0.084358 -1.3836 
0.0776132 -1.46171 
0.0712576 -1.52948 
0.065393 -1.58566 
0.0600841 -1.62996 
0.0553596 -1.66278 
0.0512187 -1.68496 
0.047638 -1.69758 
0.0445798 -1.70179 
0.0419981 -1.69876 
0.0398437 -1.68958 
0.0380676 -1.67524 
0.0366236 -1.65662 
0.0354692 -1.6345 
0.0345662 -1.60953 
0.033881 -1.58229 
0.0333845 -1.55325 
0.0330516 -1.52282 
0.0328609 -1.49133 
0.0327941 -1.45906 
0.0328358 -1.42624 
0.0329731 -1.39307 
0.033195 -1.35971 
0.0334925 -1.32629 
0.0338579 -1.29291 
0.0342848 -1.25967 
0.0347681 -1.22663 
0.0353033 -1.19386 
0.0358869 -1.16141 
0.0365159 -1.1293 
0.037188 -1.09757 
0.0379013 -1.06625 
0.0386544 -1.03535 
0.0394461 -1.00489 
0.0402757 -0.974871 
0.0411425 -0.945307 
0.0420464 -0.9162 
0.0429872 -0.887554 
0.0439651 -0.859368 
0.0449802 -0.831643 
0.046033 -0.804377 
0.0471241 -0.777568 
0.0482541 -0.751212 
0.0494239 -0.725307 
0.0506343 -0.699849 
0.0518863 -0.674834 
0.053181 -0.650258 
0.0545197 -0.626119 
0.0559036 -0.602412 
0.0573341 -0.579134 
0.0588126 -0.556284 
0.0603406 -0.533858 
0.0619197 -0.511855 
0.0635517 -0.490274 
0.0652381 -0.469114 
0.0669807 -0.448377 
0.0687815 -0.428062 
0.0706421 -0.408173 
0.0725645 -0.388712 
0.0745507 -0.369683 
0.0766025 -0.351092 
0.0787217 -0.332946 
0.0809104 -0.315251 
0.0831702 -0.298019 
0.085503 -0.281258 
0.0879103 -0.264981 
0.0903938 -0.249202 
0.0929548 -0.233937 
0.0955944 -0.219202 
0.0983134 -0.205018 
0.101113 -0.191405 
0.103992 -0.178386 
0.106952 -0.165987 
0.109991 -0.154234 
0.113107 -0.143158 
0.116301 -0.132789 
0.119567 -0.12316 
0.122903 -0.114307 
0.126305 -0.106266 
0.129766 -0.0990761 
0.13328 -0.092777 
0.13684 -0.0874092 
0.140434 -0.0830141 
0.144053 -0.0796331 
0.147685 -0.0773074 
0.151314 -0.076077 
0.154926 -0.0759802 
0.158503 -0.0770532 
0.162026 -0.0793285 
0.165475 -0.0828348 
0.168827 -0.0875958 
0.172058 -0.0936291 
0.175146 -0.100946 
0.178063 -0.10955 
0.180785 -0.119437 
0.183285 -0.130595 
0.185539 -0.143002 
0.18752 -0.156629 
0.189206 -0.171437 
0.190575 -0.187381 
0.191607 -0.204411 
0.192286 -0.22247 
0.192597 -0.241499 
0.19253 -0.261438 
0.192077 -0.282231 
0.191236 -0.303827 
0.190007 -0.326182 
0.188392 -0.349266 
0.186399 -0.373067 
0.184037 -0.397594 
0.181318 -0.422884 
0.178256 -0.449008 
0.174865 -0.476079 
0.17116 -0.50426 
0.167157 -0.53378 
0.162869 -0.564944 
0.158308 -0.598158 
0.153482 -0.633948 
0.148398 -0.672993 
0.143057 -0.716149 
0.137456 -0.764467 
0.131588 -0.81916 
0.125444 -0.881462 
0.119022 -0.952291 
0.112332 -1.03168 
0.105412 -1.11819 
0.0983398 -1.20874 
0.0912327 -1.29913 
0.0842351 -1.38507 
0.0774962 -1.46302 
0.0711485 -1.53059 
0.0652934 -1.58655 
0.0599947 -1.63064 
0.0552808 -1.66326 
0.0511501 -1.68526 
0.0475791 -1.69772 
0.0445298 -1.7018 
0.0419561 -1.69865 
0.0398089 -1.68936 
0.0380391 -1.67494 
0.0366007 -1.65625 
0.035451 -1.63407 
0.0345521 -1.60906 
0.0338706 -1.58179 
0.0333772 -1.55272 
0.0330471 -1.52227 
0.0328587 -1.49076 
0.0327939 -1.45848 
0.0328375 -1.42565 
0.0329763 -1.39248 
0.0331997 -1.35911 
0.0334984 -1.32569 
0.033865 -1.29232 
0.034293 -1.25908 
0.0347772 -1.22605 
0.0353133 -1.19328 
0.0358977 -1.16083 
0.0365275 -1.12873 
0.0372003 -1.09701 
0.0379144 -1.0657 
0.0386682 -1.03481 
0.0394606 -1.00435 
0.0402908 -0.97434 
0.0411583 -0.944784 
0.0420629 -0.915686 
0.0430044 -0.887048 
0.0439829 -0.85887 
0.0449986 -0.831153 
0.0460522 -0.803895 
0.0471439 -0.777094 
0.0482746 -0.750747 
0.0494451 -0.724849 
0.0506562 -0.699399 
0.051909 -0.674392 
0.0532045 -0.649824 
0.054544 -0.625692 
0.0559287 -0.601993 
0.05736 -0.578723 
0.0588394 -0.55588 
0.0603683 -0.533462 
0.0619484 -0.511467 
0.0635812 -0.489893 
0.0652686 -0.468741 
0.0670123 -0.448011 
0.0688141 -0.427704 
0.0706758 -0.407822 
0.0725994 -0.388369 
0.0745867 -0.369348 
0.0766396 -0.350765 
0.0787601 -0.332627 
0.08095 -0.31494 
0.0832111 -0.297716 
0.0855452 -0.280963 
0.0879539 -0.264695 
0.0904388 -0.248925 
0.0930011 -0.233669 
0.0956421 -0.218945 
0.0983626 -0.20477 
0.101163 -0.191168 
0.104044 -0.17816 
0.107005 -0.165772 
0.110045 -0.154031 
0.113164 -0.142967 
0.116358 -0.13261 
0.119626 -0.122995 
0.122963 -0.114156 
0.126366 -0.10613 
0.129828 -0.0989559 
0.133344 -0.092673 
0.136903 -0.0873222 
0.140498 -0.0829448 
0.144118 -0.0795823 
0.147749 -0.0772758 
0.151379 -0.0760652 
0.15499 -0.075989 
0.158567 -0.0770831 
0.162088 -0.0793801 
0.165535 -0.0829086 
0.168885 -0.0876921 
0.172115 -0.0937482 
0.175199 -0.101088 
0.178113 -0.109715 
0.180831 -0.119625 
0.183328 -0.130805 
0.185576 -0.143234 
0.187553 -0.156882 
0.189233 -0.171711 
0.190596 -0.187676 
0.191622 -0.204724 
0.192295 -0.222801 
0.192599 -0.241846 
0.192525 -0.261801 
0.192066 -0.282609 
0.191218 -0.304219 
0.189981 -0.326587 
0.18836 -0.349684 
0.18636 -0.373498 
0.183992 -0.398038 
0.181267 -0.423342 
0.178198 -0.449482 
0.174802 -0.476571 
0.171092 -0.504774 
0.167083 -0.53432 
0.16279 -0.565517 
0.158224 -0.598772 
0.153394 -0.634613 
0.148305 -0.673723 
0.14296 -0.716962 
0.137354 -0.765382 
0.131481 -0.820201 
0.125332 -0.882648 
0.118905 -0.953632 
0.112211 -1.03317 
0.105287 -1.11978 
0.098213 -1.21036 
0.0911066 -1.30071 
0.0841123 -1.38654 
0.0773793 -1.46432 
0.0710396 -1.53169 
0.065194 -1.58744 
0.0599056 -1.63132 
0.0552021 -1.66374 
0.0510816 -1.68557 
0.0475203 -1.69786 
0.0444799 -1.7018 
0.0419143 -1.69853 
0.0397741 -1.68915 
0.0380107 -1.67464 
0.0365778 -1.65589 
0.0354329 -1.63365 
0.0345382 -1.6086 
0.0338602 -1.58128 
0.03337 -1.55219 
0.0330425 -1.52171 
0.0328565 -1.49019 
0.0327938 -1.45789 
0.0328391 -1.42506 
0.0329796 -1.39188 
0.0332044 -1.35852 
0.0335044 -1.32509 
0.0338721 -1.29172 
0.0343011 -1.25849 
0.0347863 -1.22546 
0.0353233 -1.1927 
0.0359085 -1.16025 
0.0365391 -1.12816 
0.0372127 -1.09645 
0.0379275 -1.06514 
0.0386819 -1.03426 
0.039475 -1.00381 
0.0403059 -0.97381 
0.0411741 -0.944262 
0.0420793 -0.915172 
0.0430215 -0.886541 
0.0440006 -0.858372 
0.0450171 -0.830664 
0.0460713 -0.803414 
0.0471637 -0.776621 
0.0482952 -0.750281 
0.0494663 -0.724392 
0.0506782 -0.69895 
0.0519317 -0.67395 
0.053228 -0.64939 
0.0545682 -0.625266 
0.0559538 -0.601575 
0.0573859 -0.578313 
0.0588662 -0.555477 
0.060396 -0.533066 
0.061977 -0.511078 
0.0636108 -0.489512 
0.0652992 -0.468368 
0.0670439 -0.447645 
0.0688467 -0.427346 
0.0707095 -0.407472 
0.0726342 -0.388026 
0.0746227 -0.369013 
0.0766768 -0.350438 
0.0787985 -0.332307 
0.0809897 -0.314629 
0.0832521 -0.297413 
0.0855875 -0.280669 
0.0879975 -0.26441 
0.0904838 -0.248649 
0.0930475 -0.233402 
0.0956899 -0.218687 
0.0984118 -0.204523 
0.101214 -0.19093 
0.104096 -0.177933 
0.107059 -0.165557 
0.1101 -0.153828 
0.11322 -0.142776 
0.116416 -0.132432 
0.119685 -0.122831 
0.123024 -0.114006 
0.126427 -0.105995 
0.129891 -0.098836 
0.133407 -0.0925694 
0.136967 -0.0872356 
0.140563 -0.0828759 
0.144183 -0.0795319 
0.147814 -0.0772445 
0.151443 -0.0760538 
0.155054 -0.0759982 
0.15863 -0.0771134 
0.162151 -0.0794322 
0.165596 -0.0829828 
0.168944 -0.0877888 
0.172171 -0.0938678 
0.175253 -0.10123 
0.178164 -0.109881 
0.180878 -0.119813 
0.18337 -0.131016 
0.185614 -0.143467 
0.187585 -0.157136 
0.18926 -0.171986 
0.190618 -0.18797 
0.191638 -0.205038 
0.192303 -0.223132 
0.192601 -0.242194 
0.19252 -0.262165 
0.192054 -0.282988 
0.191199 -0.304611 
0.189956 -0.326992 
0.188328 -0.350102 
0.186321 -0.373929 
0.183946 -0.398482 
0.181215 -0.423801 
0.178141 -0.449956 
0.174738 -0.477063 
0.171023 -0.505288 
0.167009 -0.53486 
0.162711 -0.56609 
0.15814 -0.599386 
0.153305 -0.635279 
0.148212 -0.674455 
0.142862 -0.717776 
0.137251 -0.7663 
0.131373 -0.821243 
0.12522 -0.883837 
0.118788 -0.954977 
0.112089 -1.03466 
0.105162 -1.12137 
0.0980863 -1.21199 
0.0909805 -1.30229 
0.0839896 -1.388 
0.0772625 -1.46562 
0.0709309 -1.53279 
0.0650947 -1.58833 
0.0598166 -1.632 
0.0551236 -1.66422 
0.0510134 -1.68587 
0.0474617 -1.698 
0.0444302 -1.7018 
0.0418726 -1.69842 
0.0397396 -1.68893 
0.0379824 -1.67434 
0.036555 -1.65552 
0.0354149 -1.63323 
0.0345243 -1.60813 
0.0338499 -1.58078 
0.0333628 -1.55166 
0.033038 -1.52116 
0.0328543 -1.48962 
0.0327937 -1.45731 
0.0328408 -1.42447 
0.0329829 -1.39129 
0.0332091 -1.35792 
0.0335104 -1.3245 
0.0338792 -1.29113 
0.0343093 -1.2579 
0.0347954 -1.22487 
0.0353333 -1.19212 
0.0359194 -1.15968 
0.0365507 -1.12759 
0.0372251 -1.09589 
0.0379406 -1.06459 
0.0386957 -1.03371 
0.0394895 -1.00327 
0.0403211 -0.973279 
0.0411899 -0.943739 
0.0420958 -0.914657 
0.0430386 -0.886035 
0.0440184 -0.857875 
0.0450355 -0.830174 
0.0460904 -0.802932 
0.0471836 -0.776147 
0.0483157 -0.749816 
0.0494876 -0.723935 
0.0507001 -0.6985 
0.0519544 -0.673509 
0.0532515 -0.648957 
0.0545925 -0.62484 
0.0559789 -0.601156 
0.0574119 -0.577902 
0.058893 -0.555074 
0.0604237 -0.532671 
0.0620056 -0.51069 
0.0636404 -0.489132 
0.0653298 -0.467995 
0.0670755 -0.44728 
0.0688794 -0.426988 
0.0707433 -0.407121 
0.0726691 -0.387683 
0.0746587 -0.368678 
0.076714 -0.350111 
0.078837 -0.331988 
0.0810294 -0.314318 
0.083293 -0.29711 
0.0856298 -0.280375 
0.0880412 -0.264124 
0.0905288 -0.248373 
0.0930939 -0.233135 
0.0957377 -0.21843 
0.0984611 -0.204275 
0.101265 -0.190694 
0.104148 -0.177707 
0.107112 -0.165342 
0.110155 -0.153625 
0.113276 -0.142585 
0.116473 -0.132255 
0.119744 -0.122667 
0.123084 -0.113856 
0.126489 -0.10586 
0.129953 -0.0987164 
0.13347 -0.0924661 
0.137031 -0.0871492 
0.140627 -0.0828073 
0.144247 -0.0794817 
0.147879 -0.0772135 
0.151508 -0.0760428 
0.155119 -0.0760077 
0.158693 -0.0771441 
0.162213 -0.0794846 
0.165657 -0.0830574 
0.169003 -0.087886 
0.172227 -0.0939877 
0.175306 -0.101373 
0.178214 -0.110046 
0.180924 -0.120002 
0.183412 -0.131227 
0.185652 -0.1437 
0.187618 -0.157391 
0.189287 -0.172261 
0.190639 -0.188265 
0.191653 -0.205351 
0.192312 -0.223463 
0.192603 -0.242542 
0.192515 -0.262529 
0.192042 -0.283366 
0.191181 -0.305003 
0.18993 -0.327397 
0.188295 -0.35052 
0.186282 -0.37436 
0.183901 -0.398926 
0.181163 -0.424259 
0.178083 -0.45043 
0.174675 -0.477556 
0.170954 -0.505802 
0.166935 -0.535401 
0.162632 -0.566664 
0.158056 -0.600001 
0.153217 -0.635947 
0.148119 -0.675188 
0.142764 -0.718591 
0.137149 -0.767219 
0.131266 -0.822288 
0.125108 -0.885028 
0.118671 -0.956324 
0.111967 -1.03615 
0.105037 -1.12296 
0.0979595 -1.21361 
0.0908545 -1.30387 
0.083867 -1.38946 
0.0771459 -1.46691 
0.0708223 -1.53388 
0.0649956 -1.58921 
0.0597278 -1.63267 
0.0550453 -1.6647 
0.0509453 -1.68616 
0.0474033 -1.69814 
0.0443806 -1.7018 
0.041831 -1.6983 
0.0397051 -1.68872 
0.0379542 -1.67404 
0.0365322 -1.65515 
0.0353969 -1.6328 
0.0345105 -1.60766 
0.0338397 -1.58028 
0.0333556 -1.55113 
0.0330336 -1.52061 
0.0328522 -1.48905 
0.0327936 -1.45673 
0.0328426 -1.42388 
0.0329862 -1.3907 
0.0332138 -1.35733 
0.0335164 -1.3239 
0.0338863 -1.29053 
0.0343175 -1.2573 
0.0348046 -1.22429 
0.0353433 -1.19154 
0.0359302 -1.1591 
0.0365624 -1.12702 
0.0372375 -1.09533 
0.0379537 -1.06403 
0.0387096 -1.03317 
0.039504 -1.00273 
0.0403362 -0.972749 
0.0412058 -0.943217 
0.0421123 -0.914143 
0.0430557 -0.88553 
0.0440362 -0.857377 
0.045054 -0.829685 
0.0461095 -0.802451 
0.0472034 -0.775674 
0.0483362 -0.749351 
0.0495088 -0.723477 
0.0507221 -0.698051 
0.0519771 -0.673067 
0.053275 -0.648523 
0.0546168 -0.624415 
0.056004 -0.600738 
0.0574379 -0.577491 
0.0589198 -0.554671 
0.0604514 -0.532275 
0.0620343 -0.510303 
0.06367 -0.488752 
0.0653604 -0.467622 
0.0671071 -0.446914 
0.0689121 -0.42663 
0.0707771 -0.406771 
0.072704 -0.387341 
0.0746948 -0.368343 
0.0767513 -0.349784 
0.0788754 -0.331669 
0.0810691 -0.314008 
0.083334 -0.296808 
0.0856721 -0.280081 
0.0880848 -0.263839 
0.0905738 -0.248096 
0.0931403 -0.232868 
0.0957856 -0.218173 
0.0985103 -0.204028 
0.101315 -0.190457 
0.1042 -0.177481 
0.107166 -0.165127 
0.11021 -0.153422 
0.113333 -0.142395 
0.116531 -0.132077 
0.119803 -0.122503 
0.123144 -0.113706 
0.12655 -0.105725 
0.130015 -0.0985971 
0.133533 -0.092363 
0.137095 -0.0870632 
0.140691 -0.082739 
0.144312 -0.0794319 
0.147944 -0.077183 
0.151573 -0.0760321 
0.155183 -0.0760176 
0.158756 -0.0771752 
0.162275 -0.0795374 
0.165717 -0.0831324 
0.169061 -0.0879835 
0.172284 -0.0941081 
0.17536 -0.101517 
0.178264 -0.110213 
0.180971 -0.120191 
0.183454 -0.131438 
0.185689 -0.143933 
0.18765 -0.157646 
0.189314 -0.172536 
0.19066 -0.18856 
0.191667 -0.205665 
0.19232 -0.223795 
0.192605 -0.242891 
0.19251 -0.262893 
0.19203 -0.283745 
0.191162 -0.305396 
0.189904 -0.327803 
0.188262 -0.350939 
0.186243 -0.374791 
0.183855 -0.399371 
0.181111 -0.424718 
0.178025 -0.450905 
0.174611 -0.478049 
0.170885 -0.506317 
0.166861 -0.535943 
0.162553 -0.567238 
0.157972 -0.600617 
0.153128 -0.636615 
0.148026 -0.675922 
0.142667 -0.719409 
0.137046 -0.76814 
0.131159 -0.823336 
0.124996 -0.886222 
0.118554 -0.957674 
0.111846 -1.03764 
0.104912 -1.12456 
0.0978327 -1.21524 
0.0907285 -1.30545 
0.0837445 -1.39092 
0.0770293 -1.4682 
0.0707139 -1.53497 
0.0648967 -1.59009 
0.0596392 -1.63334 
0.0549672 -1.66517 
0.0508774 -1.68645 
0.047345 -1.69827 
0.0443312 -1.7018 
0.0417895 -1.69818 
0.0396708 -1.6885 
0.0379261 -1.67374 
0.0365096 -1.65478 
0.0353791 -1.63238 
0.0344967 -1.60719 
0.0338295 -1.57977 
0.0333486 -1.55059 
0.0330292 -1.52005 
0.0328502 -1.48848 
0.0327936 -1.45615 
0.0328443 -1.4233 
0.0329896 -1.3901 
0.0332186 -1.35673 
0.0335224 -1.32331 
0.0338935 -1.28994 
0.0343257 -1.25671 
0.0348137 -1.2237 
0.0353534 -1.19096 
0.0359411 -1.15853 
0.036574 -1.12646 
0.0372499 -1.09477 
0.0379668 -1.06348 
0.0387234 -1.03262 
0.0395185 -1.0022 
0.0403514 -0.972219 
0.0412216 -0.942695 
0.0421288 -0.913629 
0.0430729 -0.885024 
0.044054 -0.856879 
0.0450725 -0.829195 
0.0461287 -0.80197 
0.0472232 -0.775201 
0.0483567 -0.748886 
0.0495301 -0.72302 
0.0507441 -0.697602 
0.0519999 -0.672626 
0.0532985 -0.64809 
0.0546412 -0.623989 
0.0560291 -0.60032 
0.0574638 -0.577081 
0.0589467 -0.554268 
0.0604792 -0.53188 
0.062063 -0.509915 
0.0636997 -0.488371 
0.065391 -0.467249 
0.0671388 -0.446549 
0.0689448 -0.426272 
0.0708109 -0.406421 
0.0727389 -0.386998 
0.0747308 -0.368009 
0.0767885 -0.349457 
0.0789139 -0.331351 
0.0811088 -0.313697 
0.0833751 -0.296506 
0.0857144 -0.279787 
0.0881285 -0.263554 
0.0906189 -0.247821 
0.0931868 -0.232602 
0.0958334 -0.217916 
0.0985596 -0.203781 
0.101366 -0.19022 
0.104253 -0.177256 
0.107219 -0.164913 
0.110265 -0.15322 
0.113389 -0.142205 
0.116589 -0.1319 
0.119862 -0.122339 
0.123204 -0.113557 
0.126611 -0.10559 
0.130077 -0.0984781 
0.133596 -0.0922603 
0.137159 -0.0869775 
0.140756 -0.0826711 
0.144377 -0.0793825 
0.148008 -0.0771527 
0.151637 -0.0760218 
0.155247 -0.0760279 
0.15882 -0.0772067 
0.162337 -0.0795906 
0.165778 -0.0832078 
0.16912 -0.0880815 
0.17234 -0.0942288 
0.175413 -0.10166 
0.178314 -0.110379 
0.181017 -0.12038 
0.183496 -0.13165 
0.185726 -0.144167 
0.187683 -0.157901 
0.189341 -0.172812 
0.190681 -0.188856 
0.191682 -0.205979 
0.192329 -0.224127 
0.192606 -0.243239 
0.192505 -0.263257 
0.192018 -0.284124 
0.191143 -0.305788 
0.189879 -0.328209 
0.18823 -0.351358 
0.186203 -0.375223 
0.183809 -0.399816 
0.181059 -0.425177 
0.177967 -0.45138 
0.174547 -0.478542 
0.170816 -0.506832 
0.166786 -0.536485 
0.162473 -0.567814 
0.157888 -0.601234 
0.15304 -0.637284 
0.147933 -0.676657 
0.142569 -0.720228 
0.136944 -0.769063 
0.131052 -0.824386 
0.124883 -0.887419 
0.118437 -0.959027 
0.111724 -1.03913 
0.104787 -1.12615 
0.0977059 -1.21686 
0.0906025 -1.30702 
0.083622 -1.39238 
0.076913 -1.46949 
0.0706056 -1.53606 
0.064798 -1.59096 
0.0595508 -1.634 
0.0548893 -1.66564 
0.0508097 -1.68674 
0.0472869 -1.69841 
0.0442819 -1.70179 
0.0417482 -1.69805 
0.0396365 -1.68827 
0.0378982 -1.67344 
0.0364871 -1.65441 
0.0353613 -1.63195 
0.034483 -1.60672 
0.0338194 -1.57926 
0.0333415 -1.55006 
0.0330248 -1.5195 
0.0328481 -1.48791 
0.0327936 -1.45557 
0.0328461 -1.42271 
0.0329929 -1.38951 
0.0332234 -1.35614 
0.0335284 -1.32271 
0.0339007 -1.28935 
0.0343339 -1.25612 
0.0348229 -1.22311 
0.0353634 -1.19038 
0.035952 -1.15796 
0.0365857 -1.12589 
0.0372623 -1.0942 
0.03798 -1.06293 
0.0387372 -1.03207 
0.039533 -1.00166 
0.0403666 -0.971688 
0.0412374 -0.942173 
0.0421453 -0.913116 
0.04309 -0.884518 
0.0440718 -0.856382 
0.045091 -0.828706 
0.0461479 -0.801489 
0.0472431 -0.774728 
0.0483773 -0.748421 
0.0495514 -0.722564 
0.0507661 -0.697153 
0.0520227 -0.672185 
0.053322 -0.647656 
0.0546655 -0.623563 
0.0560543 -0.599902 
0.0574898 -0.576671 
0.0589736 -0.553866 
0.060507 -0.531485 
0.0620917 -0.509527 
0.0637293 -0.487991 
0.0654217 -0.466877 
0.0671705 -0.446184 
0.0689775 -0.425915 
0.0708447 -0.406071 
0.0727738 -0.386656 
0.0747669 -0.367674 
0.0768258 -0.349131 
0.0789524 -0.331032 
0.0811486 -0.313387 
0.0834161 -0.296204 
0.0857568 -0.279494 
0.0881722 -0.263269 
0.0906639 -0.247545 
0.0932333 -0.232335 
0.0958813 -0.217659 
0.0986089 -0.203535 
0.101417 -0.189984 
0.104305 -0.17703 
0.107273 -0.164699 
0.11032 -0.153017 
0.113445 -0.142015 
0.116646 -0.131723 
0.119921 -0.122175 
0.123264 -0.113407 
0.126672 -0.105456 
0.13014 -0.0983593 
0.133659 -0.0921578 
0.137222 -0.0868921 
0.14082 -0.0826034 
0.144441 -0.0793334 
0.148073 -0.0771228 
0.151702 -0.0760118 
0.155311 -0.0760385 
0.158883 -0.0772385 
0.162399 -0.0796442 
0.165838 -0.0832836 
0.169178 -0.0881799 
0.172396 -0.09435 
0.175466 -0.101804 
0.178364 -0.110546 
0.181063 -0.12057 
0.183538 -0.131863 
0.185764 -0.144401 
0.187715 -0.158156 
0.189368 -0.173088 
0.190702 -0.189152 
0.191697 -0.206294 
0.192337 -0.224459 
0.192608 -0.243588 
0.1925 -0.263622 
0.192006 -0.284503 
0.191124 -0.306181 
0.189852 -0.328615 
0.188197 -0.351777 
0.186164 -0.375655 
0.183763 -0.400261 
0.181007 -0.425636 
0.177909 -0.451855 
0.174484 -0.479036 
0.170746 -0.507348 
0.166712 -0.537027 
0.162394 -0.56839 
0.157804 -0.601851 
0.152951 -0.637954 
0.147839 -0.677394 
0.142471 -0.721049 
0.136841 -0.769989 
0.130944 -0.825438 
0.124771 -0.888618 
0.118319 -0.960382 
0.111602 -1.04063 
0.104661 -1.12775 
0.0975791 -1.21849 
0.0904766 -1.3086 
0.0834997 -1.39384 
0.0767967 -1.47077 
0.0704975 -1.53714 
0.0646995 -1.59183 
0.0594626 -1.63466 
0.0548115 -1.6661 
0.0507421 -1.68703 
0.0472289 -1.69854 
0.0442328 -1.70178 
0.041707 -1.69793 
0.0396024 -1.68805 
0.0378703 -1.67313 
0.0364647 -1.65404 
0.0353436 -1.63152 
0.0344694 -1.60625 
0.0338093 -1.57876 
0.0333345 -1.54953 
0.0330205 -1.51894 
0.0328461 -1.48734 
0.0327937 -1.45499 
0.032848 -1.42212 
0.0329964 -1.38892 
0.0332282 -1.35554 
0.0335345 -1.32212 
0.0339079 -1.28875 
0.0343421 -1.25553 
0.0348321 -1.22253 
0.0353735 -1.1898 
0.0359629 -1.15738 
0.0365974 -1.12532 
0.0372747 -1.09364 
0.0379931 -1.06237 
0.0387511 -1.03153 
0.0395475 -1.00112 
0.0403818 -0.971159 
0.0412533 -0.941651 
0.0421618 -0.912602 
0.0431072 -0.884013 
0.0440897 -0.855885 
0.0451095 -0.828217 
0.0461671 -0.801008 
0.047263 -0.774255 
0.0483979 -0.747956 
0.0495726 -0.722107 
0.0507881 -0.696704 
0.0520454 -0.671744 
0.0533456 -0.647223 
0.0546898 -0.623138 
0.0560795 -0.599485 
0.0575159 -0.576261 
0.0590004 -0.553463 
0.0605348 -0.53109 
0.0621204 -0.50914 
0.063759 -0.487611 
0.0654524 -0.466504 
0.0672022 -0.445819 
0.0690103 -0.425558 
0.0708785 -0.405721 
0.0728088 -0.386314 
0.074803 -0.36734 
0.0768631 -0.348804 
0.0789909 -0.330714 
0.0811883 -0.313076 
0.0834572 -0.295902 
0.0857992 -0.2792 
0.088216 -0.262985 
0.0907091 -0.247269 
0.0932798 -0.232069 
0.0959292 -0.217402 
0.0986582 -0.203288 
0.101467 -0.189748 
0.104357 -0.176805 
0.107326 -0.164485 
0.110375 -0.152815 
0.113502 -0.141825 
0.116704 -0.131546 
0.11998 -0.122012 
0.123324 -0.113258 
0.126734 -0.105322 
0.130202 -0.0982409 
0.133722 -0.0920557 
0.137286 -0.086807 
0.140885 -0.0825361 
0.144506 -0.0792846 
0.148138 -0.0770933 
0.151766 -0.0760022 
0.155375 -0.0760495 
0.158946 -0.0772708 
0.162461 -0.0796982 
0.165899 -0.0833598 
0.169237 -0.0882786 
0.172452 -0.0944716 
0.175519 -0.101949 
0.178414 -0.110714 
0.181109 -0.12076 
0.18358 -0.132075 
0.185801 -0.144636 
0.187747 -0.158412 
0.189395 -0.173365 
0.190723 -0.189448 
0.191711 -0.206609 
0.192345 -0.224792 
0.192609 -0.243938 
0.192494 -0.263987 
0.191994 -0.284883 
0.191104 -0.306575 
0.189826 -0.329022 
0.188164 -0.352196 
0.186124 -0.376087 
0.183717 -0.400706 
0.180955 -0.426096 
0.177851 -0.452331 
0.17442 -0.47953 
0.170677 -0.507864 
0.166638 -0.53757 
0.162315 -0.568966 
0.15772 -0.60247 
0.152862 -0.638626 
0.147746 -0.678132 
0.142373 -0.721871 
0.136739 -0.770916 
0.130836 -0.826493 
0.124658 -0.889821 
0.118202 -0.96174 
0.11148 -1.04213 
0.104536 -1.12935 
0.0974523 -1.22011 
0.0903507 -1.31017 
0.0833774 -1.39529 
0.0766806 -1.47205 
0.0703896 -1.53822 
0.0646011 -1.5927 
0.0593745 -1.63532 
0.054734 -1.66657 
0.0506747 -1.68732 
0.0471711 -1.69866 
0.0441838 -1.70177 
0.041666 -1.6978 
0.0395685 -1.68783 
0.0378425 -1.67282 
0.0364423 -1.65366 
0.0353259 -1.6311 
0.0344559 -1.60577 
0.0337993 -1.57825 
0.0333276 -1.54899 
0.0330162 -1.51839 
0.0328442 -1.48677 
0.0327937 -1.45441 
0.0328498 -1.42153 
0.0329998 -1.38832 
0.033233 -1.35494 
0.0335406 -1.32152 
0.0339151 -1.28816 
0.0343504 -1.25494 
0.0348413 -1.22194 
0.0353836 -1.18922 
0.0359738 -1.15681 
0.0366091 -1.12475 
0.0372872 -1.09308 
0.0380063 -1.06182 
0.0387649 -1.03098 
0.0395621 -1.00058 
0.040397 -0.970629 
0.0412691 -0.941129 
0.0421783 -0.912088 
0.0431244 -0.883508 
0.0441075 -0.855388 
0.045128 -0.827728 
0.0461862 -0.800527 
0.0472828 -0.773783 
0.0484185 -0.747492 
0.0495939 -0.72165 
0.0508102 -0.696255 
0.0520682 -0.671303 
0.0533692 -0.64679 
0.0547142 -0.622712 
0.0561047 -0.599067 
0.0575419 -0.575851 
0.0590273 -0.553061 
0.0605626 -0.530695 
0.0621491 -0.508752 
0.0637887 -0.487231 
0.065483 -0.466132 
0.0672339 -0.445454 
0.069043 -0.4252 
0.0709124 -0.405372 
0.0728438 -0.385972 
0.0748392 -0.367006 
0.0769004 -0.348478 
0.0790295 -0.330395 
0.0812281 -0.312766 
0.0834983 -0.2956 
0.0858416 -0.278907 
0.0882597 -0.2627 
0.0907542 -0.246994 
0.0933263 -0.231803 
0.0959771 -0.217146 
0.0987076 -0.203042 
0.101518 -0.189512 
0.104409 -0.17658 
0.10738 -0.164271 
0.11043 -0.152613 
0.113558 -0.141636 
0.116762 -0.13137 
0.120039 -0.121849 
0.123384 -0.11311 
0.126795 -0.105188 
0.130264 -0.0981227 
0.133785 -0.0919538 
0.13735 -0.0867222 
0.140949 -0.0824691 
0.144571 -0.0792361 
0.148203 -0.0770641 
0.151831 -0.075993 
0.155439 -0.0760609 
0.159009 -0.0773034 
0.162523 -0.0797525 
0.165959 -0.0834364 
0.169295 -0.0883778 
0.172508 -0.0945936 
0.175573 -0.102094 
0.178464 -0.110881 
0.181156 -0.120951 
0.183622 -0.132288 
0.185838 -0.144871 
0.187779 -0.158668 
0.189421 -0.173642 
0.190743 -0.189744 
0.191726 -0.206924 
0.192353 -0.225125 
0.192611 -0.244287 
0.192489 -0.264352 
0.191981 -0.285262 
0.191085 -0.306968 
0.1898 -0.329429 
0.188131 -0.352615 
0.186085 -0.376519 
0.183671 -0.401152 
0.180902 -0.426556 
0.177792 -0.452806 
0.174356 -0.480024 
0.170608 -0.508381 
0.166563 -0.538114 
0.162235 -0.569543 
0.157636 -0.603089 
0.152773 -0.639298 
0.147653 -0.678872 
0.142275 -0.722695 
0.136636 -0.771845 
0.130729 -0.827551 
0.124546 -0.891025 
0.118084 -0.963101 
0.111358 -1.04363 
0.104411 -1.13094 
0.0973255 -1.22173 
0.0902249 -1.31174 
0.0832552 -1.39674 
0.0765646 -1.47333 
0.0702818 -1.53929 
0.064503 -1.59356 
0.0592867 -1.63598 
0.0546566 -1.66703 
0.0506075 -1.6876 
0.0471135 -1.69879 
0.0441349 -1.70176 
0.0416251 -1.69767 
0.0395346 -1.6876 
0.0378148 -1.67252 
0.03642 -1.65329 
0.0353084 -1.63067 
0.0344424 -1.6053 
0.0337894 -1.57774 
0.0333207 -1.54846 
0.033012 -1.51783 
0.0328423 -1.4862 
0.0327938 -1.45382 
0.0328517 -1.42094 
0.0330032 -1.38773 
0.0332379 -1.35435 
0.0335467 -1.32093 
0.0339224 -1.28757 
0.0343587 -1.25435 
0.0348505 -1.22136 
0.0353937 -1.18863 
0.0359847 -1.15623 
0.0366208 -1.12418 
0.0372997 -1.09252 
0.0380194 -1.06127 
0.0387788 -1.03044 
0.0395766 -1.00004 
0.0404122 -0.970099 
0.041285 -0.940608 
0.0421948 -0.911575 
0.0431416 -0.883002 
0.0441254 -0.854891 
0.0451465 -0.827239 
0.0462054 -0.800047 
0.0473027 -0.77331 
0.0484391 -0.747027 
0.0496153 -0.721194 
0.0508322 -0.695807 
0.052091 -0.670863 
0.0533927 -0.646357 
0.0547386 -0.622287 
0.0561299 -0.59865 
0.0575679 -0.575441 
0.0590543 -0.552658 
0.0605904 -0.5303 
0.0621779 -0.508365 
0.0638184 -0.486852 
0.0655137 -0.46576 
0.0672656 -0.44509 
0.0690758 -0.424843 
0.0709462 -0.405022 
0.0728788 -0.38563 
0.0748753 -0.366672 
0.0769378 -0.348152 
0.079068 -0.330077 
0.081268 -0.312456 
0.0835394 -0.295298 
0.085884 -0.278614 
0.0883035 -0.262416 
0.0907993 -0.246718 
0.0933728 -0.231537 
0.0960251 -0.21689 
0.098757 -0.202795 
0.101569 -0.189276 
0.104461 -0.176355 
0.107434 -0.164058 
0.110485 -0.152412 
0.113615 -0.141446 
0.11682 -0.131194 
0.120098 -0.121687 
0.123445 -0.112961 
0.126856 -0.105054 
0.130326 -0.0980048 
0.133848 -0.0918523 
0.137414 -0.0866377 
0.141013 -0.0824025 
0.144635 -0.079188 
0.148267 -0.0770353 
0.151895 -0.0759841 
0.155503 -0.0760727 
0.159072 -0.0773364 
0.162585 -0.0798073 
0.166019 -0.0835134 
0.169354 -0.0884774 
0.172564 -0.094716 
0.175626 -0.102239 
0.178513 -0.11105 
0.181202 -0.121142 
0.183664 -0.132502 
0.185875 -0.145106 
0.187811 -0.158925 
0.189448 -0.173919 
0.190764 -0.190041 
0.19174 -0.20724 
0.192361 -0.225458 
0.192612 -0.244637 
0.192483 -0.264717 
0.191969 -0.285642 
0.191065 -0.307362 
0.189774 -0.329835 
0.188098 -0.353035 
0.186045 -0.376951 
0.183625 -0.401598 
0.18085 -0.427016 
0.177734 -0.453283 
0.174291 -0.480519 
0.170538 -0.508898 
0.166488 -0.538658 
0.162156 -0.570121 
0.157551 -0.603709 
0.152684 -0.639971 
0.147559 -0.679613 
0.142176 -0.723521 
0.136533 -0.772777 
0.130621 -0.82861 
0.124433 -0.892233 
0.117967 -0.964465 
0.111236 -1.04514 
0.104285 -1.13254 
0.0971987 -1.22336 
0.0900991 -1.31331 
0.0831331 -1.39818 
0.0764487 -1.4746 
0.0701742 -1.54036 
0.064405 -1.59442 
0.059199 -1.63663 
0.0545794 -1.66748 
0.0505405 -1.68787 
0.047056 -1.69891 
0.0440863 -1.70175 
0.0415843 -1.69754 
0.0395008 -1.68737 
0.0377873 -1.67221 
0.0363979 -1.65291 
0.0352909 -1.63024 
0.034429 -1.60483 
0.0337795 -1.57724 
0.0333139 -1.54792 
0.0330078 -1.51728 
0.0328404 -1.48563 
0.032794 -1.45324 
0.0328536 -1.42035 
0.0330067 -1.38714 
0.0332427 -1.35375 
0.0335528 -1.32033 
0.0339296 -1.28697 
0.034367 -1.25376 
0.0348598 -1.22077 
0.0354038 -1.18805 
0.0359957 -1.15566 
0.0366325 -1.12362 
0.0373121 -1.09196 
0.0380326 -1.06071 
0.0387927 -1.02989 
0.0395912 -0.999506 
0.0404274 -0.969569 
0.0413009 -0.940086 
0.0422114 -0.911062 
0.0431588 -0.882497 
0.0441433 -0.854394 
0.0451651 -0.826751 
0.0462247 -0.799566 
0.0473226 -0.772838 
0.0484597 -0.746563 
0.0496366 -0.720738 
0.0508543 -0.695359 
0.0521138 -0.670422 
0.0534163 -0.645925 
0.054763 -0.621862 
0.0561551 -0.598232 
0.057594 -0.575031 
0.0590812 -0.552256 
0.0606182 -0.529906 
0.0622066 -0.507978 
0.0638482 -0.486472 
0.0655444 -0.465388 
0.0672973 -0.444725 
0.0691086 -0.424486 
0.0709801 -0.404673 
0.0729138 -0.385289 
0.0749115 -0.366338 
0.0769751 -0.347826 
0.0791066 -0.329759 
0.0813078 -0.312146 
0.0835805 -0.294997 
0.0859265 -0.278321 
0.0883473 -0.262132 
0.0908445 -0.246443 
0.0934194 -0.231271 
0.0960731 -0.216634 
0.0988064 -0.202549 
0.10162 -0.189041 
0.104514 -0.17613 
0.107487 -0.163844 
0.11054 -0.15221 
0.113671 -0.141257 
0.116877 -0.131017 
0.120157 -0.121524 
0.123505 -0.112813 
0.126918 -0.104921 
0.130389 -0.0978872 
0.133912 -0.091751 
0.137478 -0.0865535 
0.141078 -0.0823361 
0.1447 -0.0791402 
0.148332 -0.0770068 
0.15196 -0.0759756 
0.155567 -0.0760848 
0.159136 -0.0773697 
0.162647 -0.0798625 
0.16608 -0.0835908 
0.169412 -0.0885773 
0.17262 -0.0948388 
0.175679 -0.102385 
0.178563 -0.111218 
0.181247 -0.121333 
0.183706 -0.132715 
0.185912 -0.145342 
0.187843 -0.159182 
0.189474 -0.174196 
0.190784 -0.190338 
0.191754 -0.207556 
0.192368 -0.225792 
0.192613 -0.244987 
0.192478 -0.265083 
0.191956 -0.286023 
0.191046 -0.307756 
0.189747 -0.330243 
0.188064 -0.353455 
0.186005 -0.377384 
0.183578 -0.402044 
0.180797 -0.427476 
0.177675 -0.453759 
0.174227 -0.481014 
0.170468 -0.509415 
0.166413 -0.539203 
0.162076 -0.5707 
0.157467 -0.60433 
0.152595 -0.640646 
0.147465 -0.680355 
0.142078 -0.724349 
0.13643 -0.773711 
0.130513 -0.829673 
0.12432 -0.893444 
0.117849 -0.965831 
0.111114 -1.04664 
0.10416 -1.13414 
0.0970719 -1.22498 
0.0899733 -1.31488 
0.0830111 -1.39963 
0.0763329 -1.47587 
0.0700667 -1.54143 
0.0643071 -1.59527 
0.0591115 -1.63727 
0.0545024 -1.66793 
0.0504737 -1.68815 
0.0469987 -1.69903 
0.0440377 -1.70173 
0.0415437 -1.69741 
0.0394672 -1.68714 
0.0377598 -1.6719 
0.0363758 -1.65254 
0.0352735 -1.62981 
0.0344157 -1.60435 
0.0337696 -1.57673 
0.0333071 -1.54739 
0.0330037 -1.51672 
0.0328386 -1.48505 
0.0327942 -1.45266 
0.0328556 -1.41976 
0.0330102 -1.38654 
0.0332476 -1.35316 
0.033559 -1.31974 
0.0339369 -1.28638 
0.0343753 -1.25317 
0.034869 -1.22019 
0.035414 -1.18747 
0.0360067 -1.15508 
0.0366443 -1.12305 
0.0373246 -1.0914 
0.0380458 -1.06016 
0.0388066 -1.02935 
0.0396058 -0.998969 
0.0404427 -0.96904 
0.0413168 -0.939565 
0.0422279 -0.910549 
0.043176 -0.881993 
0.0441611 -0.853897 
0.0451836 -0.826262 
0.0462439 -0.799086 
0.0473426 -0.772366 
0.0484803 -0.746099 
0.0496579 -0.720281 
0.0508764 -0.69491 
0.0521367 -0.669982 
0.0534399 -0.645492 
0.0547874 -0.621437 
0.0561803 -0.597815 
0.0576201 -0.574621 
0.0591081 -0.551854 
0.0606461 -0.529511 
0.0622354 -0.507591 
0.0638779 -0.486093 
0.0655752 -0.465016 
0.0673291 -0.444361 
0.0691414 -0.424129 
0.071014 -0.404324 
0.0729488 -0.384947 
0.0749477 -0.366004 
0.0770125 -0.3475 
0.0791452 -0.329441 
0.0813477 -0.311837 
0.0836217 -0.294695 
0.085969 -0.278028 
0.0883911 -0.261848 
0.0908897 -0.246168 
0.093466 -0.231006 
0.0961211 -0.216378 
0.0988558 -0.202304 
0.101671 -0.188805 
0.104566 -0.175906 
0.107541 -0.163631 
0.110595 -0.152009 
