0.0357377 0.182584 0.182584 1 1 0
0.0539054 0.182059 0.182059 1 1 0
0.0720665 0.181551 0.181551 1 1 0
0.0902208 0.181059 0.181059 1 1 0
0.108368 0.180584 0.180584 1 1 0
0.126508 0.180126 0.180126 1 1 0
0.14464 0.179686 0.179686 1 1 0
0.162764 0.179263 0.179263 1 1 0
0.180881 0.178857 0.178857 1 1 0
0.198989 0.178469 0.178469 1 1 0
0.217088 0.178099 0.178099 1 1 0
0.235178 0.177747 0.177747 1 1 0
0.253259 0.177413 0.177413 1 1 0
0.271331 0.177098 0.177098 1 1 0
0.289393 0.176801 0.176801 1 1 0
0.307445 0.176523 0.176523 1 1 0
0.325487 0.176264 0.176264 1 1 0
0.343518 0.176024 0.176024 1 1 0
0.361539 0.175803 0.175803 1 1 0
0.379549 0.175602 0.175602 1 1 0
0.397547 0.17542 0.17542 1 1 0
0.415534 0.175258 0.175258 1 1 0
0.433509 0.175116 0.175116 1 1 0
0.451472 0.174995 0.174995 1 1 0
0.469422 0.174894 0.174894 1 1 0
0.487361 0.174814 0.174814 1 1 0
0.505286 0.174754 0.174754 1 1 0
0.523199 0.174715 0.174715 1 1 0
0.541098 0.174698 0.174698 1 1 0
0.558984 0.174702 0.174702 1 1 0
0.576407 0.174727 0.174727 1 1 0
0.594266 0.174774 0.174774 2 1 0
0.612111 0.174843 0.174843 2 1 0
0.629942 0.174934 0.174934 2 1 0
0.647758 0.175048 0.175048 2 1 0
0.665561 0.175184 0.175184 2 1 0
0.683348 0.175343 0.175343 2 1 0
0.701121 0.175524 0.175524 2 1 0
0.718879 0.175729 0.175729 2 1 0
0.736623 0.175957 0.175957 2 1 0
0.754351 0.176209 0.176209 2 1 0
0.772064 0.176484 0.176484 2 1 0
0.789762 0.176782 0.176782 2 1 0
0.807445 0.177105 0.177105 2 1 0
0.825113 0.177451 0.177451 2 1 0
0.842765 0.177822 0.177822 2 1 0
0.860402 0.178217 0.178217 2 1 0
0.878025 0.178636 0.178636 2 1 0
0.895632 0.17908 0.17908 2 1 0
0.913224 0.179548 0.179548 2 1 0
0.930801 0.18004 0.18004 2 1 0
0.948363 0.180558 0.180558 2 1 0
0.965911 0.1811 0.1811 2 1 0
0.983444 0.181667 0.181667 2 1 0
1.00096 0.182259 0.182259 2 1 0
1.01847 0.182876 0.182876 2 1 0
1.03596 0.183517 0.183517 2 1 0
1.05343 0.184184 0.184184 2 1 0
1.0709 0.184875 0.184875 2 1 0
1.08834 0.185591 0.185591 2 1 0
1.10578 0.186332 0.186332 2 1 0
1.1232 0.187098 0.187098 2 1 0
1.14061 0.187889 0.187889 2 1 0
1.15801 0.188704 0.188704 2 1 0
1.1754 0.189544 0.189544 2 1 0
1.19277 0.190408 0.190408 2 1 0
1.21014 0.191297 0.191297 2 1 0
1.22749 0.19221 0.19221 2 1 0
1.24483 0.193147 0.193147 2 1 0
1.26216 0.194109 0.194109 2 1 0
1.27948 0.195094 0.195094 2 1 0
1.29679 0.196103 0.196103 2 1 0
1.31409 0.197135 0.197135 2 1 0
1.33138 0.198191 0.198191 2 1 0
1.34867 0.19927 0.19927 2 1 0
1.36594 0.200372 0.200372 2 1 0
1.38321 0.201497 0.201497 2 1 0
1.40047 0.202644 0.202644 2 1 0
1.41773 0.203814 0.203814 2 1 0
1.43497 0.205006 0.205006 2 1 0
1.45221 0.20622 0.20622 2 1 0
1.46945 0.207456 0.207456 2 1 0
1.48668 0.208713 0.208713 2 1 0
1.5039 0.209992 0.209992 2 1 0
1.52112 0.211291 0.211291 2 1 0
1.53833 0.212611 0.212611 2 1 0
1.55554 0.213951 0.213951 2 1 0
1.57275 0.215312 0.215312 2 1 0
1.58995 0.216692 0.216692 2 1 0
1.60715 0.218093 0.218093 2 1 0
1.62434 0.219512 0.219512 2 1 0
1.64154 0.220951 0.220951 2 1 0
1.65873 0.222408 0.222408 2 1 0
1.67592 0.223884 0.223884 2 1 0
1.6931 0.225379 0.225379 2 1 0
1.71029 0.226891 0.226891 2 1 0
1.72747 0.228421 0.228421 2 1 0
1.74466 0.229969 0.229969 2 1 0
1.76184 0.231533 0.231533 2 1 0
1.77902 0.233115 0.233115 2 1 0
1.7962 0.234713 0.234713 2 1 0
1.81338 0.236328 0.236328 2 1 0
1.83056 0.237959 0.237959 2 1 0
1.84774 0.239606 0.239606 2 1 0
1.86492 0.241268 0.241268 2 1 0
1.88211 0.242946 0.242946 2 1 0
1.89929 0.244638 0.244638 2 1 0
1.91647 0.246346 0.246346 2 1 0
1.93366 0.248068 0.248068 2 1 0
1.95084 0.249805 0.249805 2 1 0
1.96803 0.251555 0.251555 2 1 0
1.98522 0.253319 0.253319 2 1 0
2.00241 0.255097 0.255097 2 1 0
2.0196 0.256889 0.256889 2 1 0
2.03679 0.258693 0.258693 2 1 0
2.05399 0.260511 0.260511 2 1 0
2.07118 0.262341 0.262341 2 1 0
2.08838 0.264184 0.264184 2 1 0
2.10559 0.266038 0.266038 2 1 0
2.12279 0.267905 0.267905 2 1 0
2.13999 0.269784 0.269784 2 1 0
2.1572 0.271674 0.271674 2 1 0
2.17441 0.273576 0.273576 2 1 0
2.19163 0.275489 0.275489 2 1 0
2.20884 0.277413 0.277413 2 1 0
2.22606 0.279348 0.279348 2 1 0
2.24328 0.281293 0.281293 2 1 0
2.2605 0.283249 0.283249 2 1 0
2.27773 0.285215 0.285215 2 1 0
2.29496 0.287192 0.287192 2 1 0
2.31219 0.289178 0.289178 2 1 0
2.32942 0.291174 0.291174 2 1 0
2.34666 0.293179 0.293179 2 1 0
2.3639 0.295194 0.295194 2 1 0
2.38114 0.297219 0.297219 2 1 0
2.39838 0.299252 0.299252 2 1 0
2.41563 0.301294 0.301294 2 1 0
2.43288 0.303345 0.303345 2 1 0
2.45013 0.305405 0.305405 2 1 0
2.46739 0.307473 0.307473 2 1 0
2.48465 0.30955 0.30955 2 1 0
2.50191 0.311634 0.311634 2 1 0
2.51917 0.313727 0.313727 2 1 0
2.53644 0.315828 0.315828 2 1 0
2.55371 0.317937 0.317937 2 1 0
2.57098 0.320053 0.320053 2 1 0
2.58825 0.322177 0.322177 2 1 0
2.60553 0.324308 0.324308 2 1 0
2.62281 0.326446 0.326446 2 1 0
2.6401 0.328592 0.328592 2 1 0
2.65738 0.330745 0.330745 2 1 0
2.67467 0.332905 0.332905 2 1 0
2.69196 0.335071 0.335071 2 1 0
2.70925 0.337245 0.337245 2 1 0
2.72655 0.339424 0.339424 2 1 0
2.74385 0.341611 0.341611 2 1 0
2.76115 0.343804 0.343804 2 1 0
2.77845 0.346003 0.346003 2 1 0
2.79576 0.348208 0.348208 2 1 0
2.81307 0.35042 0.35042 2 1 0
2.83038 0.352637 0.352637 2 1 0
2.84769 0.354861 0.354861 2 1 0
2.86501 0.35709 0.35709 2 1 0
2.88233 0.359325 0.359325 2 1 0
2.89965 0.361566 0.361566 2 1 0
2.91697 0.363812 0.363812 2 1 0
2.9343 0.366064 0.366064 2 1 0
2.95163 0.368321 0.368321 2 1 0
2.96896 0.370584 0.370584 2 1 0
2.98629 0.372851 0.372851 2 1 0
3.00362 0.375124 0.375124 2 1 0
3.02096 0.377402 0.377402 2 1 0
3.0383 0.379685 0.379685 2 1 0
3.05564 0.381973 0.381973 2 1 0
3.07298 0.384266 0.384266 2 1 0
3.09033 0.386564 0.386564 2 1 0
3.10768 0.388866 0.388866 2 1 0
3.12503 0.391173 0.391173 2 1 0
3.14238 0.393485 0.393485 2 1 0
3.15973 0.395801 0.395801 2 1 0
3.17709 0.398122 0.398122 2 1 0
3.19445 0.400447 0.400447 2 1 0
3.21181 0.402776 0.402776 2 1 0
3.22917 0.40511 0.40511 2 1 0
3.24653 0.407448 0.407448 2 1 0
3.2639 0.40979 0.40979 2 1 0
3.28126 0.412136 0.412136 2 1 0
3.29863 0.414486 0.414486 2 1 0
3.316 0.41684 0.41684 2 1 0
3.33338 0.419198 0.419198 2 1 0
3.35075 0.42156 0.42156 2 1 0
3.36813 0.423926 0.423926 2 1 0
3.38551 0.426296 0.426296 2 1 0
3.40289 0.428669 0.428669 2 1 0
3.42027 0.431046 0.431046 2 1 0
3.43765 0.433427 0.433427 2 1 0
3.45503 0.435811 0.435811 2 1 0
3.47242 0.438199 0.438199 2 1 0
3.48981 0.44059 0.44059 2 1 0
3.5072 0.442985 0.442985 2 1 0
3.52459 0.445383 0.445383 2 1 0
3.54198 0.447785 0.447785 2 1 0
3.55938 0.45019 0.45019 2 1 0
3.57677 0.452598 0.452598 2 1 0
3.59417 0.455009 0.455009 2 1 0
3.61157 0.457424 0.457424 2 1 0
3.62897 0.459841 0.459841 2 1 0
3.64637 0.462262 0.462262 2 1 0
3.66377 0.464686 0.464686 2 1 0
3.68118 0.467113 0.467113 2 1 0
3.69858 0.469543 0.469543 2 1 0
3.71599 0.471975 0.471975 2 1 0
3.7334 0.474411 0.474411 2 1 0
3.75081 0.47685 0.47685 2 1 0
3.76822 0.479291 0.479291 2 1 0
3.78563 0.481736 0.481736 2 1 0
3.80305 0.484183 0.484183 2 1 0
3.82046 0.486632 0.486632 2 1 0
3.83788 0.489085 0.489085 2 1 0
3.8553 0.49154 0.49154 2 1 0
3.87272 0.493998 0.493998 2 1 0
3.89014 0.496459 0.496459 2 1 0
3.90756 0.498922 0.498922 2 1 0
3.92498 0.501387 0.501387 2 1 0
3.9424 0.503856 0.503856 2 1 0
3.95983 0.506326 0.506326 2 1 0
3.97725 0.508799 0.508799 2 1 0
3.99468 0.511275 0.511275 2 1 0
4.01211 0.513753 0.513753 2 1 0
4.02954 0.516233 0.516233 2 1 0
4.04697 0.518716 0.518716 2 1 0
4.0644 0.521201 0.521201 2 1 0
4.08183 0.523689 0.523689 2 1 0
4.09926 0.526178 0.526178 2 1 0
4.1167 0.52867 0.52867 2 1 0
4.13413 0.531164 0.531164 2 1 0
4.15157 0.533661 0.533661 2 1 0
4.16901 0.536159 0.536159 2 1 0
4.16901 0.536159 0.536159 1 1 0
4.18675 0.537348 0.537348 1 1 0
4.20465 0.537229 0.537229 1 1 0
4.22254 0.537098 0.537098 1 1 0
4.24044 0.536957 0.536957 1 1 0
4.25834 0.536804 0.536804 1 1 0
4.27624 0.53664 0.53664 1 1 0
4.29414 0.536466 0.536466 1 1 0
4.31203 0.53628 0.53628 1 1 0
4.32993 0.536084 0.536084 1 1 0
4.34784 0.535876 0.535876 1 1 0
4.36574 0.535657 0.535657 1 1 0
4.38364 0.535428 0.535428 1 1 0
4.40154 0.535187 0.535187 1 1 0
4.41944 0.534935 0.534935 1 1 0
4.43735 0.534672 0.534672 1 1 0
4.45525 0.534398 0.534398 1 1 0
4.47315 0.534113 0.534113 1 1 0
4.49106 0.533817 0.533817 1 1 0
4.50896 0.53351 0.53351 1 1 0
4.52687 0.533191 0.533191 1 1 0
4.54477 0.532861 0.532861 1 1 0
4.56268 0.532521 0.532521 1 1 0
4.58059 0.532169 0.532169 1 1 0
4.59849 0.531805 0.531805 1 1 0
4.6164 0.531431 0.531431 1 1 0
4.63431 0.531045 0.531045 1 1 0
4.65222 0.530648 0.530648 1 1 0
4.67013 0.53024 0.53024 1 1 0
4.68803 0.52982 0.52982 1 1 0
4.70594 0.529389 0.529389 1 1 0
4.72385 0.528947 0.528947 1 1 0
4.74176 0.528494 0.528494 1 1 0
4.75967 0.528029 0.528029 1 1 0
4.77759 0.527552 0.527552 1 1 0
4.7955 0.527064 0.527064 1 1 0
4.81341 0.526565 0.526565 1 1 0
4.83132 0.526054 0.526054 1 1 0
4.84923 0.525532 0.525532 1 1 0
4.86715 0.524998 0.524998 1 1 0
4.88506 0.524453 0.524453 1 1 0
4.90297 0.523896 0.523896 1 1 0
4.92089 0.523328 0.523328 1 1 0
4.9388 0.522747 0.522747 1 1 0
4.95671 0.522156 0.522156 1 1 0
4.97463 0.521552 0.521552 1 1 0
4.99254 0.520937 0.520937 1 1 0
5.01046 0.52031 0.52031 1 1 0
5.02837 0.519671 0.519671 1 1 0
5.04629 0.519021 0.519021 1 1 0
5.0642 0.518358 0.518358 1 1 0
5.08212 0.517684 0.517684 1 1 0
5.10004 0.516998 0.516998 1 1 0
5.11795 0.5163 0.5163 1 1 0
5.13587 0.51559 0.51559 1 1 0
5.15379 0.514868 0.514868 1 1 0
5.1717 0.514134 0.514134 1 1 0
5.18962 0.513388 0.513388 1 1 0
5.20754 0.512629 0.512629 1 1 0
5.22545 0.511859 0.511859 1 1 0
5.24337 0.511076 0.511076 1 1 0
5.26129 0.510281 0.510281 1 1 0
5.27921 0.509474 0.509474 1 1 0
5.29713 0.508655 0.508655 1 1 0
5.31505 0.507823 0.507823 1 1 0
5.33297 0.506978 0.506978 1 1 0
5.35088 0.506122 0.506122 1 1 0
5.3688 0.505253 0.505253 1 1 0
5.38672 0.504371 0.504371 1 1 0
5.40464 0.503477 0.503477 1 1 0
5.42256 0.50257 0.50257 1 1 0
5.44048 0.50165 0.50165 1 1 0
5.4584 0.500718 0.500718 1 1 0
5.47632 0.499772 0.499772 1 1 0
5.49424 0.498814 0.498814 1 1 0
5.51216 0.497844 0.497844 1 1 0
5.53008 0.49686 0.49686 1 1 0
5.548 0.495863 0.495863 1 1 0
5.56592 0.494853 0.494853 1 1 0
5.58385 0.49383 0.49383 1 1 0
5.60177 0.492794 0.492794 1 1 0
5.61969 0.491745 0.491745 1 1 0
5.63761 0.490682 0.490682 1 1 0
5.65553 0.489607 0.489607 1 1 0
5.67345 0.488517 0.488517 1 1 0
5.69137 0.487415 0.487415 1 1 0
5.7093 0.486298 0.486298 1 1 0
5.72722 0.485169 0.485169 1 1 0
5.74514 0.484025 0.484025 1 1 0
5.76306 0.482868 0.482868 1 1 0
5.78098 0.481697 0.481697 1 1 0
5.79891 0.480512 0.480512 1 1 0
5.81683 0.479313 0.479313 1 1 0
5.83475 0.4781 0.4781 1 1 0
5.85267 0.476874 0.476874 1 1 0
5.8706 0.475633 0.475633 1 1 0
5.88852 0.474377 0.474377 1 1 0
5.90644 0.473108 0.473108 1 1 0
5.92437 0.471824 0.471824 1 1 0
5.94229 0.470525 0.470525 1 1 0
5.96021 0.469213 0.469213 1 1 0
5.97814 0.467885 0.467885 1 1 0
5.99606 0.466543 0.466543 1 1 0
6.01398 0.465186 0.465186 1 1 0
6.03191 0.463814 0.463814 1 1 0
6.04983 0.462427 0.462427 1 1 0
6.06776 0.461025 0.461025 1 1 0
6.08568 0.459608 0.459608 1 1 0
6.1036 0.458175 0.458175 1 1 0
6.12153 0.456727 0.456727 1 1 0
6.13945 0.455264 0.455264 1 1 0
6.15738 0.453785 0.453785 1 1 0
6.1753 0.452291 0.452291 1 1 0
6.19323 0.45078 0.45078 1 1 0
6.21116 0.449254 0.449254 1 1 0
6.22908 0.447712 0.447712 1 1 0
6.24701 0.446154 0.446154 1 1 0
6.26493 0.444579 0.444579 1 1 0
6.28286 0.442989 0.442989 1 1 0
6.30079 0.441381 0.441381 1 1 0
6.31871 0.439757 0.439757 1 1 0
6.33664 0.438117 0.438117 1 1 0
6.35457 0.43646 0.43646 1 1 0
6.3725 0.434785 0.434785 1 1 0
6.39043 0.433094 0.433094 1 1 0
6.40836 0.431385 0.431385 1 1 0
6.42628 0.429659 0.429659 1 1 0
6.44421 0.427916 0.427916 1 1 0
6.46214 0.426155 0.426155 1 1 0
6.48007 0.424376 0.424376 1 1 0
6.49801 0.422579 0.422579 1 1 0
6.51594 0.420764 0.420764 1 1 0
6.53387 0.418931 0.418931 1 1 0
6.5518 0.417079 0.417079 1 1 0
6.56973 0.415209 0.415209 1 1 0
6.58767 0.41332 0.41332 1 1 0
6.6056 0.411412 0.411412 1 1 0
6.62354 0.409485 0.409485 1 1 0
6.64147 0.407539 0.407539 1 1 0
6.65941 0.405574 0.405574 1 1 0
6.67734 0.403589 0.403589 1 1 0
6.69528 0.401584 0.401584 1 1 0
6.71322 0.399559 0.399559 1 1 0
6.73116 0.397513 0.397513 1 1 0
6.7491 0.395448 0.395448 1 1 0
6.76704 0.393361 0.393361 1 1 0
6.78499 0.391254 0.391254 1 1 0
6.80293 0.389126 0.389126 1 1 0
6.82087 0.386977 0.386977 1 1 0
6.83882 0.384806 0.384806 1 1 0
6.85677 0.382613 0.382613 1 1 0
6.87472 0.380398 0.380398 1 1 0
6.89267 0.378162 0.378162 1 1 0
6.91062 0.375902 0.375902 1 1 0
6.92857 0.37362 0.37362 1 1 0
6.94653 0.371315 0.371315 1 1 0
6.96449 0.368986 0.368986 1 1 0
6.98244 0.366634 0.366634 1 1 0
7.00041 0.364258 0.364258 1 1 0
7.01837 0.361858 0.361858 1 1 0
7.03633 0.359434 0.359434 1 1 0
7.0543 0.356984 0.356984 1 1 0
7.07227 0.35451 0.35451 1 1 0
7.09024 0.35201 0.35201 1 1 0
7.10822 0.349485 0.349485 1 1 0
7.1262 0.346933 0.346933 1 1 0
7.14418 0.344355 0.344355 1 1 0
7.16217 0.34175 0.34175 1 1 0
7.18015 0.339117 0.339117 1 1 0
7.19815 0.336457 0.336457 1 1 0
7.21614 0.33377 0.33377 1 1 0
7.23414 0.331053 0.331053 1 1 0
7.25215 0.328308 0.328308 1 1 0
7.27015 0.325533 0.325533 1 1 0
7.28817 0.322729 0.322729 1 1 0
7.30619 0.319895 0.319895 1 1 0
7.32421 0.317029 0.317029 1 1 0
7.34224 0.314133 0.314133 1 1 0
7.36028 0.311205 0.311205 1 1 0
7.37832 0.308245 0.308245 1 1 0
7.39637 0.305252 0.305252 1 1 0
7.41442 0.302225 0.302225 1 1 0
7.43248 0.299165 0.299165 1 1 0
7.45056 0.29607 0.29607 1 1 0
7.46864 0.29294 0.29294 1 1 0
7.48672 0.289774 0.289774 1 1 0
7.50482 0.286572 0.286572 1 1 0
7.52293 0.283333 0.283333 1 1 0
7.54105 0.280056 0.280056 1 1 0
7.55918 0.27674 0.27674 1 1 0
7.57732 0.273386 0.273386 1 1 0
7.59548 0.269991 0.269991 1 1 0
7.61365 0.266556 0.266556 1 1 0
7.63183 0.263079 0.263079 1 1 0
7.65003 0.259559 0.259559 1 1 0
7.66824 0.255997 0.255997 1 1 0
7.68647 0.252391 0.252391 1 1 0
7.70472 0.248739 0.248739 1 1 0
7.72299 0.245043 0.245043 1 1 0
7.74128 0.241299 0.241299 1 1 0
7.75959 0.237508 0.237508 1 1 0
7.77793 0.233669 0.233669 1 1 0
7.79629 0.229781 0.229781 1 1 0
7.81467 0.225842 0.225842 1 1 0
7.83308 0.221854 0.221854 1 1 0
7.85152 0.217813 0.217813 1 1 0
7.86999 0.213721 0.213721 1 1 0
7.8885 0.209576 0.209576 1 1 0
7.90703 0.205379 0.205379 1 1 0
7.9256 0.201129 0.201129 1 1 0
7.94421 0.196826 0.196826 1 1 0
7.96285 0.192471 0.192471 1 1 0
7.98152 0.188064 0.188064 1 1 0
8.00024 0.183607 0.183607 1 1 0
8.01899 0.179103 0.179103 1 1 0
8.03777 0.174553 0.174553 1 1 0
8.05658 0.169962 0.169962 1 1 0
8.07542 0.165335 0.165335 1 1 0
8.09428 0.160678 0.160678 1 1 0
8.11314 0.156 0.156 1 1 0
8.13201 0.151309 0.151309 1 1 0
8.15087 0.146616 0.146616 1 1 0
8.16969 0.141936 0.141936 1 1 0
8.18847 0.137283 0.137283 1 1 0
8.20718 0.132673 0.132673 1 1 0
8.2258 0.128126 0.128126 1 1 0
8.2443 0.123659 0.123659 1 1 0
8.26267 0.119291 0.119291 1 1 0
8.28088 0.11504 0.11504 1 1 0
8.29891 0.110923 0.110923 1 1 0
8.31676 0.106951 0.106951 1 1 0
8.33442 0.103135 0.103135 1 1 0
8.35189 0.0994837 0.0994837 1 1 0
8.36917 0.0959996 0.0959996 1 1 0
8.38629 0.0926832 0.0926832 1 1 0
8.40324 0.0895342 0.0895342 1 1 0
8.42005 0.0865491 0.0865491 1 1 0
8.43674 0.0837226 0.0837226 1 1 0
8.45332 0.0810485 0.0810485 1 1 0
8.46983 0.0785196 0.0785196 1 1 0
8.48627 0.0761284 0.0761284 1 1 0
8.50266 0.0738672 0.0738672 1 1 0
8.51903 0.0717284 0.0717284 1 1 0
8.53539 0.0697046 0.0697046 1 1 0
8.55175 0.0677884 0.0677884 1 1 0
8.56812 0.0659731 0.0659731 1 1 0
8.58452 0.0642521 0.0642521 1 1 0
8.60096 0.0626194 0.0626194 1 1 0
8.61744 0.0610691 0.0610691 1 1 0
8.63398 0.059596 0.059596 1 1 0
8.65057 0.058195 0.058195 1 1 0
8.66722 0.0568615 0.0568615 1 1 0
8.68394 0.0555911 0.0555911 1 1 0
8.70073 0.0543799 0.0543799 1 1 0
8.71759 0.0532241 0.0532241 1 1 0
8.73452 0.0521204 0.0521204 1 1 0
8.75152 0.0510654 0.0510654 1 1 0
8.7686 0.0500563 0.0500563 1 1 0
8.78575 0.0490902 0.0490902 1 1 0
8.80298 0.0481647 0.0481647 1 1 0
8.82028 0.0472773 0.0472773 1 1 0
8.83765 0.0464259 0.0464259 1 1 0
8.8551 0.0456083 0.0456083 1 1 0
8.87262 0.0448227 0.0448227 1 1 0
8.8902 0.0440673 0.0440673 1 1 0
8.90785 0.0433404 0.0433404 1 1 0
8.92557 0.0426405 0.0426405 1 1 0
8.94336 0.0419662 0.0419662 1 1 0
8.96121 0.041316 0.041316 1 1 0
8.97912 0.0406888 0.0406888 1 1 0
8.99709 0.0400834 0.0400834 1 1 0
9.01511 0.0394986 0.0394986 1 1 0
9.0332 0.0389334 0.0389334 1 1 0
9.05134 0.0383869 0.0383869 1 1 0
9.06953 0.0378582 0.0378582 1 1 0
9.08777 0.0373463 0.0373463 1 1 0
9.10607 0.0368505 0.0368505 1 1 0
9.12441 0.0363701 0.0363701 1 1 0
9.1428 0.0359043 0.0359043 1 1 0
9.16123 0.0354525 0.0354525 1 1 0
9.17971 0.035014 0.035014 1 1 0
9.19823 0.0345883 0.0345883 1 1 0
9.2168 0.0341747 0.0341747 1 1 0
9.2354 0.0337728 0.0337728 1 1 0
9.25404 0.0333821 0.0333821 1 1 0
9.27272 0.0330021 0.0330021 1 1 0
9.29143 0.0326323 0.0326323 1 1 0
9.31018 0.0322724 0.0322724 1 1 0
9.32896 0.0319219 0.0319219 1 1 0
9.34778 0.0315804 0.0315804 1 1 0
9.36663 0.0312476 0.0312476 1 1 0
9.3855 0.0309232 0.0309232 1 1 0
9.40441 0.0306068 0.0306068 1 1 0
9.42334 0.0302982 0.0302982 1 1 0
9.44231 0.0299969 0.0299969 1 1 0
9.4613 0.0297029 0.0297029 1 1 0
9.48031 0.0294157 0.0294157 1 1 0
9.49935 0.0291352 0.0291352 1 1 0
9.51842 0.0288611 0.0288611 1 1 0
9.5375 0.0285931 0.0285931 1 1 0
9.55662 0.0283311 0.0283311 1 1 0
9.57575 0.0280749 0.0280749 1 1 0
9.5949 0.0278242 0.0278242 1 1 0
9.61408 0.0275789 0.0275789 1 1 0
9.63327 0.0273388 0.0273388 1 1 0
9.65249 0.0271037 0.0271037 1 1 0
9.67172 0.0268734 0.0268734 1 1 0
9.69097 0.0266479 0.0266479 1 1 0
9.71024 0.0264269 0.0264269 1 1 0
9.72952 0.0262103 0.0262103 1 1 0
9.74883 0.0259979 0.0259979 1 1 0
9.76815 0.0257897 0.0257897 1 1 0
9.78748 0.0255855 0.0255855 1 1 0
9.80683 0.0253852 0.0253852 1 1 0
9.82619 0.0251886 0.0251886 1 1 0
9.84557 0.0249957 0.0249957 1 1 0
9.86496 0.0248063 0.0248063 1 1 0
9.88437 0.0246204 0.0246204 1 1 0
9.90379 0.0244378 0.0244378 1 1 0
9.92322 0.0242585 0.0242585 1 1 0
9.94266 0.0240823 0.0240823 1 1 0
9.96212 0.0239092 0.0239092 1 1 0
9.98159 0.023739 0.023739 1 1 0
10.0011 0.0235718 0.0235718 1 1 0
10.0206 0.0234074 0.0234074 1 1 0
10.0401 0.0232457 0.0232457 1 1 0
10.0596 0.0230867 0.0230867 1 1 0
10.0791 0.0229303 0.0229303 1 1 0
10.0986 0.0227765 0.0227765 1 1 0
10.1182 0.0226251 0.0226251 1 1 0
10.1377 0.0224761 0.0224761 1 1 0
10.1573 0.0223294 0.0223294 1 1 0
10.1768 0.0221851 0.0221851 1 1 0
10.1964 0.0220429 0.0220429 1 1 0
10.216 0.021903 0.021903 1 1 0
10.2356 0.0217651 0.0217651 1 1 0
10.2552 0.0216294 0.0216294 1 1 0
10.2748 0.0214956 0.0214956 1 1 0
10.2944 0.0213638 0.0213638 1 1 0
10.314 0.021234 0.021234 1 1 0
10.3337 0.021106 0.021106 1 1 0
10.3533 0.0209798 0.0209798 1 1 0
10.373 0.0208555 0.0208555 1 1 0
10.3926 0.0207328 0.0207328 1 1 0
10.4123 0.020612 0.020612 1 1 0
10.4319 0.0204927 0.0204927 1 1 0
10.4516 0.0203751 0.0203751 1 1 0
10.4713 0.0202592 0.0202592 1 1 0
10.491 0.0201447 0.0201447 1 1 0
10.5106 0.0200318 0.0200318 1 1 0
10.5303 0.0199204 0.0199204 1 1 0
10.55 0.0198105 0.0198105 1 1 0
10.5697 0.019702 0.019702 1 1 0
10.5895 0.0195949 0.0195949 1 1 0
10.6092 0.0194892 0.0194892 1 1 0
10.6289 0.0193848 0.0193848 1 1 0
10.6486 0.0192818 0.0192818 1 1 0
10.6683 0.01918 0.01918 1 1 0
10.6881 0.0190795 0.0190795 1 1 0
10.7078 0.0189802 0.0189802 1 1 0
10.7276 0.0188822 0.0188822 1 1 0
10.7473 0.0187854 0.0187854 1 1 0
10.7473 0.0187854 0.0187854 1 1 0
10.7868 0.0185951 0.0185951 1 1 0
10.8066 0.0185017 0.0185017 1 1 0
10.8263 0.0184094 0.0184094 1 1 0
10.8461 0.0183182 0.0183182 1 1 0
10.8659 0.018228 0.018228 1 1 0
10.8857 0.0181389 0.0181389 1 1 0
10.9054 0.0180507 0.0180507 1 1 0
10.9252 0.0179636 0.0179636 1 1 0
10.945 0.0178775 0.0178775 1 1 0
10.9648 0.0177923 0.0177923 1 1 0
10.9846 0.0177081 0.0177081 1 1 0
11.0044 0.0176248 0.0176248 1 1 0
11.0242 0.0175425 0.0175425 1 1 0
11.044 0.017461 0.017461 1 1 0
11.0638 0.0173804 0.0173804 1 1 0
11.0836 0.0173007 0.0173007 1 1 0
11.1034 0.0172218 0.0172218 1 1 0
11.1232 0.0171438 0.0171438 1 1 0
11.1431 0.0170665 0.0170665 1 1 0
11.1629 0.0169901 0.0169901 1 1 0
11.1827 0.0169145 0.0169145 1 1 0
11.2025 0.0168397 0.0168397 1 1 0
11.2223 0.0167656 0.0167656 1 1 0
11.2422 0.0166923 0.0166923 1 1 0
11.262 0.0166198 0.0166198 1 1 0
11.2818 0.0165479 0.0165479 1 1 0
11.3017 0.0164768 0.0164768 1 1 0
11.3215 0.0164064 0.0164064 1 1 0
11.3414 0.0163367 0.0163367 1 1 0
11.3612 0.0162676 0.0162676 1 1 0
11.3811 0.0161993 0.0161993 1 1 0
11.4009 0.0161316 0.0161316 1 1 0
11.4208 0.0160646 0.0160646 1 1 0
11.4406 0.0159982 0.0159982 1 1 0
11.4605 0.0159324 0.0159324 1 1 0
11.4803 0.0158673 0.0158673 1 1 0
11.5002 0.0158027 0.0158027 1 1 0
11.5201 0.0157388 0.0157388 1 1 0
11.5399 0.0156755 0.0156755 1 1 0
11.5598 0.0156127 0.0156127 1 1 0
11.5797 0.0155505 0.0155505 1 1 0
11.5995 0.0154889 0.0154889 1 1 0
11.6194 0.0154279 0.0154279 1 1 0
11.6393 0.0153674 0.0153674 1 1 0
11.6591 0.0153075 0.0153075 1 1 0
11.679 0.0152481 0.0152481 1 1 0
11.6989 0.0151892 0.0151892 1 1 0
11.7188 0.0151308 0.0151308 1 1 0
11.7387 0.015073 0.015073 1 1 0
11.7585 0.0150156 0.0150156 1 1 0
11.7784 0.0149588 0.0149588 1 1 0
11.7983 0.0149024 0.0149024 1 1 0
11.8182 0.0148465 0.0148465 1 1 0
11.8381 0.0147912 0.0147912 1 1 0
11.858 0.0147362 0.0147362 1 1 0
11.8779 0.0146818 0.0146818 1 1 0
11.8978 0.0146278 0.0146278 1 1 0
11.9177 0.0145742 0.0145742 1 1 0
11.9376 0.0145211 0.0145211 1 1 0
11.9575 0.0144685 0.0144685 1 1 0
11.9774 0.0144162 0.0144162 1 1 0
11.9973 0.0143644 0.0143644 1 1 0
12.0172 0.0143131 0.0143131 1 1 0
12.0371 0.0142621 0.0142621 1 1 0
12.057 0.0142116 0.0142116 1 1 0
12.0769 0.0141614 0.0141614 1 1 0
12.0968 0.0141117 0.0141117 1 1 0
12.1167 0.0140623 0.0140623 1 1 0
12.1366 0.0140134 0.0140134 1 1 0
12.1565 0.0139648 0.0139648 1 1 0
12.1764 0.0139166 0.0139166 1 1 0
12.1963 0.0138688 0.0138688 1 1 0
12.2162 0.0138214 0.0138214 1 1 0
12.2362 0.0137743 0.0137743 1 1 0
12.2561 0.0137276 0.0137276 1 1 0
12.276 0.0136812 0.0136812 1 1 0
12.2959 0.0136352 0.0136352 1 1 0
12.3158 0.0135896 0.0135896 1 1 0
12.3357 0.0135443 0.0135443 1 1 0
12.3557 0.0134993 0.0134993 1 1 0
12.3756 0.0134547 0.0134547 1 1 0
12.3955 0.0134104 0.0134104 1 1 0
12.4154 0.0133664 0.0133664 1 1 0
12.4354 0.0133227 0.0133227 1 1 0
12.4553 0.0132794 0.0132794 1 1 0
12.4752 0.0132364 0.0132364 1 1 0
12.4951 0.0131937 0.0131937 1 1 0
12.5151 0.0131513 0.0131513 1 1 0
12.535 0.0131092 0.0131092 1 1 0
12.5549 0.0130674 0.0130674 1 1 0
12.5748 0.013026 0.013026 1 1 0
12.5948 0.0129848 0.0129848 1 1 0
12.6147 0.0129439 0.0129439 1 1 0
12.6346 0.0129033 0.0129033 1 1 0
12.6546 0.0128629 0.0128629 1 1 0
12.6745 0.0128229 0.0128229 1 1 0
12.6944 0.0127831 0.0127831 1 1 0
12.7144 0.0127436 0.0127436 1 1 0
12.7343 0.0127044 0.0127044 1 1 0
12.7543 0.0126655 0.0126655 1 1 0
12.7742 0.0126268 0.0126268 1 1 0
12.7941 0.0125884 0.0125884 1 1 0
12.8141 0.0125502 0.0125502 1 1 0
12.834 0.0125123 0.0125123 1 1 0
12.8539 0.0124747 0.0124747 1 1 0
12.8739 0.0124373 0.0124373 1 1 0
12.8938 0.0124002 0.0124002 1 1 0
12.9138 0.0123633 0.0123633 1 1 0
12.9337 0.0123266 0.0123266 1 1 0
12.9537 0.0122902 0.0122902 1 1 0
12.9736 0.012254 0.012254 1 1 0
12.9935 0.0122181 0.0122181 1 1 0
13.0135 0.0121824 0.0121824 1 1 0
13.0334 0.0121469 0.0121469 1 1 0
13.0534 0.0121117 0.0121117 1 1 0
13.0733 0.0120767 0.0120767 1 1 0
13.0933 0.0120419 0.0120419 1 1 0
13.1132 0.0120073 0.0120073 1 1 0
13.1332 0.011973 0.011973 1 1 0
13.1531 0.0119388 0.0119388 1 1 0
13.1731 0.0119049 0.0119049 1 1 0
13.193 0.0118712 0.0118712 1 1 0
13.213 0.0118377 0.0118377 1 1 0
13.2329 0.0118044 0.0118044 1 1 0
13.2529 0.0117714 0.0117714 1 1 0
13.2728 0.0117385 0.0117385 1 1 0
13.2928 0.0117058 0.0117058 1 1 0
13.3127 0.0116734 0.0116734 1 1 0
13.3327 0.0116411 0.0116411 1 1 0
13.3526 0.011609 0.011609 1 1 0
13.3726 0.0115772 0.0115772 1 1 0
13.3926 0.0115455 0.0115455 1 1 0
13.4125 0.011514 0.011514 1 1 0
13.4325 0.0114827 0.0114827 1 1 0
13.4524 0.0114516 0.0114516 1 1 0
13.4724 0.0114206 0.0114206 1 1 0
13.4923 0.0113899 0.0113899 1 1 0
13.5123 0.0113593 0.0113593 1 1 0
13.5322 0.0113289 0.0113289 1 1 0
13.5522 0.0112987 0.0112987 1 1 0
13.5722 0.0112687 0.0112687 1 1 0
13.5921 0.0112388 0.0112388 1 1 0
13.6121 0.0112092 0.0112092 1 1 0
13.632 0.0111797 0.0111797 1 1 0
13.652 0.0111503 0.0111503 1 1 0
13.672 0.0111212 0.0111212 1 1 0
13.6919 0.0110922 0.0110922 1 1 0
13.7119 0.0110633 0.0110633 1 1 0
13.7319 0.0110347 0.0110347 1 1 0
13.7518 0.0110061 0.0110061 1 1 0
13.7718 0.0109778 0.0109778 1 1 0
13.7917 0.0109496 0.0109496 1 1 0
13.8117 0.0109216 0.0109216 1 1 0
13.8317 0.0108937 0.0108937 1 1 0
13.8516 0.010866 0.010866 1 1 0
13.8716 0.0108384 0.0108384 1 1 0
13.8916 0.010811 0.010811 1 1 0
13.9115 0.0107838 0.0107838 1 1 0
13.9315 0.0107567 0.0107567 1 1 0
13.9515 0.0107297 0.0107297 1 1 0
13.9714 0.0107029 0.0107029 1 1 0
13.9914 0.0106762 0.0106762 1 1 0
14.0114 0.0106497 0.0106497 1 1 0
14.0313 0.0106233 0.0106233 1 1 0
14.0513 0.0105971 0.0105971 1 1 0
14.0713 0.010571 0.010571 1 1 0
14.0912 0.0105451 0.0105451 1 1 0
14.1112 0.0105192 0.0105192 1 1 0
14.1312 0.0104936 0.0104936 1 1 0
14.1511 0.010468 0.010468 1 1 0
14.1711 0.0104426 0.0104426 1 1 0
14.1911 0.0104173 0.0104173 1 1 0
14.211 0.0103922 0.0103922 1 1 0
14.231 0.0103672 0.0103672 1 1 0
14.251 0.0103423 0.0103423 1 1 0
14.2709 0.0103176 0.0103176 1 1 0
14.2909 0.010293 0.010293 1 1 0
14.3109 0.0102685 0.0102685 1 1 0
14.3309 0.0102441 0.0102441 1 1 0
14.3508 0.0102199 0.0102199 1 1 0
14.3708 0.0101958 0.0101958 1 1 0
14.3908 0.0101718 0.0101718 1 1 0
14.4107 0.0101479 0.0101479 1 1 0
14.4307 0.0101242 0.0101242 1 1 0
14.4507 0.0101005 0.0101005 1 1 0
14.4707 0.010077 0.010077 1 1 0
14.4906 0.0100537 0.0100537 1 1 0
14.5106 0.0100304 0.0100304 1 1 0
14.5306 0.0100072 0.0100072 1 1 0
14.5506 0.00998419 0.00998419 1 1 0
14.5705 0.00996127 0.00996127 1 1 0
14.5905 0.00993846 0.00993846 1 1 0
14.6105 0.00991577 0.00991577 1 1 0
14.6305 0.00989319 0.00989319 1 1 0
14.6504 0.00987071 0.00987071 1 1 0
14.6704 0.00984835 0.00984835 1 1 0
14.6904 0.0098261 0.0098261 1 1 0
14.7104 0.00980396 0.00980396 1 1 0
14.7303 0.00978192 0.00978192 1 1 0
14.7503 0.00975999 0.00975999 1 1 0
14.7703 0.00973817 0.00973817 1 1 0
14.7903 0.00971645 0.00971645 1 1 0
14.8102 0.00969484 0.00969484 1 1 0
14.8302 0.00967333 0.00967333 1 1 0
14.8502 0.00965192 0.00965192 1 1 0
14.8702 0.00963062 0.00963062 1 1 0
14.8901 0.00960941 0.00960941 1 1 0
14.9101 0.00958831 0.00958831 1 1 0
14.9301 0.00956731 0.00956731 1 1 0
14.9501 0.0095464 0.0095464 1 1 0
14.9701 0.0095256 0.0095256 1 1 0
14.99 0.00950489 0.00950489 1 1 0
15.01 0.00948428 0.00948428 1 1 0
15.03 0.00946376 0.00946376 1 1 0
15.05 0.00944334 0.00944334 1 1 0
15.07 0.00942302 0.00942302 1 1 0
15.0899 0.00940279 0.00940279 1 1 0
15.1099 0.00938265 0.00938265 1 1 0
15.1299 0.00936261 0.00936261 1 1 0
15.1499 0.00934265 0.00934265 1 1 0
15.1699 0.00932279 0.00932279 1 1 0
15.1898 0.00930302 0.00930302 1 1 0
15.2098 0.00928334 0.00928334 1 1 0
15.2298 0.00926375 0.00926375 1 1 0
15.2498 0.00924425 0.00924425 1 1 0
15.2698 0.00922483 0.00922483 1 1 0
15.2897 0.00920551 0.00920551 1 1 0
15.3097 0.00918627 0.00918627 1 1 0
15.3297 0.00916711 0.00916711 1 1 0
15.3497 0.00914804 0.00914804 1 1 0
15.3697 0.00912906 0.00912906 1 1 0
15.3896 0.00911016 0.00911016 1 1 0
15.4096 0.00909135 0.00909135 1 1 0
15.4296 0.00907261 0.00907261 1 1 0
15.4496 0.00905396 0.00905396 1 1 0
15.4696 0.0090354 0.0090354 1 1 0
15.4895 0.00901691 0.00901691 1 1 0
15.5095 0.00899851 0.00899851 1 1 0
15.5295 0.00898018 0.00898018 1 1 0
15.5495 0.00896194 0.00896194 1 1 0
15.5695 0.00894377 0.00894377 1 1 0
15.5895 0.00892568 0.00892568 1 1 0
15.6094 0.00890768 0.00890768 1 1 0
15.6294 0.00888974 0.00888974 1 1 0
15.6494 0.00887189 0.00887189 1 1 0
15.6694 0.00885411 0.00885411 1 1 0
15.6894 0.00883641 0.00883641 1 1 0
15.7094 0.00881879 0.00881879 1 1 0
15.7293 0.00880123 0.00880123 1 1 0
15.7493 0.00878376 0.00878376 1 1 0
15.7693 0.00876636 0.00876636 1 1 0
15.7893 0.00874903 0.00874903 1 1 0
15.8093 0.00873177 0.00873177 1 1 0
15.8293 0.00871459 0.00871459 1 1 0
15.8493 0.00869748 0.00869748 1 1 0
15.8692 0.00868044 0.00868044 1 1 0
15.8892 0.00866347 0.00866347 1 1 0
15.9092 0.00864657 0.00864657 1 1 0
15.9292 0.00862975 0.00862975 1 1 0
15.9492 0.00861299 0.00861299 1 1 0
15.9692 0.0085963 0.0085963 1 1 0
15.9891 0.00857968 0.00857968 1 1 0
16.0091 0.00856313 0.00856313 1 1 0
16.0291 0.00854665 0.00854665 1 1 0
16.0491 0.00853023 0.00853023 1 1 0
16.0691 0.00851388 0.00851388 1 1 0
16.0891 0.0084976 0.0084976 1 1 0
16.1091 0.00848138 0.00848138 1 1 0
16.129 0.00846524 0.00846524 1 1 0
16.149 0.00844915 0.00844915 1 1 0
16.169 0.00843313 0.00843313 1 1 0
16.189 0.00841718 0.00841718 1 1 0
16.209 0.00840129 0.00840129 1 1 0
16.229 0.00838546 0.00838546 1 1 0
16.249 0.00836969 0.00836969 1 1 0
16.269 0.00835399 0.00835399 1 1 0
16.2889 0.00833835 0.00833835 1 1 0
16.3089 0.00832278 0.00832278 1 1 0
16.3289 0.00830726 0.00830726 1 1 0
16.3489 0.00829181 0.00829181 1 1 0
16.3689 0.00827642 0.00827642 1 1 0
16.3889 0.00826109 0.00826109 1 1 0
16.4089 0.00824582 0.00824582 1 1 0
16.4288 0.0082306 0.0082306 1 1 0
16.4488 0.00821545 0.00821545 1 1 0
16.4688 0.00820036 0.00820036 1 1 0
16.4888 0.00818532 0.00818532 1 1 0
16.5088 0.00817035 0.00817035 1 1 0
16.5288 0.00815543 0.00815543 1 1 0
16.5488 0.00814057 0.00814057 1 1 0
16.5688 0.00812577 0.00812577 1 1 0
16.5888 0.00811102 0.00811102 1 1 0
16.6087 0.00809633 0.00809633 1 1 0
16.6287 0.0080817 0.0080817 1 1 0
16.6487 0.00806712 0.00806712 1 1 0
16.6687 0.0080526 0.0080526 1 1 0
16.6887 0.00803814 0.00803814 1 1 0
16.7087 0.00802373 0.00802373 1 1 0
16.7287 0.00800937 0.00800937 1 1 0
16.7487 0.00799507 0.00799507 1 1 0
16.7686 0.00798082 0.00798082 1 1 0
16.7886 0.00796663 0.00796663 1 1 0
16.8086 0.00795249 0.00795249 1 1 0
16.8286 0.0079384 0.0079384 1 1 0
16.8486 0.00792436 0.00792436 1 1 0
16.8686 0.00791038 0.00791038 1 1 0
16.8886 0.00789645 0.00789645 1 1 0
16.9086 0.00788257 0.00788257 1 1 0
16.9286 0.00786874 0.00786874 1 1 0
16.9486 0.00785497 0.00785497 1 1 0
16.9685 0.00784124 0.00784124 1 1 0
16.9885 0.00782757 0.00782757 1 1 0
17.0085 0.00781394 0.00781394 1 1 0
17.0285 0.00780037 0.00780037 1 1 0
17.0485 0.00778684 0.00778684 1 1 0
17.0685 0.00777337 0.00777337 1 1 0
17.0885 0.00775994 0.00775994 1 1 0
17.1085 0.00774657 0.00774657 1 1 0
17.1285 0.00773324 0.00773324 1 1 0
17.1484 0.00771996 0.00771996 1 1 0
17.1684 0.00770672 0.00770672 1 1 0
17.1884 0.00769354 0.00769354 1 1 0
17.2084 0.0076804 0.0076804 1 1 0
17.2284 0.00766731 0.00766731 1 1 0
17.2484 0.00765427 0.00765427 1 1 0
17.2684 0.00764128 0.00764128 1 1 0
17.2884 0.00762833 0.00762833 1 1 0
17.3084 0.00761542 0.00761542 1 1 0
17.3284 0.00760257 0.00760257 1 1 0
17.3484 0.00758976 0.00758976 1 1 0
17.3683 0.00757699 0.00757699 1 1 0
17.3883 0.00756427 0.00756427 1 1 0
17.4083 0.00755159 0.00755159 1 1 0
17.4283 0.00753896 0.00753896 1 1 0
17.4483 0.00752637 0.00752637 1 1 0
17.4683 0.00751383 0.00751383 1 1 0
17.4883 0.00750133 0.00750133 1 1 0
17.5083 0.00748888 0.00748888 1 1 0
17.5283 0.00747647 0.00747647 1 1 0
17.5483 0.0074641 0.0074641 1 1 0
17.5683 0.00745177 0.00745177 1 1 0
17.5882 0.00743949 0.00743949 1 1 0
17.6082 0.00742725 0.00742725 1 1 0
17.6282 0.00741505 0.00741505 1 1 0
17.6482 0.0074029 0.0074029 1 1 0
17.6682 0.00739078 0.00739078 1 1 0
17.6882 0.00737871 0.00737871 1 1 0
17.7082 0.00736668 0.00736668 1 1 0
17.7282 0.00735469 0.00735469 1 1 0
17.7482 0.00734274 0.00734274 1 1 0
17.7682 0.00733083 0.00733083 1 1 0
17.7882 0.00731897 0.00731897 1 1 0
17.8082 0.00730714 0.00730714 1 1 0
17.8282 0.00729535 0.00729535 1 1 0
17.8481 0.00728361 0.00728361 1 1 0
17.8681 0.0072719 0.0072719 1 1 0
17.8881 0.00726023 0.00726023 1 1 0
17.9081 0.0072486 0.0072486 1 1 0
17.9281 0.00723701 0.00723701 1 1 0
17.9481 0.00722546 0.00722546 1 1 0
17.9681 0.00721395 0.00721395 1 1 0
17.9881 0.00720247 0.00720247 1 1 0
18.0081 0.00719104 0.00719104 1 1 0
18.0281 0.00717964 0.00717964 1 1 0
18.0481 0.00716828 0.00716828 1 1 0
18.0681 0.00715696 0.00715696 1 1 0
18.0881 0.00714568 0.00714568 1 1 0
18.108 0.00713443 0.00713443 1 1 0
18.128 0.00712322 0.00712322 1 1 0
18.148 0.00711204 0.00711204 1 1 0
18.168 0.00710091 0.00710091 1 1 0
18.188 0.00708981 0.00708981 1 1 0
18.208 0.00707874 0.00707874 1 1 0
18.228 0.00706772 0.00706772 1 1 0
18.248 0.00705672 0.00705672 1 1 0
18.268 0.00704577 0.00704577 1 1 0
18.288 0.00703485 0.00703485 1 1 0
18.308 0.00702396 0.00702396 1 1 0
18.328 0.00701311 0.00701311 1 1 0
18.348 0.0070023 0.0070023 1 1 0
18.368 0.00699152 0.00699152 1 1 0
18.3879 0.00698077 0.00698077 1 1 0
18.4079 0.00697006 0.00697006 1 1 0
18.4279 0.00695939 0.00695939 1 1 0
18.4479 0.00694874 0.00694874 1 1 0
18.4679 0.00693813 0.00693813 1 1 0
18.4879 0.00692756 0.00692756 1 1 0
18.5079 0.00691702 0.00691702 1 1 0
18.5279 0.00690651 0.00690651 1 1 0
18.5479 0.00689604 0.00689604 1 1 0
18.5679 0.0068856 0.0068856 1 1 0
18.5879 0.00687519 0.00687519 1 1 0
18.6079 0.00686482 0.00686482 1 1 0
18.6279 0.00685447 0.00685447 1 1 0
18.6479 0.00684416 0.00684416 1 1 0
18.6679 0.00683389 0.00683389 1 1 0
18.6879 0.00682364 0.00682364 1 1 0
18.7078 0.00681343 0.00681343 1 1 0
18.7278 0.00680325 0.00680325 1 1 0
18.7478 0.0067931 0.0067931 1 1 0
18.7678 0.00678298 0.00678298 1 1 0
18.7878 0.00677289 0.00677289 1 1 0
18.8078 0.00676284 0.00676284 1 1 0
18.8278 0.00675281 0.00675281 1 1 0
18.8478 0.00674282 0.00674282 1 1 0
18.8678 0.00673286 0.00673286 1 1 0
18.8878 0.00672293 0.00672293 1 1 0
18.9078 0.00671303 0.00671303 1 1 0
18.9278 0.00670315 0.00670315 1 1 0
18.9478 0.00669331 0.00669331 1 1 0
18.9678 0.0066835 0.0066835 1 1 0
18.9878 0.00667372 0.00667372 1 1 0
19.0078 0.00666397 0.00666397 1 1 0
19.0278 0.00665425 0.00665425 1 1 0
19.0478 0.00664456 0.00664456 1 1 0
19.0677 0.0066349 0.0066349 1 1 0
19.0877 0.00662527 0.00662527 1 1 0
19.1077 0.00661566 0.00661566 1 1 0
19.1277 0.00660609 0.00660609 1 1 0
19.1477 0.00659654 0.00659654 1 1 0
19.1677 0.00658703 0.00658703 1 1 0
19.1877 0.00657754 0.00657754 1 1 0
19.2077 0.00656808 0.00656808 1 1 0
19.2277 0.00655865 0.00655865 1 1 0
19.2477 0.00654924 0.00654924 1 1 0
19.2677 0.00653987 0.00653987 1 1 0
19.2877 0.00653052 0.00653052 1 1 0
19.3077 0.0065212 0.0065212 1 1 0
19.3277 0.00651191 0.00651191 1 1 0
19.3477 0.00650264 0.00650264 1 1 0
19.3677 0.0064934 0.0064934 1 1 0
19.3877 0.00648419 0.00648419 1 1 0
19.4077 0.00647501 0.00647501 1 1 0
19.4277 0.00646586 0.00646586 1 1 0
19.4476 0.00645673 0.00645673 1 1 0
19.4676 0.00644763 0.00644763 1 1 0
19.4876 0.00643855 0.00643855 1 1 0
19.5076 0.0064295 0.0064295 1 1 0
19.5276 0.00642048 0.00642048 1 1 0
19.5476 0.00641148 0.00641148 1 1 0
19.5676 0.00640251 0.00640251 1 1 0
19.5876 0.00639357 0.00639357 1 1 0
19.6076 0.00638465 0.00638465 1 1 0
19.6276 0.00637576 0.00637576 1 1 0
19.6476 0.00636689 0.00636689 1 1 0
19.6676 0.00635805 0.00635805 1 1 0
19.6876 0.00634924 0.00634924 1 1 0
19.7076 0.00634045 0.00634045 1 1 0
19.7276 0.00633168 0.00633168 1 1 0
19.7476 0.00632294 0.00632294 1 1 0
19.7676 0.00631423 0.00631423 1 1 0
19.7876 0.00630554 0.00630554 1 1 0
19.8076 0.00629687 0.00629687 1 1 0
19.8276 0.00628823 0.00628823 1 1 0
19.8476 0.00627962 0.00627962 1 1 0
19.8676 0.00627103 0.00627103 1 1 0
19.8875 0.00626246 0.00626246 1 1 0
19.9075 0.00625392 0.00625392 1 1 0
19.9275 0.0062454 0.0062454 1 1 0
19.9475 0.00623691 0.00623691 1 1 0
19.9675 0.00622844 0.00622844 1 1 0
19.9875 0.00621999 0.00621999 1 1 0
20.0075 0.00621157 0.00621157 1 1 0
0.576407 0.174727 0.174727 3 2 0
0.576735 0.181573 0.168154 3 2 0
0.577714 0.188696 0.161849 3 2 0
0.579337 0.19609 0.155815 3 2 0
0.581594 0.203751 0.150049 3 2 0
0.584468 0.211675 0.144547 3 2 0
0.587941 0.219858 0.139303 3 2 0
0.59199 0.228295 0.134311 3 2 0
0.59659 0.236981 0.129561 3 2 0
0.601716 0.245911 0.125047 3 2 0
0.607338 0.25508 0.120759 3 2 0
0.613429 0.264483 0.116686 3 2 0
0.619961 0.274118 0.11282 3 2 0
0.626904 0.283979 0.109151 3 2 0
0.63423 0.294065 0.105668 3 2 0
0.641912 0.304372 0.102363 3 2 0
0.649924 0.3149 0.099224 3 2 0
0.65824 0.325647 0.0962438 3 2 0
0.666836 0.336612 0.0934129 3 2 0
0.675689 0.347796 0.0907227 3 2 0
0.684777 0.359199 0.0881654 3 2 0
0.694079 0.370822 0.085733 3 2 0
0.703576 0.382665 0.0834185 3 2 0
0.713251 0.394732 0.0812148 3 2 0
0.723085 0.407024 0.0791158 3 2 0
0.733062 0.419543 0.0771151 3 2 0
0.743169 0.432292 0.0752072 3 2 0
0.753391 0.445274 0.0733869 3 2 0
0.763715 0.458491 0.0716488 3 2 0
0.774129 0.471948 0.0699886 3 2 0
0.784621 0.485646 0.0684018 3 2 0
0.795181 0.49959 0.0668845 3 2 0
0.805799 0.513781 0.0654325 3 2 0
0.816467 0.528225 0.0640425 3 2 0
0.827176 0.542924 0.0627109 3 2 0
0.837917 0.557881 0.0614347 3 2 0
0.848684 0.573099 0.0602112 3 2 0
0.85947 0.588583 0.0590372 3 2 0
0.870269 0.604334 0.0579102 3 2 0
0.881075 0.620356 0.0568279 3 2 0
0.891883 0.636652 0.0557881 3 2 0
0.902688 0.653224 0.0547885 3 2 0
0.913486 0.670076 0.0538272 3 2 0
0.924272 0.687209 0.052902 3 2 0
0.935044 0.704626 0.0520114 3 2 0
0.945797 0.722331 0.0511537 3 2 0
0.956528 0.740323 0.0503271 3 2 0
0.967235 0.758607 0.0495304 3 2 0
0.977916 0.777183 0.0487621 3 2 0
0.988568 0.796055 0.0480206 3 2 0
0.999188 0.815221 0.0473049 3 2 0
1.00978 0.834687 0.0466139 3 2 0
1.02033 0.854451 0.0459461 3 2 0
1.03085 0.874514 0.0453011 3 2 0
1.04133 0.894881 0.0446771 3 2 0
1.05177 0.915552 0.0440733 3 2 0
1.06218 0.936525 0.0434895 3 2 0
1.07255 0.957804 0.042924 3 2 0
1.08287 0.979387 0.0423762 3 2 0
1.09316 1.00128 0.0418458 3 2 0
1.1034 1.02348 0.0413317 3 2 0
1.1136 1.04598 0.0408328 3 2 0
1.12377 1.0688 0.0403494 3 2 0
1.13392 1.09188 0.0398801 3 2 0
1.14475 1.11445 0.0394266 3 2 0
1.15598 1.13671 0.038988 3 2 0
1.16748 1.15883 0.0385624 3 2 0
1.17918 1.18089 0.0381488 3 2 0
1.19105 1.20292 0.0377466 3 2 0
1.20306 1.22495 0.0373551 3 2 0
1.2152 1.247 0.0369736 3 2 0
1.22745 1.26908 0.0366018 3 2 0
1.23979 1.29121 0.036239 3 2 0
1.25223 1.3134 0.035885 3 2 0
1.26475 1.33565 0.0355392 3 2 0
1.27735 1.35797 0.0352014 3 2 0
1.29002 1.38036 0.0348712 3 2 0
1.30276 1.40283 0.0345483 3 2 0
1.31557 1.42541 0.0342339 3 2 0
1.32852 1.44819 0.0339319 3 2 0
1.34156 1.47109 0.0336391 3 2 0
1.35467 1.49412 0.0333541 3 2 0
1.36786 1.51727 0.0330764 3 2 0
1.3811 1.54054 0.0328054 3 2 0
1.3944 1.56392 0.0325401 3 2 0
1.40776 1.58741 0.032281 3 2 0
1.42117 1.61102 0.0320276 3 2 0
1.43463 1.63474 0.0317791 3 2 0
1.44813 1.65858 0.0315359 3 2 0
1.46169 1.68253 0.0312975 3 2 0
1.47529 1.70659 0.0310635 3 2 0
1.48893 1.73076 0.0308344 3 2 0
1.50261 1.75504 0.0306091 3 2 0
1.51633 1.77944 0.0303883 3 2 0
1.5301 1.80394 0.0301712 3 2 0
1.5439 1.82855 0.0299581 3 2 0
1.55774 1.85327 0.0297488 3 2 0
1.57162 1.87809 0.0295431 3 2 0
1.58553 1.90302 0.0293406 3 2 0
1.59949 1.92807 0.0291417 3 2 0
1.61347 1.95321 0.0289462 3 2 0
1.62749 1.97845 0.0287536 3 2 0
1.64155 2.00381 0.0285643 3 2 0
1.65564 2.02926 0.0283778 3 2 0
1.66976 2.05482 0.0281943 3 2 0
1.68392 2.08047 0.0280136 3 2 0
1.69811 2.10622 0.0278358 3 2 0
1.71233 2.13206 0.0276604 3 2 0
1.72659 2.15801 0.0274877 3 2 0
1.74088 2.18406 0.0273178 3 2 0
1.7552 2.21019 0.0271499 3 2 0
1.76955 2.23641 0.0269847 3 2 0
1.78394 2.26273 0.0268219 3 2 0
1.79835 2.28913 0.0266612 3 2 0
1.8128 2.31563 0.0265027 3 2 0
1.82728 2.34221 0.0263466 3 2 0
1.84179 2.36888 0.0261923 3 2 0
1.85634 2.39562 0.0260404 3 2 0
1.87091 2.42246 0.0258902 3 2 0
1.88552 2.44937 0.0257424 3 2 0
1.90016 2.47636 0.0255962 3 2 0
1.91483 2.50343 0.0254517 3 2 0
1.92952 2.53057 0.0253094 3 2 0
1.94426 2.55779 0.0251686 3 2 0
1.95902 2.58508 0.0250299 3 2 0
1.97382 2.61244 0.0248926 3 2 0
1.98864 2.63987 0.0247571 3 2 0
2.0035 2.66737 0.0246233 3 2 0
2.01839 2.69493 0.0244911 3 2 0
2.03331 2.72255 0.0243606 3 2 0
2.04826 2.75024 0.0242312 3 2 0
2.06325 2.77798 0.0241037 3 2 0
2.07827 2.80578 0.0239775 3 2 0
2.09332 2.83363 0.023853 3 2 0
2.1084 2.86154 0.0237295 3 2 0
2.12351 2.88951 0.0236079 3 2 0
2.13866 2.91752 0.0234871 3 2 0
2.15384 2.94557 0.023368 3 2 0
2.16905 2.97366 0.02325 3 2 0
2.18429 3.00181 0.0231335 3 2 0
2.19957 3.02999 0.0230181 3 2 0
2.21488 3.05822 0.0229039 3 2 0
2.23022 3.08648 0.0227911 3 2 0
2.2456 3.11477 0.0226794 3 2 0
2.26101 3.14309 0.0225688 3 2 0
2.27645 3.17145 0.0224595 3 2 0
2.29193 3.19982 0.022351 3 2 0
2.30744 3.22822 0.0222439 3 2 0
2.32298 3.25664 0.0221378 3 2 0
2.33856 3.28508 0.0220328 3 2 0
2.35417 3.31354 0.0219289 3 2 0
2.36982 3.34201 0.0218257 3 2 0
2.3855 3.37049 0.0217238 3 2 0
2.40121 3.39899 0.0216228 3 2 0
2.41696 3.42748 0.0215228 3 2 0
2.43275 3.45598 0.0214238 3 2 0
2.44857 3.48448 0.0213256 3 2 0
2.46442 3.51298 0.0212286 3 2 0
2.48031 3.54147 0.0211321 3 2 0
2.49624 3.56995 0.0210368 3 2 0
2.5122 3.59842 0.0209422 3 2 0
2.5282 3.62688 0.0208487 3 2 0
2.54423 3.65532 0.0207558 3 2 0
2.5603 3.68374 0.0206638 3 2 0
2.57641 3.71213 0.0205727 3 2 0
2.59255 3.7405 0.0204823 3 2 0
2.60873 3.76884 0.0203928 3 2 0
2.62494 3.79715 0.0203043 3 2 0
2.6412 3.82544 0.0202162 3 2 0
2.65748 3.85367 0.0201288 3 2 0
2.67381 3.88186 0.0200423 3 2 0
2.69017 3.91001 0.0199567 3 2 0
2.70657 3.93811 0.0198716 3 2 0
2.72301 3.96616 0.0197874 3 2 0
2.73949 3.99414 0.0197037 3 2 0
2.756 4.02208 0.0196211 3 2 0
2.77255 4.04994 0.0195386 3 2 0
2.78914 4.07773 0.0194573 3 2 0
2.80576 4.10547 0.0193762 3 2 0
2.82243 4.13313 0.019296 3 2 0
2.83913 4.16071 0.0192166 3 2 0
2.85587 4.18822 0.0191375 3 2 0
2.87265 4.21563 0.0190591 3 2 0
2.88947 4.24296 0.0189816 3 2 0
2.90632 4.2702 0.0189045 3 2 0
2.92322 4.29734 0.0188279 3 2 0
2.94015 4.32439 0.0187521 3 2 0
2.95713 4.35133 0.0186769 3 2 0
2.97414 4.37816 0.0186022 3 2 0
2.99119 4.40487 0.018528 3 2 0
3.00828 4.43148 0.0184544 3 2 0
3.0254 4.45797 0.0183814 3 2 0
3.04257 4.48433 0.0183089 3 2 0
3.05978 4.51057 0.018237 3 2 0
3.07702 4.53667 0.0181657 3 2 0
3.09431 4.56262 0.0180947 3 2 0
3.11163 4.58845 0.0180245 3 2 0
3.129 4.61412 0.0179547 3 2 0
3.1464 4.63966 0.0178855 3 2 0
3.16384 4.66504 0.0178166 3 2 0
3.18132 4.69026 0.0177482 3 2 0
3.19884 4.71531 0.0176806 3 2 0
3.2164 4.74021 0.0176132 3 2 0
3.23399 4.76493 0.0175463 3 2 0
3.25163 4.78948 0.01748 3 2 0
3.2693 4.81385 0.0174141 3 2 0
3.28702 4.83803 0.0173488 3 2 0
3.30477 4.86202 0.0172839 3 2 0
3.32256 4.88582 0.0172194 3 2 0
3.34039 4.90942 0.0171552 3 2 0
3.35826 4.9328 0.0170917 3 2 0
3.37617 4.95599 0.0170285 3 2 0
3.39411 4.97897 0.0169658 3 2 0
3.4121 5.00173 0.0169038 3 2 0
3.43012 5.02427 0.0168418 3 2 0
3.44817 5.04658 0.0167803 3 2 0
3.46627 5.06869 0.0167193 3 2 0
3.4844 5.09053 0.0166587 3 2 0
3.50257 5.11215 0.0165987 3 2 0
3.52078 5.1335 0.0165391 3 2 0
3.53902 5.15461 0.0164796 3 2 0
3.5573 5.17546 0.0164206 3 2 0
3.57562 5.19607 0.0163622 3 2 0
3.59397 5.2164 0.0163039 3 2 0
3.61236 5.23646 0.0162462 3 2 0
3.63078 5.25624 0.0161889 3 2 0
3.64923 5.27575 0.0161319 3 2 0
3.66772 5.29498 0.0160754 3 2 0
3.68625 5.31393 0.0160193 3 2 0
3.70481 5.33258 0.0159635 3 2 0
3.7234 5.35093 0.0159079 3 2 0
3.74203 5.36897 0.015853 3 2 0
3.76068 5.3867 0.0157982 3 2 0
3.77937 5.40413 0.0157438 3 2 0
3.7981 5.42124 0.0156899 3 2 0
3.81685 5.43804 0.0156364 3 2 0
3.83563 5.4545 0.0155832 3 2 0
3.85445 5.47067 0.0155302 3 2 0
3.87329 5.48647 0.0154777 3 2 0
3.89216 5.50193 0.0154256 3 2 0
3.91106 5.51705 0.0153737 3 2 0
3.92999 5.53181 0.0153222 3 2 0
3.94895 5.54627 0.0152712 3 2 0
3.96793 5.56031 0.0152205 3 2 0
3.98694 5.57401 0.01517 3 2 0
4.00598 5.58735 0.0151198 3 2 0
4.02504 5.60032 0.0150702 3 2 0
4.04412 5.61292 0.0150207 3 2 0
4.06323 5.62513 0.0149715 3 2 0
4.08236 5.63698 0.0149229 3 2 0
4.10151 5.64843 0.0148745 3 2 0
4.12069 5.6595 0.0148263 3 2 0
4.13988 5.67017 0.0147785 3 2 0
4.1591 5.68045 0.0147312 3 2 0
4.17833 5.69034 0.0146841 3 2 0
4.19759 5.69981 0.0146372 3 2 0
4.21686 5.70888 0.0145908 3 2 0
4.23615 5.71755 0.0145448 3 2 0
4.25545 5.7258 0.0144988 3 2 0
4.27477 5.73364 0.0144533 3 2 0
4.2941 5.74106 0.0144081 3 2 0
4.31345 5.74806 0.0143634 3 2 0
4.33281 5.75463 0.0143187 3 2 0
4.35218 5.76078 0.0142745 3 2 0
4.37156 5.7665 0.0142307 3 2 0
4.39095 5.77179 0.0141871 3 2 0
4.41035 5.77663 0.0141437 3 2 0
4.42976 5.78107 0.0141008 3 2 0
4.44917 5.78506 0.0140581 3 2 0
4.46859 5.7886 0.0140156 3 2 0
4.48802 5.79168 0.0139735 3 2 0
4.50745 5.79434 0.0139318 3 2 0
4.52688 5.79656 0.0138904 3 2 0
4.54631 5.79838 0.0138491 3 2 0
4.56575 5.7997 0.0138083 3 2 0
4.58519 5.80059 0.0137678 3 2 0
4.60462 5.80101 0.0137274 3 2 0
4.62406 5.801 0.0136874 3 2 0
4.64349 5.80055 0.0136477 3 2 0
4.66291 5.79964 0.0136084 3 2 0
4.68233 5.79828 0.0135694 3 2 0
4.70175 5.79647 0.0135305 3 2 0
4.72116 5.79421 0.013492 3 2 0
4.74056 5.7915 0.0134537 3 2 0
4.75995 5.78834 0.0134157 3 2 0
4.77933 5.78472 0.0133781 3 2 0
4.7987 5.78067 0.0133407 3 2 0
4.81806 5.77616 0.0133037 3 2 0
4.83741 5.77121 0.0132669 3 2 0
4.85674 5.76581 0.0132304 3 2 0
4.87605 5.75997 0.0131942 3 2 0
4.89535 5.75367 0.0131582 3 2 0
4.91464 5.74694 0.0131226 3 2 0
4.9339 5.73978 0.0130873 3 2 0
4.95315 5.73212 0.0130521 3 2 0
4.97237 5.72408 0.0130173 3 2 0
4.99158 5.7156 0.0129827 3 2 0
5.01076 5.70667 0.0129485 3 2 0
5.02992 5.69731 0.0129145 3 2 0
5.04906 5.68757 0.0128807 3 2 0
5.06817 5.67735 0.0128474 3 2 0
5.08725 5.66672 0.0128143 3 2 0
5.10631 5.65568 0.0127813 3 2 0
5.12534 5.64421 0.0127487 3 2 0
5.14434 5.63232 0.0127162 3 2 0
5.16331 5.62002 0.012684 3 2 0
5.18226 5.60731 0.0126522 3 2 0
5.20117 5.5942 0.0126207 3 2 0
5.22005 5.58068 0.0125894 3 2 0
5.23889 5.56675 0.0125584 3 2 0
5.2577 5.55245 0.0125275 3 2 0
5.27648 5.53775 0.0124969 3 2 0
5.29523 5.52266 0.0124665 3 2 0
5.31393 5.50718 0.0124365 3 2 0
5.3326 5.49132 0.0124067 3 2 0
5.35124 5.47508 0.0123772 3 2 0
5.36983 5.45846 0.0123479 3 2 0
5.38838 5.44149 0.0123188 3 2 0
5.4069 5.42416 0.01229 3 2 0
5.42537 5.40646 0.0122615 3 2 0
5.44381 5.3884 0.0122333 3 2 0
5.4622 5.37 0.0122052 3 2 0
5.48055 5.35124 0.0121774 3 2 0
5.49885 5.33214 0.0121499 3 2 0
5.51711 5.31269 0.0121224 3 2 0
5.53533 5.29292 0.0120954 3 2 0
5.55351 5.27282 0.0120686 3 2 0
5.57163 5.25243 0.0120419 3 2 0
5.58971 5.23168 0.0120155 3 2 0
5.60775 5.21063 0.0119894 3 2 0
5.62573 5.18928 0.0119636 3 2 0
5.64367 5.16761 0.0119379 3 2 0
5.66157 5.14565 0.0119124 3 2 0
5.67941 5.12339 0.0118872 3 2 0
5.6972 5.10084 0.0118622 3 2 0
5.71494 5.078 0.0118375 3 2 0
5.73264 5.05491 0.0118128 3 2 0
5.75028 5.03152 0.0117884 3 2 0
5.76787 5.00787 0.0117643 3 2 0
5.78541 4.98399 0.0117405 3 2 0
5.8029 4.95982 0.0117168 3 2 0
5.82033 4.93539 0.0116934 3 2 0
5.83771 4.91071 0.0116701 3 2 0
5.85504 4.88579 0.0116471 3 2 0
5.87232 4.86064 0.0116243 3 2 0
5.88954 4.83526 0.0116018 3 2 0
5.9067 4.80966 0.0115794 3 2 0
5.92382 4.78385 0.0115572 3 2 0
5.94087 4.7578 0.0115353 3 2 0
5.95788 4.73154 0.0115135 3 2 0
5.97482 4.70508 0.011492 3 2 0
5.99171 4.67841 0.0114707 3 2 0
6.00855 4.65154 0.0114496 3 2 0
6.02532 4.62449 0.0114287 3 2 0
6.04204 4.59727 0.011408 3 2 0
6.05871 4.56986 0.0113874 3 2 0
6.07531 4.54227 0.0113671 3 2 0
6.09186 4.51451 0.0113471 3 2 0
6.10835 4.48659 0.0113271 3 2 0
6.12478 4.4585 0.0113074 3 2 0
6.14115 4.43027 0.011288 3 2 0
6.15747 4.40189 0.0112687 3 2 0
6.17372 4.37335 0.0112495 3 2 0
6.18992 4.34469 0.0112306 3 2 0
6.20605 4.3159 0.0112118 3 2 0
6.22213 4.28698 0.0111933 3 2 0
6.23815 4.25795 0.0111751 3 2 0
6.2541 4.22878 0.0111569 3 2 0
6.26999 4.1995 0.0111389 3 2 0
6.28583 4.17011 0.0111211 3 2 0
6.3016 4.14063 0.0111035 3 2 0
6.31731 4.11105 0.0110861 3 2 0
6.33296 4.08136 0.011069 3 2 0
6.34855 4.05161 0.011052 3 2 0
6.36407 4.02178 0.0110352 3 2 0
6.37953 3.99185 0.0110185 3 2 0
6.39493 3.96187 0.011002 3 2 0
6.41027 3.93182 0.0109858 3 2 0
6.42554 3.90169 0.0109697 3 2 0
6.44075 3.87151 0.0109538 3 2 0
6.45589 3.84127 0.0109381 3 2 0
6.47097 3.811 0.0109226 3 2 0
6.48599 3.7807 0.0109073 3 2 0
6.50093 3.75035 0.0108921 3 2 0
6.51582 3.71997 0.0108773 3 2 0
6.53064 3.68957 0.0108625 3 2 0
6.54539 3.65914 0.0108479 3 2 0
6.56007 3.62869 0.0108336 3 2 0
6.57469 3.59822 0.0108194 3 2 0
6.58924 3.56777 0.0108054 3 2 0
6.60372 3.53731 0.0107916 3 2 0
6.61814 3.50685 0.0107781 3 2 0
6.63248 3.4764 0.0107647 3 2 0
6.64675 3.44598 0.0107515 3 2 0
6.66096 3.41556 0.0107385 3 2 0
6.67509 3.38517 0.0107257 3 2 0
6.68915 3.35482 0.010713 3 2 0
6.70314 3.32449 0.0107006 3 2 0
6.71706 3.29422 0.0106884 3 2 0
6.73091 3.264 0.0106764 3 2 0
6.74467 3.23382 0.0106647 3 2 0
6.75837 3.2037 0.0106532 3 2 0
6.77198 3.17364 0.0106419 3 2 0
6.78552 3.14367 0.0106308 3 2 0
6.79899 3.11376 0.01062 3 2 0
6.81237 3.08393 0.0106094 3 2 0
6.82567 3.05419 0.0105991 3 2 0
6.83889 3.02456 0.010589 3 2 0
6.85203 2.99502 0.0105793 3 2 0
6.86508 2.96558 0.0105698 3 2 0
6.87805 2.93628 0.0105606 3 2 0
6.89093 2.90709 0.0105517 3 2 0
6.90372 2.87804 0.0105432 3 2 0
6.91641 2.84912 0.0105351 3 2 0
6.92901 2.82036 0.0105273 3 2 0
6.94151 2.79177 0.01052 3 2 0
6.9539 2.76334 0.0105132 3 2 0
6.96618 2.73512 0.0105071 3 2 0
6.97835 2.70711 0.0105016 3 2 0
6.99039 2.67933 0.010497 3 2 0
7.00229 2.65183 0.0104934 3 2 0
7.01401 2.62469 0.0104916 3 2 0
7.02546 2.59813 0.0104929 3 2 0
7.03644 2.57258 0.0104996 3 2 0
7.04728 2.54735 0.0105066 3 2 0
7.05802 2.52229 0.0105143 3 2 0
7.06867 2.49741 0.0105222 3 2 0
7.07924 2.47271 0.0105307 3 2 0
7.0897 2.4482 0.0105397 3 2 0
7.10008 2.42388 0.0105492 3 2 0
7.11036 2.39976 0.0105593 3 2 0
7.12054 2.37584 0.0105698 3 2 0
7.13063 2.35212 0.0105809 3 2 0
7.14061 2.32862 0.0105925 3 2 0
7.1505 2.30533 0.0106048 3 2 0
7.16028 2.28226 0.0106176 3 2 0
7.16997 2.2594 0.010631 3 2 0
7.17955 2.23678 0.0106451 3 2 0
7.18902 2.2144 0.0106597 3 2 0
7.19839 2.19225 0.0106752 3 2 0
7.20764 2.17034 0.0106911 3 2 0
7.21679 2.14868 0.0107078 3 2 0
7.22582 2.12727 0.0107253 3 2 0
7.23474 2.10613 0.0107435 3 2 0
7.24354 2.08525 0.0107625 3 2 0
7.25223 2.06464 0.0107823 3 2 0
7.26079 2.04431 0.0108029 3 2 0
7.26923 2.02425 0.0108242 3 2 0
7.27754 2.00449 0.0108465 3 2 0
7.28573 1.98502 0.0108697 3 2 0
7.29378 1.96585 0.0108939 3 2 0
7.3017 1.94699 0.0109189 3 2 0
7.30949 1.92844 0.010945 3 2 0
7.31713 1.91021 0.0109721 3 2 0
7.32464 1.89232 0.0110003 3 2 0
7.33199 1.87476 0.0110295 3 2 0
7.3392 1.85753 0.0110598 3 2 0
7.34625 1.84067 0.0110912 3 2 0
7.35315 1.82415 0.0111239 3 2 0
7.35989 1.80799 0.0111577 3 2 0
7.36646 1.79222 0.0111928 3 2 0
7.37287 1.77682 0.0112291 3 2 0
7.3791 1.7618 0.0112667 3 2 0
7.38517 1.74718 0.0113056 3 2 0
7.39105 1.73296 0.0113458 3 2 0
7.39675 1.71914 0.0113874 3 2 0
7.40227 1.70572 0.0114304 3 2 0
7.4076 1.69273 0.0114746 3 2 0
7.41273 1.68016 0.0115202 3 2 0
7.41768 1.66801 0.0115673 3 2 0
7.42242 1.65629 0.0116157 3 2 0
7.42697 1.64499 0.0116654 3 2 0
7.43132 1.63412 0.0117163 3 2 0
7.43547 1.62367 0.0117687 3 2 0
7.43942 1.61366 0.0118223 3 2 0
7.44317 1.60405 0.011877 3 2 0
7.44673 1.59486 0.0119329 3 2 0
7.45008 1.58608 0.0119899 3 2 0
7.45324 1.57769 0.012048 3 2 0
7.45622 1.56969 0.0121071 3 2 0
7.45901 1.56206 0.012167 3 2 0
7.46161 1.5548 0.0122279 3 2 0
7.46404 1.54788 0.0122896 3 2 0
7.4663 1.5413 0.012352 3 2 0
7.46839 1.53504 0.012415 3 2 0
7.47032 1.52908 0.0124787 3 2 0
7.47211 1.5234 0.012543 3 2 0
7.47374 1.518 0.0126079 3 2 0
7.47524 1.51285 0.0126733 3 2 0
7.4766 1.50793 0.0127391 3 2 0
7.47784 1.50324 0.0128055 3 2 0
7.47895 1.49876 0.0128723 3 2 0
7.47996 1.49448 0.0129395 3 2 0
7.48084 1.49037 0.0130072 3 2 0
7.48163 1.48643 0.0130754 3 2 0
7.48232 1.48265 0.013144 3 2 0
7.48291 1.47902 0.0132131 3 2 0
7.48341 1.47551 0.0132827 3 2 0
7.48383 1.47213 0.0133529 3 2 0
7.48416 1.46886 0.0134236 3 2 0
7.48442 1.4657 0.013495 3 2 0
7.4846 1.46263 0.013567 3 2 0
7.48471 1.45966 0.0136397 3 2 0
7.48471 1.45966 0.0136397 4 2 0
7.48474 1.45677 0.0137132 4 2 0
7.48474 1.4567 0.0137149 4 2 0
7.48471 1.45388 0.0137892 4 2 0
7.48462 1.45114 0.0138643 4 2 0
7.48446 1.44845 0.0139404 4 2 0
7.48424 1.44582 0.0140174 4 2 0
7.48396 1.44325 0.0140956 4 2 0
7.48363 1.44073 0.0141748 4 2 0
7.48324 1.43824 0.0142553 4 2 0
7.48279 1.4358 0.0143371 4 2 0
7.4823 1.4334 0.0144202 4 2 0
7.48175 1.43102 0.0145048 4 2 0
7.48115 1.42868 0.014591 4 2 0
7.4805 1.42636 0.0146789 4 2 0
7.4798 1.42407 0.0147686 4 2 0
7.47906 1.42179 0.0148601 4 2 0
7.47826 1.41955 0.0149536 4 2 0
7.47743 1.4173 0.0150493 4 2 0
7.47654 1.41508 0.0151473 4 2 0
7.47561 1.41286 0.0152477 4 2 0
7.47464 1.41066 0.0153507 4 2 0
7.47362 1.40846 0.0154563 4 2 0
7.47256 1.40627 0.015565 4 2 0
7.47145 1.40408 0.0156766 4 2 0
7.4703 1.40189 0.0157916 4 2 0
7.46911 1.3997 0.01591 4 2 0
7.46787 1.39751 0.0160321 4 2 0
7.46659 1.39532 0.0161582 4 2 0
7.46527 1.39312 0.0162885 4 2 0
7.46391 1.39091 0.0164232 4 2 0
7.4625 1.3887 0.0165626 4 2 0
7.46105 1.38647 0.0167071 4 2 0
7.45955 1.38424 0.0168571 4 2 0
7.45802 1.382 0.0170127 4 2 0
7.45644 1.37973 0.0171745 4 2 0
7.45481 1.37746 0.0173429 4 2 0
7.45314 1.37516 0.0175183 4 2 0
7.45143 1.37285 0.0177012 4 2 0
7.44966 1.37053 0.0178922 4 2 0
7.44785 1.36817 0.0180919 4 2 0
7.44599 1.36579 0.0183006 4 2 0
7.44409 1.3634 0.0185194 4 2 0
7.44213 1.36097 0.018749 4 2 0
7.44011 1.35851 0.0189899 4 2 0
7.43805 1.35603 0.0192433 4 2 0
7.43592 1.35351 0.0195101 4 2 0
7.43373 1.35096 0.0197914 4 2 0
7.43148 1.34837 0.0200882 4 2 0
7.42917 1.34574 0.0204019 4 2 0
7.42678 1.34307 0.0207341 4 2 0
7.42431 1.34036 0.021086 4 2 0
7.42177 1.33759 0.0214596 4 2 0
7.41914 1.33478 0.0218568 4 2 0
7.41642 1.33192 0.0222796 4 2 0
7.4136 1.329 0.0227303 4 2 0
7.41066 1.32601 0.0232117 4 2 0
7.40762 1.32296 0.0237264 4 2 0
7.40444 1.31984 0.0242779 4 2 0
7.40113 1.31665 0.0248694 4 2 0
7.39767 1.31338 0.025505 4 2 0
7.39404 1.31002 0.026189 4 2 0
7.39024 1.30657 0.0269263 4 2 0
7.38623 1.30302 0.027722 4 2 0
7.38201 1.29937 0.0285821 4 2 0
7.37755 1.29561 0.0295118 4 2 0
7.37283 1.29172 0.030514 4 2 0
7.36783 1.28771 0.0315921 4 2 0
7.36251 1.28357 0.0327488 4 2 0
7.35685 1.27928 0.0339878 4 2 0
7.35082 1.27484 0.0353116 4 2 0
7.34439 1.27024 0.0367231 4 2 0
7.33752 1.26548 0.0382251 4 2 0
7.33017 1.26054 0.0398194 4 2 0
7.32232 1.25543 0.0415078 4 2 0
7.31393 1.25014 0.0432912 4 2 0
7.30499 1.24469 0.0451694 4 2 0
7.29546 1.23906 0.0471413 4 2 0
7.28533 1.23326 0.0492041 4 2 0
7.2746 1.22732 0.0513542 4 2 0
7.26327 1.22124 0.0535858 4 2 0
7.25136 1.21505 0.0558924 4 2 0
7.23889 1.20876 0.0582667 4 2 0
7.2259 1.2024 0.0606996 4 2 0
7.21242 1.19599 0.0631831 4 2 0
7.1985 1.18956 0.0657085 4 2 0
7.18417 1.18313 0.0682675 4 2 0
7.16949 1.1767 0.070853 4 2 0
7.1545 1.17031 0.0734586 4 2 0
7.13924 1.16396 0.0760779 4 2 0
7.12373 1.15766 0.0787071 4 2 0
7.10803 1.15142 0.0813417 4 2 0
7.09215 1.14525 0.083979 4 2 0
7.07611 1.13915 0.0866164 4 2 0
7.05995 1.13312 0.0892521 4 2 0
7.04368 1.12717 0.0918848 4 2 0
7.02731 1.12129 0.094513 4 2 0
7.01085 1.1155 0.0971362 4 2 0
7.01085 1.1155 0.0971362 4 2 0
6.99433 1.10977 0.099754 4 2 0
6.97774 1.10412 0.102366 4 2 0
6.9611 1.09855 0.104972 4 2 0
6.94442 1.09305 0.107573 4 2 0
6.92769 1.08761 0.110168 4 2 0
6.91093 1.08225 0.112757 4 2 0
6.89414 1.07695 0.115341 4 2 0
6.87732 1.07171 0.117919 4 2 0
6.86048 1.06654 0.120493 4 2 0
6.84362 1.06143 0.123062 4 2 0
6.82674 1.05638 0.125626 4 2 0
6.80985 1.05138 0.128187 4 2 0
6.79294 1.04644 0.130743 4 2 0
6.77601 1.04155 0.133296 4 2 0
6.75908 1.03672 0.135846 4 2 0
6.74214 1.03193 0.138393 4 2 0
6.72519 1.02719 0.140936 4 2 0
6.70823 1.0225 0.143478 4 2 0
6.69126 1.01786 0.146017 4 2 0
6.67429 1.01326 0.148554 4 2 0
6.65731 1.0087 0.151089 4 2 0
6.64032 1.00419 0.153622 4 2 0
6.62334 0.99971 0.156154 4 2 0
6.60634 0.995275 0.158685 4 2 0
6.58935 0.990877 0.161214 4 2 0
6.57235 0.986516 0.163743 4 2 0
6.55534 0.982192 0.16627 4 2 0
6.53834 0.977903 0.168798 4 2 0
6.52133 0.973648 0.171325 4 2 0
6.50432 0.969427 0.173851 4 2 0
6.48731 0.965238 0.176378 4 2 0
6.4703 0.96108 0.178905 4 2 0
6.45328 0.956951 0.181431 4 2 0
6.43627 0.952855 0.183957 4 2 0
6.41925 0.948786 0.186484 4 2 0
6.40223 0.944747 0.189012 4 2 0
6.38522 0.940735 0.191539 4 2 0
6.3682 0.93675 0.194067 4 2 0
6.35118 0.932791 0.196597 4 2 0
6.33416 0.928859 0.199126 4 2 0
6.31713 0.924952 0.201657 4 2 0
6.30011 0.921069 0.204189 4 2 0
6.28309 0.91721 0.206721 4 2 0
6.26607 0.913375 0.209255 4 2 0
6.24905 0.909563 0.21179 4 2 0
6.23202 0.905773 0.214326 4 2 0
6.215 0.902006 0.216863 4 2 0
6.19798 0.898259 0.219402 4 2 0
6.18096 0.894535 0.221941 4 2 0
6.16394 0.89083 0.224482 4 2 0
6.14691 0.887146 0.227025 4 2 0
6.12989 0.883481 0.229569 4 2 0
6.11287 0.879835 0.232115 4 2 0
6.09585 0.87621 0.234662 4 2 0
6.07883 0.872602 0.237212 4 2 0
6.06181 0.869013 0.239762 4 2 0
6.04479 0.865441 0.242314 4 2 0
6.02777 0.861888 0.244868 4 2 0
6.01075 0.85835 0.247424 4 2 0
5.99373 0.854832 0.249982 4 2 0
5.97671 0.851328 0.252541 4 2 0
5.95969 0.847842 0.255102 4 2 0
5.94268 0.844371 0.257665 4 2 0
5.92566 0.840916 0.26023 4 2 0
5.90864 0.837476 0.262797 4 2 0
5.89163 0.834052 0.265366 4 2 0
5.87461 0.830642 0.267936 4 2 0
5.8576 0.827246 0.270509 4 2 0
5.84058 0.823866 0.273084 4 2 0
5.82357 0.820499 0.27566 4 2 0
5.80656 0.817146 0.278239 4 2 0
5.78955 0.813808 0.28082 4 2 0
5.77253 0.810482 0.283403 4 2 0
5.75552 0.807169 0.285988 4 2 0
5.73851 0.80387 0.288575 4 2 0
5.72151 0.800583 0.291164 4 2 0
5.7045 0.79731 0.293755 4 2 0
5.68749 0.794048 0.296349 4 2 0
5.67048 0.790798 0.298945 4 2 0
5.65347 0.78756 0.301543 4 2 0
5.63647 0.784334 0.304143 4 2 0
5.61946 0.78112 0.306745 4 2 0
5.60246 0.777917 0.309349 4 2 0
5.58546 0.774726 0.311956 4 2 0
5.56845 0.771546 0.314565 4 2 0
5.55145 0.768377 0.317176 4 2 0
5.53445 0.765217 0.319789 4 2 0
5.51745 0.762069 0.322405 4 2 0
5.50045 0.758932 0.325023 4 2 0
5.48345 0.755805 0.327642 4 2 0
5.46645 0.752688 0.330265 4 2 0
5.44945 0.749581 0.33289 4 2 0
5.43246 0.746484 0.335517 4 2 0
5.41546 0.743396 0.338146 4 2 0
5.39847 0.740318 0.340778 4 2 0
5.38147 0.73725 0.343412 4 2 0
5.36448 0.734191 0.346048 4 2 0
5.34749 0.731141 0.348687 4 2 0
5.33049 0.7281 0.351328 4 2 0
5.3135 0.725068 0.353972 4 2 0
5.29651 0.722045 0.356617 4 2 0
5.27952 0.719031 0.359266 4 2 0
5.26253 0.716025 0.361917 4 2 0
5.24555 0.713028 0.36457 4 2 0
5.22856 0.71004 0.367225 4 2 0
5.21157 0.707059 0.369883 4 2 0
5.19459 0.704087 0.372544 4 2 0
5.1776 0.701123 0.375206 4 2 0
5.16062 0.698167 0.377872 4 2 0
5.14363 0.695218 0.38054 4 2 0
5.12665 0.692277 0.38321 4 2 0
5.10967 0.689344 0.385883 4 2 0
5.09269 0.686418 0.388558 4 2 0
5.07571 0.6835 0.391236 4 2 0
5.05873 0.680589 0.393916 4 2 0
5.04175 0.677686 0.3966 4 2 0
5.02477 0.67479 0.399285 4 2 0
5.0078 0.671901 0.401973 4 2 0
4.99082 0.669018 0.404664 4 2 0
4.97385 0.666143 0.407358 4 2 0
4.95687 0.663274 0.410054 4 2 0
4.9399 0.660412 0.412753 4 2 0
4.92293 0.657557 0.415454 4 2 0
4.90596 0.654708 0.418158 4 2 0
4.88899 0.651866 0.420865 4 2 0
4.87202 0.64903 0.423575 4 2 0
4.85505 0.646201 0.426288 4 2 0
4.83808 0.643377 0.429003 4 2 0
4.82111 0.64056 0.431721 4 2 0
4.80415 0.637749 0.434442 4 2 0
4.78718 0.634944 0.437166 4 2 0
4.77022 0.632145 0.439892 4 2 0
4.75326 0.629351 0.442622 4 2 0
4.7363 0.626564 0.445355 4 2 0
4.71933 0.623782 0.44809 4 2 0
4.70238 0.621005 0.450829 4 2 0
4.68542 0.618234 0.453571 4 2 0
4.66846 0.615469 0.456316 4 2 0
4.6515 0.612709 0.459064 4 2 0
4.63455 0.609954 0.461815 4 2 0
4.61759 0.607205 0.464569 4 2 0
4.60064 0.60446 0.467327 4 2 0
4.58369 0.601721 0.470088 4 2 0
4.56674 0.598987 0.472852 4 2 0
4.54979 0.596257 0.47562 4 2 0
4.53284 0.593533 0.478391 4 2 0
4.51589 0.590814 0.481165 4 2 0
4.49895 0.588099 0.483944 4 2 0
4.482 0.585389 0.486725 4 2 0
4.46506 0.582683 0.489511 4 2 0
4.44812 0.579982 0.4923 4 2 0
4.43117 0.577286 0.495092 4 2 0
4.41424 0.574594 0.497889 4 2 0
4.3973 0.571906 0.50069 4 2 0
4.38036 0.569223 0.503494 4 2 0
4.36343 0.566544 0.506302 4 2 0
4.34649 0.563869 0.509115 4 2 0
4.32956 0.561198 0.511931 4 2 0
4.31263 0.558531 0.514752 4 2 0
4.2957 0.555868 0.517577 4 2 0
4.27877 0.55321 0.520407 4 2 0
4.26185 0.550555 0.523241 4 2 0
4.24492 0.547903 0.526079 4 2 0
4.228 0.545256 0.528922 4 2 0
4.21108 0.542612 0.53177 4 2 0
4.19416 0.539972 0.534623 4 2 0
4.18571 0.538653 0.536051 4 2 0
4.18148 0.537994 0.536765 4 2 0
4.17936 0.537665 0.537123 4 2 0
4.1783 0.537501 0.5373 4 2 0
4.1783 0.537501 0.5373 4 2 0
