0.0357377 0.182584 0.182584 1 1 0
0.0539054 0.182059 0.182059 1 1 0
0.0720665 0.181551 0.181551 1 1 0
0.0902208 0.181059 0.181059 1 1 0
0.108368 0.180584 0.180584 1 1 0
0.126508 0.180126 0.180126 1 1 0
0.14464 0.179686 0.179686 1 1 0
0.162764 0.179263 0.179263 1 1 0
0.180881 0.178857 0.178857 1 1 0
0.198989 0.178469 0.178469 1 1 0
0.217088 0.178099 0.178099 1 1 0
0.235178 0.177747 0.177747 1 1 0
0.253259 0.177413 0.177413 1 1 0
0.271331 0.177098 0.177098 1 1 0
0.289393 0.176801 0.176801 1 1 0
0.307445 0.176523 0.176523 1 1 0
0.325487 0.176264 0.176264 1 1 0
0.343518 0.176024 0.176024 1 1 0
0.361539 0.175803 0.175803 1 1 0
0.379549 0.175602 0.175602 1 1 0
0.397547 0.17542 0.17542 1 1 0
0.415534 0.175258 0.175258 1 1 0
0.433509 0.175116 0.175116 1 1 0
0.451472 0.174995 0.174995 1 1 0
0.469422 0.174894 0.174894 1 1 0
0.487361 0.174814 0.174814 1 1 0
0.505286 0.174754 0.174754 1 1 0
0.523199 0.174715 0.174715 1 1 0
0.541098 0.174698 0.174698 1 1 0
0.558984 0.174702 0.174702 1 1 0
0.576407 0.174727 0.174727 1 1 0
0.576407 0.174727 0.174727 2 1 0
0.594266 0.174774 0.174774 2 1 0
0.612111 0.174843 0.174843 2 1 0
0.629942 0.174934 0.174934 2 1 0
0.647758 0.175048 0.175048 2 1 0
0.665561 0.175184 0.175184 2 1 0
0.683348 0.175343 0.175343 2 1 0
0.701121 0.175524 0.175524 2 1 0
0.718879 0.175729 0.175729 2 1 0
0.736623 0.175957 0.175957 2 1 0
0.754351 0.176209 0.176209 2 1 0
0.772064 0.176484 0.176484 2 1 0
0.789762 0.176782 0.176782 2 1 0
0.807445 0.177105 0.177105 2 1 0
0.825113 0.177451 0.177451 2 1 0
0.842765 0.177822 0.177822 2 1 0
0.860402 0.178217 0.178217 2 1 0
0.878025 0.178636 0.178636 2 1 0
0.895632 0.17908 0.17908 2 1 0
0.913224 0.179548 0.179548 2 1 0
0.930801 0.18004 0.18004 2 1 0
0.948363 0.180558 0.180558 2 1 0
0.965911 0.1811 0.1811 2 1 0
0.983444 0.181667 0.181667 2 1 0
1.00096 0.182259 0.182259 2 1 0
1.01847 0.182876 0.182876 2 1 0
1.03596 0.183517 0.183517 2 1 0
1.05343 0.184184 0.184184 2 1 0
1.0709 0.184875 0.184875 2 1 0
1.08834 0.185591 0.185591 2 1 0
1.10578 0.186332 0.186332 2 1 0
1.1232 0.187098 0.187098 2 1 0
1.14061 0.187889 0.187889 2 1 0
1.15801 0.188704 0.188704 2 1 0
1.1754 0.189544 0.189544 2 1 0
1.19277 0.190408 0.190408 2 1 0
1.21014 0.191297 0.191297 2 1 0
1.22749 0.19221 0.19221 2 1 0
1.24483 0.193147 0.193147 2 1 0
1.26216 0.194109 0.194109 2 1 0
1.27948 0.195094 0.195094 2 1 0
1.29679 0.196103 0.196103 2 1 0
1.31409 0.197135 0.197135 2 1 0
1.33138 0.198191 0.198191 2 1 0
1.34867 0.19927 0.19927 2 1 0
1.36594 0.200372 0.200372 2 1 0
1.38321 0.201497 0.201497 2 1 0
1.40047 0.202644 0.202644 2 1 0
1.41773 0.203814 0.203814 2 1 0
1.43497 0.205006 0.205006 2 1 0
1.45221 0.20622 0.20622 2 1 0
1.46945 0.207456 0.207456 2 1 0
1.48668 0.208713 0.208713 2 1 0
1.5039 0.209992 0.209992 2 1 0
1.52112 0.211291 0.211291 2 1 0
1.53833 0.212611 0.212611 2 1 0
1.55554 0.213951 0.213951 2 1 0
1.57275 0.215312 0.215312 2 1 0
1.58995 0.216692 0.216692 2 1 0
1.60715 0.218093 0.218093 2 1 0
1.62434 0.219512 0.219512 2 1 0
1.64154 0.220951 0.220951 2 1 0
1.65873 0.222408 0.222408 2 1 0
1.67592 0.223884 0.223884 2 1 0
1.6931 0.225379 0.225379 2 1 0
1.71029 0.226891 0.226891 2 1 0
1.72747 0.228421 0.228421 2 1 0
1.74466 0.229969 0.229969 2 1 0
1.76184 0.231533 0.231533 2 1 0
1.77902 0.233115 0.233115 2 1 0
1.7962 0.234713 0.234713 2 1 0
1.81338 0.236328 0.236328 2 1 0
1.83056 0.237959 0.237959 2 1 0
1.84774 0.239606 0.239606 2 1 0
1.86492 0.241268 0.241268 2 1 0
1.88211 0.242946 0.242946 2 1 0
1.89929 0.244638 0.244638 2 1 0
1.91647 0.246346 0.246346 2 1 0
1.93366 0.248068 0.248068 2 1 0
1.95084 0.249805 0.249805 2 1 0
1.96803 0.251555 0.251555 2 1 0
1.98522 0.253319 0.253319 2 1 0
2.00241 0.255097 0.255097 2 1 0
2.0196 0.256889 0.256889 2 1 0
2.03679 0.258693 0.258693 2 1 0
2.05399 0.260511 0.260511 2 1 0
2.07118 0.262341 0.262341 2 1 0
2.08838 0.264184 0.264184 2 1 0
2.10559 0.266038 0.266038 2 1 0
2.12279 0.267905 0.267905 2 1 0
2.13999 0.269784 0.269784 2 1 0
2.1572 0.271674 0.271674 2 1 0
2.17441 0.273576 0.273576 2 1 0
2.19163 0.275489 0.275489 2 1 0
2.20884 0.277413 0.277413 2 1 0
2.22606 0.279348 0.279348 2 1 0
2.24328 0.281293 0.281293 2 1 0
2.2605 0.283249 0.283249 2 1 0
2.27773 0.285215 0.285215 2 1 0
2.29496 0.287192 0.287192 2 1 0
2.31219 0.289178 0.289178 2 1 0
2.31219 0.289178 0.289178 1 1 0
2.32852 0.291017 0.291017 1 1 0
2.34647 0.290712 0.290712 1 1 0
2.36443 0.29039 0.29039 1 1 0
2.38239 0.290052 0.290052 1 1 0
2.40035 0.289698 0.289698 1 1 0
2.41832 0.289326 0.289326 1 1 0
2.43629 0.288938 0.288938 1 1 0
2.45426 0.288534 0.288534 1 1 0
2.47224 0.288112 0.288112 1 1 0
2.49022 0.287674 0.287674 1 1 0
2.5082 0.287219 0.287219 1 1 0
2.52619 0.286747 0.286747 1 1 0
2.54418 0.286259 0.286259 1 1 0
2.56217 0.285753 0.285753 1 1 0
2.58017 0.28523 0.28523 1 1 0
2.59817 0.28469 0.28469 1 1 0
2.61617 0.284133 0.284133 1 1 0
2.63418 0.283559 0.283559 1 1 0
2.65219 0.282967 0.282967 1 1 0
2.67021 0.282358 0.282358 1 1 0
2.68822 0.281732 0.281732 1 1 0
2.70625 0.281088 0.281088 1 1 0
2.72427 0.280427 0.280427 1 1 0
2.7423 0.279748 0.279748 1 1 0
2.76034 0.279051 0.279051 1 1 0
2.77838 0.278337 0.278337 1 1 0
2.79642 0.277605 0.277605 1 1 0
2.81446 0.276854 0.276854 1 1 0
2.83251 0.276086 0.276086 1 1 0
2.85057 0.275299 0.275299 1 1 0
2.86863 0.274495 0.274495 1 1 0
2.88669 0.273672 0.273672 1 1 0
2.90476 0.272831 0.272831 1 1 0
2.92283 0.271971 0.271971 1 1 0
2.9409 0.271092 0.271092 1 1 0
2.95898 0.270195 0.270195 1 1 0
2.97707 0.269279 0.269279 1 1 0
2.99516 0.268344 0.268344 1 1 0
3.01325 0.26739 0.26739 1 1 0
3.03135 0.266417 0.266417 1 1 0
3.04946 0.265425 0.265425 1 1 0
3.06757 0.264414 0.264414 1 1 0
3.08568 0.263383 0.263383 1 1 0
3.1038 0.262332 0.262332 1 1 0
3.12193 0.261261 0.261261 1 1 0
3.14006 0.260171 0.260171 1 1 0
3.15819 0.259061 0.259061 1 1 0
3.17634 0.25793 0.25793 1 1 0
3.19449 0.256779 0.256779 1 1 0
3.21264 0.255608 0.255608 1 1 0
3.2308 0.254416 0.254416 1 1 0
3.24897 0.253204 0.253204 1 1 0
3.26714 0.25197 0.25197 1 1 0
3.28532 0.250716 0.250716 1 1 0
3.30351 0.24944 0.24944 1 1 0
3.32171 0.248143 0.248143 1 1 0
3.33991 0.246825 0.246825 1 1 0
3.35812 0.245485 0.245485 1 1 0
3.37634 0.244122 0.244122 1 1 0
3.39457 0.242738 0.242738 1 1 0
3.4128 0.241332 0.241332 1 1 0
3.43104 0.239903 0.239903 1 1 0
3.4493 0.238451 0.238451 1 1 0
3.46756 0.236977 0.236977 1 1 0
3.48583 0.235479 0.235479 1 1 0
3.50411 0.233959 0.233959 1 1 0
3.5224 0.232414 0.232414 1 1 0
3.5407 0.230847 0.230847 1 1 0
3.55901 0.229255 0.229255 1 1 0
3.57734 0.227639 0.227639 1 1 0
3.59567 0.225999 0.225999 1 1 0
3.61402 0.224334 0.224334 1 1 0
3.63238 0.222645 0.222645 1 1 0
3.65075 0.220931 0.220931 1 1 0
3.66914 0.219191 0.219191 1 1 0
3.68754 0.217426 0.217426 1 1 0
3.70595 0.215635 0.215635 1 1 0
3.72438 0.213818 0.213818 1 1 0
3.74282 0.211975 0.211975 1 1 0
3.76129 0.210106 0.210106 1 1 0
3.77976 0.20821 0.20821 1 1 0
3.79826 0.206287 0.206287 1 1 0
3.81677 0.204337 0.204337 1 1 0
3.8353 0.202359 0.202359 1 1 0
3.85385 0.200354 0.200354 1 1 0
3.87243 0.198321 0.198321 1 1 0
3.89102 0.19626 0.19626 1 1 0
3.90963 0.194171 0.194171 1 1 0
3.92827 0.192053 0.192053 1 1 0
3.94693 0.189907 0.189907 1 1 0
3.96562 0.187732 0.187732 1 1 0
3.98433 0.185529 0.185529 1 1 0
4.00307 0.183296 0.183296 1 1 0
4.02184 0.181035 0.181035 1 1 0
4.04064 0.178744 0.178744 1 1 0
4.05946 0.176425 0.176425 1 1 0
4.07832 0.174076 0.174076 1 1 0
4.09721 0.171699 0.171699 1 1 0
4.11613 0.169293 0.169293 1 1 0
4.13509 0.166859 0.166859 1 1 0
4.15408 0.164398 0.164398 1 1 0
4.17311 0.161908 0.161908 1 1 0
4.19218 0.159393 0.159393 1 1 0
4.21129 0.156851 0.156851 1 1 0
4.23043 0.154284 0.154284 1 1 0
4.24962 0.151693 0.151693 1 1 0
4.26884 0.149079 0.149079 1 1 0
4.28811 0.146444 0.146444 1 1 0
4.30742 0.14379 0.14379 1 1 0
4.32676 0.141118 0.141118 1 1 0
4.34615 0.138431 0.138431 1 1 0
4.36558 0.135732 0.135732 1 1 0
4.38504 0.133023 0.133023 1 1 0
4.40453 0.130307 0.130307 1 1 0
4.42406 0.127589 0.127589 1 1 0
4.44362 0.124871 0.124871 1 1 0
4.46321 0.122159 0.122159 1 1 0
4.48282 0.119457 0.119457 1 1 0
4.50244 0.116769 0.116769 1 1 0
4.52208 0.1141 0.1141 1 1 0
4.54173 0.111455 0.111455 1 1 0
4.56138 0.108841 0.108841 1 1 0
4.58102 0.10626 0.10626 1 1 0
4.60066 0.10372 0.10372 1 1 0
4.62029 0.101223 0.101223 1 1 0
4.6399 0.0987757 0.0987757 1 1 0
4.65948 0.0963808 0.0963808 1 1 0
4.67904 0.0940423 0.0940423 1 1 0
4.69858 0.0917631 0.0917631 1 1 0
4.71808 0.0895459 0.0895459 1 1 0
4.73755 0.0873923 0.0873923 1 1 0
4.75699 0.085304 0.085304 1 1 0
4.7764 0.0832818 0.0832818 1 1 0
4.79579 0.0813261 0.0813261 1 1 0
4.81514 0.0794367 0.0794367 1 1 0
4.83446 0.0776132 0.0776132 1 1 0
4.85377 0.0758546 0.0758546 1 1 0
4.87305 0.0741598 0.0741598 1 1 0
4.89231 0.0725272 0.0725272 1 1 0
4.91156 0.0709554 0.0709554 1 1 0
4.93079 0.0694424 0.0694424 1 1 0
4.95002 0.0679863 0.0679863 1 1 0
4.96924 0.0665852 0.0665852 1 1 0
4.98845 0.065237 0.065237 1 1 0
5.00767 0.0639397 0.0639397 1 1 0
5.02688 0.0626911 0.0626911 1 1 0
5.0461 0.0614894 0.0614894 1 1 0
5.06532 0.0603324 0.0603324 1 1 0
5.08455 0.0592182 0.0592182 1 1 0
5.10378 0.0581449 0.0581449 1 1 0
5.12302 0.0571107 0.0571107 1 1 0
5.14228 0.0561138 0.0561138 1 1 0
5.16154 0.0551524 0.0551524 1 1 0
5.18082 0.0542251 0.0542251 1 1 0
5.20011 0.0533301 0.0533301 1 1 0
5.21941 0.0524661 0.0524661 1 1 0
5.23873 0.0516315 0.0516315 1 1 0
5.25805 0.0508251 0.0508251 1 1 0
5.2774 0.0500455 0.0500455 1 1 0
5.29675 0.0492915 0.0492915 1 1 0
5.31613 0.048562 0.048562 1 1 0
5.33551 0.0478558 0.0478558 1 1 0
5.35491 0.0471719 0.0471719 1 1 0
5.37433 0.0465093 0.0465093 1 1 0
5.39376 0.0458671 0.0458671 1 1 0
5.4132 0.0452444 0.0452444 1 1 0
5.43265 0.0446403 0.0446403 1 1 0
5.45212 0.044054 0.044054 1 1 0
5.45212 0.044054 0.044054 1 1 0
5.4911 0.0429318 0.0429318 1 1 0
5.51061 0.0423946 0.0423946 1 1 0
5.53013 0.0418723 0.0418723 1 1 0
5.54967 0.0413645 0.0413645 1 1 0
5.56921 0.0408704 0.0408704 1 1 0
5.58877 0.0403896 0.0403896 1 1 0
5.60834 0.0399214 0.0399214 1 1 0
5.62792 0.0394655 0.0394655 1 1 0
5.64751 0.0390213 0.0390213 1 1 0
5.66711 0.0385884 0.0385884 1 1 0
5.68672 0.0381664 0.0381664 1 1 0
5.70634 0.0377548 0.0377548 1 1 0
5.72598 0.0373532 0.0373532 1 1 0
5.74562 0.0369613 0.0369613 1 1 0
5.76527 0.0365787 0.0365787 1 1 0
5.78493 0.0362051 0.0362051 1 1 0
5.80459 0.0358402 0.0358402 1 1 0
5.82427 0.0354836 0.0354836 1 1 0
5.84395 0.0351351 0.0351351 1 1 0
5.86365 0.0347943 0.0347943 1 1 0
5.88335 0.0344611 0.0344611 1 1 0
5.90305 0.0341351 0.0341351 1 1 0
5.92277 0.0338162 0.0338162 1 1 0
5.94249 0.033504 0.033504 1 1 0
5.96222 0.0331984 0.0331984 1 1 0
5.98195 0.0328991 0.0328991 1 1 0
6.0017 0.032606 0.032606 1 1 0
6.02144 0.0323188 0.0323188 1 1 0
6.0412 0.0320374 0.0320374 1 1 0
6.06096 0.0317616 0.0317616 1 1 0
6.08072 0.0314911 0.0314911 1 1 0
6.1005 0.0312259 0.0312259 1 1 0
6.12027 0.0309658 0.0309658 1 1 0
6.14006 0.0307106 0.0307106 1 1 0
6.15984 0.0304602 0.0304602 1 1 0
6.17963 0.0302144 0.0302144 1 1 0
6.19943 0.0299732 0.0299732 1 1 0
6.21923 0.0297363 0.0297363 1 1 0
6.23904 0.0295037 0.0295037 1 1 0
6.25885 0.0292752 0.0292752 1 1 0
6.27867 0.0290507 0.0290507 1 1 0
6.29849 0.0288301 0.0288301 1 1 0
6.31831 0.0286134 0.0286134 1 1 0
6.33814 0.0284003 0.0284003 1 1 0
6.35797 0.0281908 0.0281908 1 1 0
6.3778 0.0279849 0.0279849 1 1 0
6.39764 0.0277823 0.0277823 1 1 0
6.41748 0.0275831 0.0275831 1 1 0
6.43733 0.0273871 0.0273871 1 1 0
6.45718 0.0271942 0.0271942 1 1 0
6.47703 0.0270045 0.0270045 1 1 0
6.49688 0.0268177 0.0268177 1 1 0
6.51674 0.0266338 0.0266338 1 1 0
6.5366 0.0264528 0.0264528 1 1 0
6.55647 0.0262746 0.0262746 1 1 0
6.57634 0.026099 0.026099 1 1 0
6.59621 0.0259262 0.0259262 1 1 0
6.61608 0.0257559 0.0257559 1 1 0
6.63595 0.0255881 0.0255881 1 1 0
6.65583 0.0254228 0.0254228 1 1 0
6.67571 0.0252598 0.0252598 1 1 0
6.69559 0.0250993 0.0250993 1 1 0
6.71548 0.024941 0.024941 1 1 0
6.73537 0.024785 0.024785 1 1 0
6.75526 0.0246311 0.0246311 1 1 0
6.77515 0.0244794 0.0244794 1 1 0
6.79504 0.0243298 0.0243298 1 1 0
6.81494 0.0241823 0.0241823 1 1 0
6.83484 0.0240368 0.0240368 1 1 0
6.85474 0.0238932 0.0238932 1 1 0
6.87464 0.0237515 0.0237515 1 1 0
6.89454 0.0236118 0.0236118 1 1 0
6.91445 0.0234738 0.0234738 1 1 0
6.93436 0.0233377 0.0233377 1 1 0
6.95427 0.0232033 0.0232033 1 1 0
6.97418 0.0230707 0.0230707 1 1 0
6.99409 0.0229397 0.0229397 1 1 0
7.014 0.0228104 0.0228104 1 1 0
7.03392 0.0226827 0.0226827 1 1 0
7.05384 0.0225567 0.0225567 1 1 0
7.07376 0.0224322 0.0224322 1 1 0
7.09368 0.0223092 0.0223092 1 1 0
7.1136 0.0221877 0.0221877 1 1 0
7.13352 0.0220677 0.0220677 1 1 0
7.15345 0.0219491 0.0219491 1 1 0
7.17337 0.0218319 0.0218319 1 1 0
7.1933 0.0217162 0.0217162 1 1 0
7.21323 0.0216018 0.0216018 1 1 0
7.23316 0.0214887 0.0214887 1 1 0
7.25309 0.0213769 0.0213769 1 1 0
7.27302 0.0212665 0.0212665 1 1 0
7.29295 0.0211573 0.0211573 1 1 0
7.31289 0.0210493 0.0210493 1 1 0
7.33283 0.0209425 0.0209425 1 1 0
7.35276 0.020837 0.020837 1 1 0
7.3727 0.0207326 0.0207326 1 1 0
7.39264 0.0206294 0.0206294 1 1 0
7.41258 0.0205273 0.0205273 1 1 0
7.43252 0.0204263 0.0204263 1 1 0
7.45246 0.0203265 0.0203265 1 1 0
7.47241 0.0202276 0.0202276 1 1 0
7.49235 0.0201299 0.0201299 1 1 0
7.51229 0.0200332 0.0200332 1 1 0
7.53224 0.0199375 0.0199375 1 1 0
7.55219 0.0198428 0.0198428 1 1 0
7.57213 0.0197492 0.0197492 1 1 0
7.59208 0.0196564 0.0196564 1 1 0
7.61203 0.0195647 0.0195647 1 1 0
7.63198 0.0194739 0.0194739 1 1 0
7.65193 0.019384 0.019384 1 1 0
7.67188 0.019295 0.019295 1 1 0
7.69184 0.0192069 0.0192069 1 1 0
7.71179 0.0191197 0.0191197 1 1 0
7.73174 0.0190333 0.0190333 1 1 0
7.7517 0.0189478 0.0189478 1 1 0
7.77165 0.0188632 0.0188632 1 1 0
7.79161 0.0187794 0.0187794 1 1 0
7.81157 0.0186964 0.0186964 1 1 0
7.83152 0.0186142 0.0186142 1 1 0
7.85148 0.0185327 0.0185327 1 1 0
7.87144 0.0184521 0.0184521 1 1 0
7.8914 0.0183722 0.0183722 1 1 0
7.91136 0.0182931 0.0182931 1 1 0
7.93132 0.0182147 0.0182147 1 1 0
7.95128 0.0181371 0.0181371 1 1 0
7.97124 0.0180602 0.0180602 1 1 0
7.99121 0.0179839 0.0179839 1 1 0
8.01117 0.0179084 0.0179084 1 1 0
8.03113 0.0178336 0.0178336 1 1 0
8.0511 0.0177595 0.0177595 1 1 0
8.07106 0.017686 0.017686 1 1 0
8.09103 0.0176132 0.0176132 1 1 0
8.11099 0.017541 0.017541 1 1 0
8.13096 0.0174695 0.0174695 1 1 0
8.15092 0.0173986 0.0173986 1 1 0
8.17089 0.0173283 0.0173283 1 1 0
8.19086 0.0172587 0.0172587 1 1 0
8.21083 0.0171896 0.0171896 1 1 0
8.23079 0.0171212 0.0171212 1 1 0
8.25076 0.0170533 0.0170533 1 1 0
8.27073 0.016986 0.016986 1 1 0
8.2907 0.0169193 0.0169193 1 1 0
8.31067 0.0168532 0.0168532 1 1 0
8.33064 0.0167876 0.0167876 1 1 0
8.35061 0.0167226 0.0167226 1 1 0
8.37058 0.0166581 0.0166581 1 1 0
8.39056 0.0165942 0.0165942 1 1 0
8.41053 0.0165307 0.0165307 1 1 0
8.4305 0.0164678 0.0164678 1 1 0
8.45047 0.0164055 0.0164055 1 1 0
8.47045 0.0163436 0.0163436 1 1 0
8.49042 0.0162822 0.0162822 1 1 0
8.51039 0.0162214 0.0162214 1 1 0
8.53037 0.016161 0.016161 1 1 0
8.55034 0.0161011 0.0161011 1 1 0
8.57032 0.0160417 0.0160417 1 1 0
8.59029 0.0159827 0.0159827 1 1 0
8.61027 0.0159242 0.0159242 1 1 0
8.63025 0.0158662 0.0158662 1 1 0
8.65022 0.0158087 0.0158087 1 1 0
8.6702 0.0157515 0.0157515 1 1 0
8.69018 0.0156949 0.0156949 1 1 0
8.71015 0.0156386 0.0156386 1 1 0
8.73013 0.0155828 0.0155828 1 1 0
8.75011 0.0155274 0.0155274 1 1 0
8.77009 0.0154725 0.0154725 1 1 0
8.79006 0.0154179 0.0154179 1 1 0
8.81004 0.0153638 0.0153638 1 1 0
8.83002 0.0153101 0.0153101 1 1 0
8.85 0.0152568 0.0152568 1 1 0
8.86998 0.0152038 0.0152038 1 1 0
8.88996 0.0151513 0.0151513 1 1 0
8.90994 0.0150992 0.0150992 1 1 0
8.92992 0.0150474 0.0150474 1 1 0
8.9499 0.014996 0.014996 1 1 0
8.96988 0.014945 0.014945 1 1 0
8.98986 0.0148944 0.0148944 1 1 0
9.00984 0.0148441 0.0148441 1 1 0
9.02983 0.0147942 0.0147942 1 1 0
9.04981 0.0147447 0.0147447 1 1 0
9.06979 0.0146955 0.0146955 1 1 0
9.08977 0.0146466 0.0146466 1 1 0
9.10975 0.0145981 0.0145981 1 1 0
9.12974 0.01455 0.01455 1 1 0
9.14972 0.0145022 0.0145022 1 1 0
9.1697 0.0144547 0.0144547 1 1 0
9.18968 0.0144075 0.0144075 1 1 0
9.20967 0.0143607 0.0143607 1 1 0
9.22965 0.0143142 0.0143142 1 1 0
9.24963 0.014268 0.014268 1 1 0
9.26962 0.0142222 0.0142222 1 1 0
9.2896 0.0141766 0.0141766 1 1 0
9.30959 0.0141314 0.0141314 1 1 0
9.32957 0.0140864 0.0140864 1 1 0
9.34956 0.0140418 0.0140418 1 1 0
9.36954 0.0139975 0.0139975 1 1 0
9.38953 0.0139534 0.0139534 1 1 0
9.40951 0.0139097 0.0139097 1 1 0
9.4295 0.0138663 0.0138663 1 1 0
9.44948 0.0138231 0.0138231 1 1 0
9.46947 0.0137802 0.0137802 1 1 0
9.48945 0.0137376 0.0137376 1 1 0
9.50944 0.0136953 0.0136953 1 1 0
9.52943 0.0136533 0.0136533 1 1 0
9.54941 0.0136115 0.0136115 1 1 0
9.5694 0.01357 0.01357 1 1 0
9.58939 0.0135288 0.0135288 1 1 0
9.60937 0.0134878 0.0134878 1 1 0
9.62936 0.0134471 0.0134471 1 1 0
9.64935 0.0134067 0.0134067 1 1 0
9.66933 0.0133665 0.0133665 1 1 0
9.68932 0.0133266 0.0133266 1 1 0
9.70931 0.0132869 0.0132869 1 1 0
9.7293 0.0132475 0.0132475 1 1 0
9.74928 0.0132083 0.0132083 1 1 0
9.76927 0.0131694 0.0131694 1 1 0
9.78926 0.0131307 0.0131307 1 1 0
9.80925 0.0130922 0.0130922 1 1 0
9.82924 0.013054 0.013054 1 1 0
9.84922 0.013016 0.013016 1 1 0
9.86921 0.0129783 0.0129783 1 1 0
9.8892 0.0129408 0.0129408 1 1 0
9.90919 0.0129035 0.0129035 1 1 0
9.92918 0.0128664 0.0128664 1 1 0
9.94917 0.0128296 0.0128296 1 1 0
9.96916 0.012793 0.012793 1 1 0
9.98915 0.0127566 0.0127566 1 1 0
10.0091 0.0127204 0.0127204 1 1 0
10.0291 0.0126844 0.0126844 1 1 0
10.0491 0.0126487 0.0126487 1 1 0
10.0691 0.0126132 0.0126132 1 1 0
10.0891 0.0125778 0.0125778 1 1 0
10.1091 0.0125427 0.0125427 1 1 0
10.1291 0.0125078 0.0125078 1 1 0
10.1491 0.0124731 0.0124731 1 1 0
10.1691 0.0124386 0.0124386 1 1 0
10.189 0.0124043 0.0124043 1 1 0
10.209 0.0123702 0.0123702 1 1 0
10.229 0.0123363 0.0123363 1 1 0
10.249 0.0123026 0.0123026 1 1 0
10.269 0.0122691 0.0122691 1 1 0
10.289 0.0122357 0.0122357 1 1 0
10.309 0.0122026 0.0122026 1 1 0
10.329 0.0121696 0.0121696 1 1 0
10.349 0.0121369 0.0121369 1 1 0
10.369 0.0121043 0.0121043 1 1 0
10.389 0.0120719 0.0120719 1 1 0
10.4089 0.0120397 0.0120397 1 1 0
10.4289 0.0120077 0.0120077 1 1 0
10.4489 0.0119758 0.0119758 1 1 0
10.4689 0.0119441 0.0119441 1 1 0
10.4889 0.0119126 0.0119126 1 1 0
10.5089 0.0118813 0.0118813 1 1 0
10.5289 0.0118502 0.0118502 1 1 0
10.5489 0.0118192 0.0118192 1 1 0
10.5689 0.0117884 0.0117884 1 1 0
10.5889 0.0117577 0.0117577 1 1 0
10.6089 0.0117273 0.0117273 1 1 0
10.6289 0.0116969 0.0116969 1 1 0
10.6488 0.0116668 0.0116668 1 1 0
10.6688 0.0116368 0.0116368 1 1 0
10.6888 0.011607 0.011607 1 1 0
10.7088 0.0115773 0.0115773 1 1 0
10.7288 0.0115478 0.0115478 1 1 0
10.7488 0.0115185 0.0115185 1 1 0
10.7688 0.0114893 0.0114893 1 1 0
10.7888 0.0114602 0.0114602 1 1 0
10.8088 0.0114313 0.0114313 1 1 0
10.8288 0.0114026 0.0114026 1 1 0
10.8488 0.011374 0.011374 1 1 0
10.8688 0.0113456 0.0113456 1 1 0
10.8888 0.0113173 0.0113173 1 1 0
10.9088 0.0112892 0.0112892 1 1 0
10.9287 0.0112612 0.0112612 1 1 0
10.9487 0.0112333 0.0112333 1 1 0
10.9687 0.0112056 0.0112056 1 1 0
10.9887 0.0111781 0.0111781 1 1 0
11.0087 0.0111506 0.0111506 1 1 0
11.0287 0.0111234 0.0111234 1 1 0
11.0487 0.0110962 0.0110962 1 1 0
11.0687 0.0110692 0.0110692 1 1 0
11.0887 0.0110424 0.0110424 1 1 0
11.1087 0.0110156 0.0110156 1 1 0
11.1287 0.010989 0.010989 1 1 0
11.1487 0.0109626 0.0109626 1 1 0
11.1687 0.0109362 0.0109362 1 1 0
11.1887 0.01091 0.01091 1 1 0
11.2087 0.010884 0.010884 1 1 0
11.2287 0.010858 0.010858 1 1 0
11.2486 0.0108322 0.0108322 1 1 0
11.2686 0.0108065 0.0108065 1 1 0
11.2886 0.010781 0.010781 1 1 0
11.3086 0.0107556 0.0107556 1 1 0
11.3286 0.0107303 0.0107303 1 1 0
11.3486 0.0107051 0.0107051 1 1 0
11.3686 0.01068 0.01068 1 1 0
11.3886 0.0106551 0.0106551 1 1 0
11.4086 0.0106303 0.0106303 1 1 0
11.4286 0.0106056 0.0106056 1 1 0
11.4286 0.0106056 0.0106056 1 1 0
11.4686 0.0105565 0.0105565 1 1 0
11.4886 0.0105322 0.0105322 1 1 0
11.5086 0.010508 0.010508 1 1 0
11.5286 0.0104839 0.0104839 1 1 0
11.5486 0.0104599 0.0104599 1 1 0
11.5686 0.010436 0.010436 1 1 0
11.5886 0.0104122 0.0104122 1 1 0
11.6086 0.0103886 0.0103886 1 1 0
11.6285 0.010365 0.010365 1 1 0
11.6485 0.0103416 0.0103416 1 1 0
11.6685 0.0103183 0.0103183 1 1 0
11.6885 0.0102951 0.0102951 1 1 0
11.7085 0.010272 0.010272 1 1 0
11.7285 0.010249 0.010249 1 1 0
11.7485 0.0102261 0.0102261 1 1 0
11.7685 0.0102033 0.0102033 1 1 0
11.7885 0.0101806 0.0101806 1 1 0
11.8085 0.0101581 0.0101581 1 1 0
11.8285 0.0101356 0.0101356 1 1 0
11.8485 0.0101132 0.0101132 1 1 0
11.8685 0.010091 0.010091 1 1 0
11.8885 0.0100688 0.0100688 1 1 0
11.9085 0.0100467 0.0100467 1 1 0
11.9285 0.0100248 0.0100248 1 1 0
11.9485 0.0100029 0.0100029 1 1 0
11.9685 0.00998114 0.00998114 1 1 0
11.9885 0.00995947 0.00995947 1 1 0
12.0085 0.0099379 0.0099379 1 1 0
12.0285 0.00991643 0.00991643 1 1 0
12.0485 0.00989505 0.00989505 1 1 0
12.0685 0.00987377 0.00987377 1 1 0
12.0884 0.00985259 0.00985259 1 1 0
12.1084 0.00983149 0.00983149 1 1 0
12.1284 0.00981049 0.00981049 1 1 0
12.1484 0.00978959 0.00978959 1 1 0
12.1684 0.00976877 0.00976877 1 1 0
12.1884 0.00974805 0.00974805 1 1 0
12.2084 0.00972742 0.00972742 1 1 0
12.2284 0.00970688 0.00970688 1 1 0
12.2484 0.00968642 0.00968642 1 1 0
12.2684 0.00966606 0.00966606 1 1 0
12.2884 0.00964579 0.00964579 1 1 0
12.3084 0.0096256 0.0096256 1 1 0
12.3284 0.0096055 0.0096055 1 1 0
12.3484 0.00958549 0.00958549 1 1 0
12.3684 0.00956556 0.00956556 1 1 0
12.3884 0.00954572 0.00954572 1 1 0
12.4084 0.00952596 0.00952596 1 1 0
12.4284 0.00950629 0.00950629 1 1 0
12.4484 0.0094867 0.0094867 1 1 0
12.4684 0.0094672 0.0094672 1 1 0
12.4884 0.00944778 0.00944778 1 1 0
12.5084 0.00942844 0.00942844 1 1 0
12.5284 0.00940918 0.00940918 1 1 0
12.5484 0.00939 0.00939 1 1 0
12.5684 0.0093709 0.0093709 1 1 0
12.5884 0.00935189 0.00935189 1 1 0
12.6084 0.00933295 0.00933295 1 1 0
12.6283 0.00931409 0.00931409 1 1 0
12.6483 0.00929531 0.00929531 1 1 0
12.6683 0.00927661 0.00927661 1 1 0
12.6883 0.00925799 0.00925799 1 1 0
12.7083 0.00923944 0.00923944 1 1 0
12.7283 0.00922097 0.00922097 1 1 0
12.7483 0.00920258 0.00920258 1 1 0
12.7683 0.00918426 0.00918426 1 1 0
12.7883 0.00916602 0.00916602 1 1 0
12.8083 0.00914785 0.00914785 1 1 0
12.8283 0.00912975 0.00912975 1 1 0
12.8483 0.00911173 0.00911173 1 1 0
12.8683 0.00909379 0.00909379 1 1 0
12.8883 0.00907591 0.00907591 1 1 0
12.9083 0.00905811 0.00905811 1 1 0
12.9283 0.00904038 0.00904038 1 1 0
12.9483 0.00902272 0.00902272 1 1 0
12.9683 0.00900513 0.00900513 1 1 0
12.9883 0.00898761 0.00898761 1 1 0
13.0083 0.00897017 0.00897017 1 1 0
13.0283 0.00895279 0.00895279 1 1 0
13.0483 0.00893548 0.00893548 1 1 0
13.0683 0.00891824 0.00891824 1 1 0
13.0883 0.00890107 0.00890107 1 1 0
13.1083 0.00888397 0.00888397 1 1 0
13.1283 0.00886693 0.00886693 1 1 0
13.1483 0.00884996 0.00884996 1 1 0
13.1683 0.00883306 0.00883306 1 1 0
13.1883 0.00881622 0.00881622 1 1 0
13.2083 0.00879946 0.00879946 1 1 0
13.2283 0.00878275 0.00878275 1 1 0
13.2483 0.00876611 0.00876611 1 1 0
13.2683 0.00874954 0.00874954 1 1 0
13.2883 0.00873303 0.00873303 1 1 0
13.3083 0.00871658 0.00871658 1 1 0
13.3282 0.0087002 0.0087002 1 1 0
13.3482 0.00868388 0.00868388 1 1 0
13.3682 0.00866763 0.00866763 1 1 0
13.3882 0.00865143 0.00865143 1 1 0
13.4082 0.0086353 0.0086353 1 1 0
13.4282 0.00861923 0.00861923 1 1 0
13.4482 0.00860323 0.00860323 1 1 0
13.4682 0.00858728 0.00858728 1 1 0
13.4882 0.00857139 0.00857139 1 1 0
13.5082 0.00855557 0.00855557 1 1 0
13.5282 0.0085398 0.0085398 1 1 0
13.5482 0.00852409 0.00852409 1 1 0
13.5682 0.00850845 0.00850845 1 1 0
13.5882 0.00849286 0.00849286 1 1 0
13.6082 0.00847733 0.00847733 1 1 0
13.6282 0.00846186 0.00846186 1 1 0
13.6482 0.00844645 0.00844645 1 1 0
13.6682 0.00843109 0.00843109 1 1 0
13.6882 0.00841579 0.00841579 1 1 0
13.7082 0.00840055 0.00840055 1 1 0
13.7282 0.00838537 0.00838537 1 1 0
13.7482 0.00837024 0.00837024 1 1 0
13.7682 0.00835516 0.00835516 1 1 0
13.7882 0.00834015 0.00834015 1 1 0
13.8082 0.00832519 0.00832519 1 1 0
13.8282 0.00831028 0.00831028 1 1 0
13.8482 0.00829543 0.00829543 1 1 0
13.8682 0.00828063 0.00828063 1 1 0
13.8882 0.00826589 0.00826589 1 1 0
13.9082 0.0082512 0.0082512 1 1 0
13.9282 0.00823656 0.00823656 1 1 0
13.9482 0.00822198 0.00822198 1 1 0
13.9682 0.00820745 0.00820745 1 1 0
13.9882 0.00819297 0.00819297 1 1 0
14.0082 0.00817855 0.00817855 1 1 0
14.0282 0.00816417 0.00816417 1 1 0
14.0482 0.00814985 0.00814985 1 1 0
14.0682 0.00813558 0.00813558 1 1 0
14.0882 0.00812136 0.00812136 1 1 0
14.1082 0.00810719 0.00810719 1 1 0
14.1282 0.00809308 0.00809308 1 1 0
14.1482 0.00807901 0.00807901 1 1 0
14.1682 0.00806499 0.00806499 1 1 0
14.1882 0.00805103 0.00805103 1 1 0
14.2082 0.00803711 0.00803711 1 1 0
14.2282 0.00802324 0.00802324 1 1 0
14.2482 0.00800942 0.00800942 1 1 0
14.2682 0.00799565 0.00799565 1 1 0
14.2881 0.00798193 0.00798193 1 1 0
14.3081 0.00796825 0.00796825 1 1 0
14.3281 0.00795463 0.00795463 1 1 0
14.3481 0.00794105 0.00794105 1 1 0
14.3681 0.00792752 0.00792752 1 1 0
14.3881 0.00791404 0.00791404 1 1 0
14.4081 0.0079006 0.0079006 1 1 0
14.4281 0.00788721 0.00788721 1 1 0
14.4481 0.00787386 0.00787386 1 1 0
14.4681 0.00786057 0.00786057 1 1 0
14.4881 0.00784732 0.00784732 1 1 0
14.5081 0.00783411 0.00783411 1 1 0
14.5281 0.00782095 0.00782095 1 1 0
14.5481 0.00780783 0.00780783 1 1 0
14.5681 0.00779476 0.00779476 1 1 0
14.5881 0.00778174 0.00778174 1 1 0
14.6081 0.00776876 0.00776876 1 1 0
14.6281 0.00775582 0.00775582 1 1 0
14.6481 0.00774293 0.00774293 1 1 0
14.6681 0.00773008 0.00773008 1 1 0
14.6881 0.00771727 0.00771727 1 1 0
14.7081 0.00770451 0.00770451 1 1 0
14.7281 0.00769179 0.00769179 1 1 0
14.7481 0.00767911 0.00767911 1 1 0
14.7681 0.00766648 0.00766648 1 1 0
14.7881 0.00765389 0.00765389 1 1 0
14.8081 0.00764134 0.00764134 1 1 0
14.8281 0.00762883 0.00762883 1 1 0
14.8481 0.00761637 0.00761637 1 1 0
14.8681 0.00760395 0.00760395 1 1 0
14.8881 0.00759156 0.00759156 1 1 0
14.9081 0.00757922 0.00757922 1 1 0
14.9281 0.00756692 0.00756692 1 1 0
14.9481 0.00755466 0.00755466 1 1 0
14.9681 0.00754245 0.00754245 1 1 0
14.9881 0.00753027 0.00753027 1 1 0
15.0081 0.00751813 0.00751813 1 1 0
15.0281 0.00750603 0.00750603 1 1 0
15.0481 0.00749397 0.00749397 1 1 0
15.0681 0.00748195 0.00748195 1 1 0
15.0881 0.00746998 0.00746998 1 1 0
15.1081 0.00745804 0.00745804 1 1 0
15.1281 0.00744613 0.00744613 1 1 0
15.1481 0.00743427 0.00743427 1 1 0
15.1681 0.00742245 0.00742245 1 1 0
15.1881 0.00741066 0.00741066 1 1 0
15.2081 0.00739891 0.00739891 1 1 0
15.2281 0.0073872 0.0073872 1 1 0
15.2481 0.00737553 0.00737553 1 1 0
15.2681 0.0073639 0.0073639 1 1 0
15.2881 0.0073523 0.0073523 1 1 0
15.3081 0.00734074 0.00734074 1 1 0
15.3281 0.00732922 0.00732922 1 1 0
15.3481 0.00731773 0.00731773 1 1 0
15.3681 0.00730629 0.00730629 1 1 0
15.3881 0.00729487 0.00729487 1 1 0
15.4081 0.0072835 0.0072835 1 1 0
15.4281 0.00727216 0.00727216 1 1 0
15.4481 0.00726085 0.00726085 1 1 0
15.4681 0.00724959 0.00724959 1 1 0
15.4881 0.00723835 0.00723835 1 1 0
15.5081 0.00722716 0.00722716 1 1 0
15.5281 0.007216 0.007216 1 1 0
15.5481 0.00720487 0.00720487 1 1 0
15.5681 0.00719378 0.00719378 1 1 0
15.5881 0.00718272 0.00718272 1 1 0
15.6081 0.0071717 0.0071717 1 1 0
15.6281 0.00716071 0.00716071 1 1 0
15.6481 0.00714976 0.00714976 1 1 0
15.668 0.00713884 0.00713884 1 1 0
15.688 0.00712795 0.00712795 1 1 0
15.708 0.0071171 0.0071171 1 1 0
15.728 0.00710629 0.00710629 1 1 0
15.748 0.0070955 0.0070955 1 1 0
15.768 0.00708475 0.00708475 1 1 0
15.788 0.00707403 0.00707403 1 1 0
15.808 0.00706335 0.00706335 1 1 0
15.828 0.0070527 0.0070527 1 1 0
15.848 0.00704208 0.00704208 1 1 0
15.868 0.00703149 0.00703149 1 1 0
15.888 0.00702094 0.00702094 1 1 0
15.908 0.00701042 0.00701042 1 1 0
15.928 0.00699993 0.00699993 1 1 0
15.948 0.00698947 0.00698947 1 1 0
15.968 0.00697904 0.00697904 1 1 0
15.988 0.00696865 0.00696865 1 1 0
16.008 0.00695829 0.00695829 1 1 0
16.028 0.00694795 0.00694795 1 1 0
16.048 0.00693765 0.00693765 1 1 0
16.068 0.00692738 0.00692738 1 1 0
16.088 0.00691715 0.00691715 1 1 0
16.108 0.00690694 0.00690694 1 1 0
16.128 0.00689676 0.00689676 1 1 0
16.148 0.00688662 0.00688662 1 1 0
16.168 0.0068765 0.0068765 1 1 0
16.188 0.00686641 0.00686641 1 1 0
16.208 0.00685636 0.00685636 1 1 0
16.228 0.00684633 0.00684633 1 1 0
16.248 0.00683634 0.00683634 1 1 0
16.268 0.00682637 0.00682637 1 1 0
16.288 0.00681644 0.00681644 1 1 0
16.308 0.00680653 0.00680653 1 1 0
16.328 0.00679665 0.00679665 1 1 0
16.348 0.0067868 0.0067868 1 1 0
16.368 0.00677698 0.00677698 1 1 0
16.388 0.00676719 0.00676719 1 1 0
16.408 0.00675743 0.00675743 1 1 0
16.428 0.0067477 0.0067477 1 1 0
16.448 0.00673799 0.00673799 1 1 0
16.468 0.00672832 0.00672832 1 1 0
16.488 0.00671867 0.00671867 1 1 0
16.508 0.00670905 0.00670905 1 1 0
16.528 0.00669946 0.00669946 1 1 0
16.548 0.00668989 0.00668989 1 1 0
16.568 0.00668036 0.00668036 1 1 0
16.588 0.00667085 0.00667085 1 1 0
16.608 0.00666137 0.00666137 1 1 0
16.628 0.00665191 0.00665191 1 1 0
16.648 0.00664249 0.00664249 1 1 0
16.668 0.00663309 0.00663309 1 1 0
16.688 0.00662371 0.00662371 1 1 0
16.708 0.00661437 0.00661437 1 1 0
16.728 0.00660505 0.00660505 1 1 0
16.748 0.00659576 0.00659576 1 1 0
16.768 0.00658649 0.00658649 1 1 0
16.788 0.00657725 0.00657725 1 1 0
16.808 0.00656804 0.00656804 1 1 0
16.828 0.00655886 0.00655886 1 1 0
16.848 0.00654969 0.00654969 1 1 0
16.868 0.00654056 0.00654056 1 1 0
16.888 0.00653145 0.00653145 1 1 0
16.908 0.00652237 0.00652237 1 1 0
16.928 0.00651331 0.00651331 1 1 0
16.948 0.00650428 0.00650428 1 1 0
16.968 0.00649528 0.00649528 1 1 0
16.988 0.00648629 0.00648629 1 1 0
17.008 0.00647734 0.00647734 1 1 0
17.028 0.00646841 0.00646841 1 1 0
17.048 0.0064595 0.0064595 1 1 0
17.068 0.00645062 0.00645062 1 1 0
17.088 0.00644177 0.00644177 1 1 0
17.108 0.00643294 0.00643294 1 1 0
17.128 0.00642413 0.00642413 1 1 0
17.148 0.00641535 0.00641535 1 1 0
17.168 0.00640659 0.00640659 1 1 0
17.188 0.00639786 0.00639786 1 1 0
17.208 0.00638915 0.00638915 1 1 0
17.228 0.00638046 0.00638046 1 1 0
17.248 0.0063718 0.0063718 1 1 0
17.268 0.00636317 0.00636317 1 1 0
17.288 0.00635455 0.00635455 1 1 0
17.308 0.00634596 0.00634596 1 1 0
17.328 0.0063374 0.0063374 1 1 0
17.348 0.00632885 0.00632885 1 1 0
17.368 0.00632033 0.00632033 1 1 0
17.388 0.00631184 0.00631184 1 1 0
17.408 0.00630337 0.00630337 1 1 0
17.428 0.00629492 0.00629492 1 1 0
0.576735 0.181573 0.168154 3 2 0
0.577714 0.188696 0.161849 3 2 0
0.579337 0.19609 0.155815 3 2 0
0.581594 0.203751 0.15005 3 2 0
0.584468 0.211675 0.144548 3 2 0
0.587941 0.219858 0.139303 3 2 0
0.59199 0.228295 0.134311 3 2 0
0.59659 0.236981 0.129562 3 2 0
0.601716 0.24591 0.125047 3 2 0
0.607338 0.25508 0.120759 3 2 0
0.613429 0.264483 0.116687 3 2 0
0.619961 0.274117 0.11282 3 2 0
0.626904 0.283979 0.109151 3 2 0
0.63423 0.294065 0.105669 3 2 0
0.641912 0.304372 0.102363 3 2 0
0.649924 0.3149 0.0992245 3 2 0
0.65824 0.325646 0.0962445 3 2 0
0.666836 0.336612 0.0934135 3 2 0
0.675689 0.347795 0.0907231 3 2 0
0.684777 0.359199 0.0881656 3 2 0
0.694079 0.370821 0.0857338 3 2 0
0.703576 0.382665 0.0834189 3 2 0
0.713251 0.394731 0.0812151 3 2 0
0.723085 0.407024 0.0791159 3 2 0
0.733062 0.419542 0.0771151 3 2 0
0.743169 0.432291 0.0752072 3 2 0
0.753391 0.445272 0.0733871 3 2 0
0.763715 0.458491 0.0716489 3 2 0
0.774129 0.471947 0.0699886 3 2 0
0.784621 0.485643 0.0684018 3 2 0
0.795181 0.49959 0.0668845 3 2 0
0.805799 0.513779 0.065433 3 2 0
0.816467 0.528225 0.0640424 3 2 0
0.827176 0.54292 0.0627115 3 2 0
0.838403 0.557517 0.0614476 3 2 0
0.851165 0.571122 0.0602726 3 2 0
0.864573 0.584161 0.0591735 3 2 0
0.878439 0.596848 0.0581291 3 2 0
0.892656 0.609277 0.0571364 3 2 0
0.907156 0.621501 0.0561841 3 2 0
0.921894 0.63356 0.0552743 3 2 0
0.936835 0.645483 0.0543982 3 2 0
0.951957 0.65728 0.0535543 3 2 0
0.967241 0.668969 0.052744 3 2 0
0.98267 0.680561 0.0519596 3 2 0
0.998232 0.692065 0.0512031 3 2 0
1.01394 0.703488 0.0504752 3 2 0
1.02984 0.714811 0.049793 3 2 0
1.04589 0.726052 0.0491431 3 2 0
1.06205 0.737219 0.0485156 3 2 0
1.07831 0.748307 0.0479123 3 2 0
1.09467 0.759332 0.0473293 3 2 0
1.11112 0.770289 0.0467664 3 2 0
1.12766 0.781175 0.0462182 3 2 0
1.14428 0.792001 0.0456887 3 2 0
1.16097 0.802763 0.0451735 3 2 0
1.17773 0.813455 0.0446717 3 2 0
1.19457 0.824078 0.0441859 3 2 0
1.21148 0.834632 0.0437106 3 2 0
1.22845 0.845119 0.0432478 3 2 0
1.24548 0.855529 0.0427986 3 2 0
1.26258 0.865864 0.0423595 3 2 0
1.27974 0.876116 0.0419301 3 2 0
1.29696 0.886294 0.041513 3 2 0
1.31424 0.89639 0.0411042 3 2 0
1.33158 0.906409 0.040704 3 2 0
1.34897 0.916332 0.0403147 3 2 0
1.36642 0.926164 0.0399349 3 2 0
1.38392 0.935888 0.0395615 3 2 0
1.40148 0.945529 0.0391955 3 2 0
1.41909 0.955069 0.0388381 3 2 0
1.43675 0.964507 0.0384903 3 2 0
1.45446 0.973837 0.0381469 3 2 0
1.47222 0.983056 0.0378112 3 2 0
1.49003 0.992172 0.0374836 3 2 0
1.5079 1.00116 0.0371609 3 2 0
1.5258 1.01003 0.0368452 3 2 0
1.54376 1.01878 0.0365371 3 2 0
1.56176 1.0274 0.0362348 3 2 0
1.57981 1.03589 0.0359358 3 2 0
1.59791 1.04423 0.035643 3 2 0
1.61605 1.05244 0.0353571 3 2 0
1.63423 1.06051 0.0350771 3 2 0
1.65246 1.06844 0.0348003 3 2 0
1.67072 1.07622 0.0345295 3 2 0
1.68903 1.08384 0.034262 3 2 0
1.70739 1.09132 0.0339998 3 2 0
1.72578 1.09863 0.0337434 3 2 0
1.74421 1.10577 0.033492 3 2 0
1.76268 1.11275 0.033243 3 2 0
1.78118 1.11955 0.0329986 3 2 0
1.79973 1.12618 0.0327589 3 2 0
1.8183 1.13262 0.0325254 3 2 0
1.83692 1.13889 0.0322926 3 2 0
1.85556 1.14498 0.0320642 3 2 0
1.87425 1.15085 0.0318413 3 2 0
1.89296 1.15655 0.0316219 3 2 0
1.9117 1.16205 0.0314041 3 2 0
1.93048 1.16736 0.0311923 3 2 0
1.94928 1.17246 0.0309816 3 2 0
1.96811 1.17736 0.0307745 3 2 0
1.98697 1.18203 0.0305715 3 2 0
2.00585 1.18649 0.0303715 3 2 0
2.02476 1.19075 0.0301751 3 2 0
2.04369 1.19481 0.0299822 3 2 0
2.06264 1.19863 0.0297928 3 2 0
2.08161 1.20222 0.0296054 3 2 0
2.1006 1.20559 0.0294198 3 2 0
2.11961 1.20873 0.0292388 3 2 0
2.13864 1.21164 0.029061 3 2 0
2.15768 1.21432 0.0288845 3 2 0
2.17674 1.21675 0.028711 3 2 0
2.1958 1.21896 0.0285404 3 2 0
2.21488 1.22089 0.0283727 3 2 0
2.23397 1.22263 0.0282078 3 2 0
2.25307 1.22411 0.0280457 3 2 0
2.27217 1.22535 0.0278852 3 2 0
2.29127 1.22634 0.0277279 3 2 0
2.31038 1.22709 0.0275734 3 2 0
2.32949 1.22759 0.0274217 3 2 0
2.3486 1.22781 0.0272713 3 2 0
2.36771 1.22781 0.0271229 3 2 0
2.38682 1.22753 0.0269775 3 2 0
2.40591 1.22703 0.0268351 3 2 0
2.425 1.22629 0.0266946 3 2 0
2.44409 1.22526 0.0265561 3 2 0
2.46316 1.22399 0.0264194 3 2 0
2.48221 1.22246 0.0262848 3 2 0
2.50125 1.22072 0.026154 3 2 0
2.52028 1.2187 0.0260238 3 2 0
2.53928 1.21644 0.0258957 3 2 0
2.55827 1.21391 0.02577 3 2 0
2.57723 1.21114 0.0256471 3 2 0
2.59616 1.20813 0.0255265 3 2 0
2.61507 1.20489 0.0254076 3 2 0
2.63395 1.20139 0.0252915 3 2 0
2.65279 1.19764 0.0251764 3 2 0
2.67161 1.19366 0.0250627 3 2 0
2.69038 1.18944 0.0249525 3 2 0
2.70911 1.18498 0.0248447 3 2 0
2.72781 1.18032 0.0247379 3 2 0
2.74645 1.1754 0.0246337 3 2 0
2.76505 1.17024 0.024532 3 2 0
2.7836 1.16491 0.0244331 3 2 0
2.8021 1.15932 0.0243356 3 2 0
2.82054 1.15351 0.0242405 3 2 0
2.83891 1.14751 0.0241483 3 2 0
2.85723 1.14128 0.0240588 3 2 0
2.87547 1.13488 0.0239719 3 2 0
2.89364 1.12826 0.0238866 3 2 0
2.91174 1.12146 0.0238052 3 2 0
2.92974 1.11447 0.0237273 3 2 0
2.94765 1.10728 0.0236547 3 2 0
2.96546 1.09994 0.0235854 3 2 0
2.98313 1.09244 0.0235224 3 2 0
3.00063 1.08479 0.0234686 3 2 0
3.01781 1.07702 0.0234382 3 2 0
3.03482 1.06913 0.0234136 3 2 0
3.05171 1.06114 0.0233931 3 2 0
3.06848 1.053 0.0233752 3 2 0
3.08513 1.04473 0.0233602 3 2 0
3.10166 1.03637 0.0233491 3 2 0
3.11806 1.02789 0.0233424 3 2 0
3.13432 1.01931 0.023339 3 2 0
3.15044 1.01065 0.0233385 3 2 0
3.16642 1.0019 0.0233429 3 2 0
3.18226 0.993057 0.0233518 3 2 0
3.19794 0.984163 0.0233644 3 2 0
3.21347 0.975215 0.0233809 3 2 0
3.22883 0.966214 0.0234026 3 2 0
3.24402 0.957136 0.0234293 3 2 0
3.25905 0.948057 0.0234603 3 2 0
3.27389 0.938947 0.0234959 3 2 0
3.28855 0.929808 0.0235373 3 2 0
3.30302 0.920652 0.0235844 3 2 0
3.31729 0.911488 0.0236375 3 2 0
3.33135 0.902358 0.0236954 3 2 0
3.3452 0.893236 0.02376 3 2 0
3.35883 0.884133 0.0238319 3 2 0
3.37223 0.875062 0.0239099 3 2 0
3.38539 0.866043 0.0239947 3 2 0
3.39831 0.857069 0.0240885 3 2 0
3.41097 0.848162 0.0241891 3 2 0
3.42336 0.839319 0.0242977 3 2 0
3.43548 0.83057 0.0244164 3 2 0
3.44732 0.821906 0.0245432 3 2 0
3.45885 0.813354 0.0246809 3 2 0
3.47008 0.804906 0.0248277 3 2 0
3.48098 0.796575 0.0249863 3 2 0
3.49156 0.788368 0.0251563 3 2 0
3.50179 0.780298 0.0253395 3 2 0
3.51167 0.772372 0.0255341 3 2 0
3.52118 0.764601 0.0257423 3 2 0
3.53031 0.756985 0.0259668 3 2 0
3.53906 0.74953 0.026204 3 2 0
3.5474 0.742242 0.0264589 3 2 0
3.55534 0.735126 0.0267318 3 2 0
3.56285 0.728179 0.0270203 3 2 0
3.56994 0.721411 0.0273295 3 2 0
3.5766 0.714816 0.0276592 3 2 0
3.58282 0.708389 0.02801 3 2 0
3.58858 0.702132 0.028384 3 2 0
3.5939 0.696029 0.0287824 3 2 0
3.59876 0.690095 0.0292064 3 2 0
3.60316 0.684319 0.029659 3 2 0
3.6071 0.678672 0.0301416 3 2 0
3.61056 0.673161 0.0306563 3 2 0
3.61356 0.66778 0.031206 3 2 0
3.61607 0.662494 0.0317937 3 2 0
3.6181 0.65732 0.0324223 3 2 0
3.61963 0.652218 0.033096 3 2 0
3.62066 0.6472 0.0338188 3 2 0
3.62116 0.642228 0.0345944 3 2 0
3.62116 0.642228 0.0345944 4 2 0
3.62122 0.639999 0.0349649 4 2 0
3.62093 0.635087 0.0358288 4 2 0
3.62007 0.630195 0.0367605 4 2 0
3.61861 0.625304 0.0377677 4 2 0
3.61651 0.620409 0.0388581 4 2 0
3.61375 0.615478 0.0400396 4 2 0
3.61027 0.610513 0.0413218 4 2 0
3.60605 0.605494 0.0427135 4 2 0
3.60101 0.60042 0.0442247 4 2 0
3.59513 0.595273 0.0458643 4 2 0
3.58837 0.590048 0.0476397 4 2 0
3.58069 0.584753 0.0495579 4 2 0
3.57208 0.579391 0.0516207 4 2 0
3.56256 0.573972 0.0538282 4 2 0
3.55212 0.568515 0.0561774 4 2 0
3.54084 0.563035 0.058659 4 2 0
3.52876 0.557558 0.0612636 4 2 0
3.51597 0.5521 0.0639765 4 2 0
3.50254 0.546679 0.066782 4 2 0
3.48856 0.541322 0.0696607 4 2 0
3.47411 0.536029 0.0725977 4 2 0
3.45926 0.530813 0.0755772 4 2 0
3.44408 0.525682 0.0785872 4 2 0
3.42861 0.520638 0.0816198 4 2 0
3.41292 0.515681 0.0846662 4 2 0
3.39703 0.510813 0.0877207 4 2 0
3.38098 0.506033 0.0907798 4 2 0
3.3648 0.501334 0.0938404 4 2 0
3.34851 0.496718 0.0968984 4 2 0
3.33213 0.492179 0.0999545 4 2 0
3.31568 0.48772 0.103007 4 2 0
3.29916 0.48333 0.106054 4 2 0
3.28258 0.479007 0.109097 4 2 0
3.26597 0.474757 0.112137 4 2 0
3.24931 0.470565 0.11517 4 2 0
3.23263 0.466434 0.118201 4 2 0
3.21592 0.462362 0.121227 4 2 0
3.19919 0.458343 0.12425 4 2 0
3.18245 0.45438 0.12727 4 2 0
3.16568 0.450468 0.130288 4 2 0
3.14891 0.446597 0.133305 4 2 0
3.13213 0.442779 0.13632 4 2 0
3.11534 0.439003 0.139332 4 2 0
3.09855 0.435274 0.142347 4 2 0
3.08175 0.431581 0.145361 4 2 0
3.06494 0.427932 0.148375 4 2 0
3.04814 0.42432 0.151391 4 2 0
3.03134 0.420744 0.15441 4 2 0
3.01453 0.417202 0.157433 4 2 0
2.99773 0.413695 0.160456 4 2 0
2.98092 0.41022 0.163484 4 2 0
2.96412 0.406777 0.166518 4 2 0
2.94732 0.403364 0.169553 4 2 0
2.93053 0.39998 0.172596 4 2 0
2.91374 0.396625 0.175643 4 2 0
2.89695 0.393297 0.178698 4 2 0
2.88016 0.389997 0.181758 4 2 0
2.86339 0.386721 0.184826 4 2 0
2.84661 0.38347 0.187902 4 2 0
2.82984 0.380243 0.190985 4 2 0
2.81308 0.377039 0.194078 4 2 0
2.79633 0.373857 0.197182 4 2 0
2.77958 0.370699 0.200292 4 2 0
2.76283 0.367561 0.203414 4 2 0
2.7461 0.364443 0.206547 4 2 0
2.72937 0.361345 0.209693 4 2 0
2.71265 0.358266 0.212849 4 2 0
2.69594 0.355206 0.216017 4 2 0
2.67923 0.352162 0.2192 4 2 0
2.66254 0.349137 0.222396 4 2 0
2.64585 0.346129 0.225607 4 2 0
2.62917 0.343137 0.228833 4 2 0
2.6125 0.340161 0.232075 4 2 0
2.59585 0.337199 0.235333 4 2 0
2.5792 0.334253 0.238608 4 2 0
2.56256 0.33132 0.241901 4 2 0
2.54594 0.328402 0.245213 4 2 0
2.52932 0.325497 0.248544 4 2 0
2.51272 0.322604 0.251896 4 2 0
2.49613 0.319724 0.255269 4 2 0
2.47955 0.316856 0.258663 4 2 0
2.46299 0.314 0.262081 4 2 0
2.44644 0.311154 0.265523 4 2 0
2.4299 0.30832 0.268989 4 2 0
2.41338 0.305495 0.272482 4 2 0
2.39687 0.30268 0.276002 4 2 0
