0.0357377 0.182584 0.182584 1 1 0
0.0539054 0.182059 0.182059 1 1 0
0.0720665 0.181551 0.181551 1 1 0
0.0902208 0.181059 0.181059 1 1 0
0.108368 0.180584 0.180584 1 1 0
0.126508 0.180126 0.180126 1 1 0
0.14464 0.179686 0.179686 1 1 0
0.162764 0.179263 0.179263 1 1 0
0.180881 0.178857 0.178857 1 1 0
0.198989 0.178469 0.178469 1 1 0
0.217088 0.178099 0.178099 1 1 0
0.235178 0.177747 0.177747 1 1 0
0.253259 0.177413 0.177413 1 1 0
0.271331 0.177098 0.177098 1 1 0
0.289393 0.176801 0.176801 1 1 0
0.307445 0.176523 0.176523 1 1 0
0.325487 0.176264 0.176264 1 1 0
0.343518 0.176024 0.176024 1 1 0
0.361539 0.175803 0.175803 1 1 0
0.379549 0.175602 0.175602 1 1 0
0.397547 0.17542 0.17542 1 1 0
0.415534 0.175258 0.175258 1 1 0
0.433509 0.175116 0.175116 1 1 0
0.451472 0.174995 0.174995 1 1 0
0.469422 0.174894 0.174894 1 1 0
0.487361 0.174814 0.174814 1 1 0
0.505286 0.174754 0.174754 1 1 0
0.523199 0.174715 0.174715 1 1 0
0.541098 0.174698 0.174698 1 1 0
0.558984 0.174702 0.174702 1 1 0
0.576407 0.174727 0.174727 1 1 0
0.594266 0.174774 0.174774 2 1 0
0.612111 0.174843 0.174843 2 1 0
0.629942 0.174934 0.174934 2 1 0
0.647758 0.175048 0.175048 2 1 0
0.665561 0.175184 0.175184 2 1 0
0.683348 0.175343 0.175343 2 1 0
0.701121 0.175524 0.175524 2 1 0
0.718879 0.175729 0.175729 2 1 0
0.736623 0.175957 0.175957 2 1 0
0.754351 0.176209 0.176209 2 1 0
0.772064 0.176484 0.176484 2 1 0
0.789762 0.176782 0.176782 2 1 0
0.807445 0.177105 0.177105 2 1 0
0.825113 0.177451 0.177451 2 1 0
0.842765 0.177822 0.177822 2 1 0
0.860402 0.178217 0.178217 2 1 0
0.878025 0.178636 0.178636 2 1 0
0.895632 0.17908 0.17908 2 1 0
0.913224 0.179548 0.179548 2 1 0
0.930801 0.18004 0.18004 2 1 0
0.948363 0.180558 0.180558 2 1 0
0.965911 0.1811 0.1811 2 1 0
0.983444 0.181667 0.181667 2 1 0
1.00096 0.182259 0.182259 2 1 0
1.01847 0.182876 0.182876 2 1 0
1.03596 0.183517 0.183517 2 1 0
1.05343 0.184184 0.184184 2 1 0
1.0709 0.184875 0.184875 2 1 0
1.08834 0.185591 0.185591 2 1 0
1.10578 0.186332 0.186332 2 1 0
1.1232 0.187098 0.187098 2 1 0
1.14061 0.187889 0.187889 2 1 0
1.15801 0.188704 0.188704 2 1 0
1.1754 0.189544 0.189544 2 1 0
1.19277 0.190408 0.190408 2 1 0
1.21014 0.191297 0.191297 2 1 0
1.22749 0.19221 0.19221 2 1 0
1.24483 0.193147 0.193147 2 1 0
1.26216 0.194109 0.194109 2 1 0
1.27948 0.195094 0.195094 2 1 0
1.29679 0.196103 0.196103 2 1 0
1.31409 0.197135 0.197135 2 1 0
1.33138 0.198191 0.198191 2 1 0
1.34867 0.19927 0.19927 2 1 0
1.36594 0.200372 0.200372 2 1 0
1.38321 0.201497 0.201497 2 1 0
1.40047 0.202644 0.202644 2 1 0
1.41773 0.203814 0.203814 2 1 0
1.43497 0.205006 0.205006 2 1 0
1.45221 0.20622 0.20622 2 1 0
1.46945 0.207456 0.207456 2 1 0
1.48668 0.208713 0.208713 2 1 0
1.5039 0.209992 0.209992 2 1 0
1.52112 0.211291 0.211291 2 1 0
1.53833 0.212611 0.212611 2 1 0
1.55554 0.213951 0.213951 2 1 0
1.57275 0.215312 0.215312 2 1 0
1.58995 0.216692 0.216692 2 1 0
1.60715 0.218093 0.218093 2 1 0
1.62434 0.219512 0.219512 2 1 0
1.64154 0.220951 0.220951 2 1 0
1.65873 0.222408 0.222408 2 1 0
1.67592 0.223884 0.223884 2 1 0
1.6931 0.225379 0.225379 2 1 0
1.71029 0.226891 0.226891 2 1 0
1.72747 0.228421 0.228421 2 1 0
1.74466 0.229969 0.229969 2 1 0
1.76184 0.231533 0.231533 2 1 0
1.77902 0.233115 0.233115 2 1 0
1.7962 0.234713 0.234713 2 1 0
1.81338 0.236328 0.236328 2 1 0
1.83056 0.237959 0.237959 2 1 0
1.84774 0.239606 0.239606 2 1 0
1.86492 0.241268 0.241268 2 1 0
1.88211 0.242946 0.242946 2 1 0
1.89929 0.244638 0.244638 2 1 0
1.91647 0.246346 0.246346 2 1 0
1.93366 0.248068 0.248068 2 1 0
1.95084 0.249805 0.249805 2 1 0
1.96803 0.251555 0.251555 2 1 0
1.98522 0.253319 0.253319 2 1 0
2.00241 0.255097 0.255097 2 1 0
2.0196 0.256889 0.256889 2 1 0
2.03679 0.258693 0.258693 2 1 0
2.05399 0.260511 0.260511 2 1 0
2.07118 0.262341 0.262341 2 1 0
2.08838 0.264184 0.264184 2 1 0
2.10559 0.266038 0.266038 2 1 0
2.12279 0.267905 0.267905 2 1 0
2.13999 0.269784 0.269784 2 1 0
2.1572 0.271674 0.271674 2 1 0
2.17441 0.273576 0.273576 2 1 0
2.19163 0.275489 0.275489 2 1 0
2.20884 0.277413 0.277413 2 1 0
2.22606 0.279348 0.279348 2 1 0
2.24328 0.281293 0.281293 2 1 0
2.2605 0.283249 0.283249 2 1 0
2.27773 0.285215 0.285215 2 1 0
2.29496 0.287192 0.287192 2 1 0
2.31219 0.289178 0.289178 2 1 0
2.32942 0.291174 0.291174 2 1 0
2.34666 0.293179 0.293179 2 1 0
2.3639 0.295194 0.295194 2 1 0
2.38114 0.297219 0.297219 2 1 0
2.39838 0.299252 0.299252 2 1 0
2.41563 0.301294 0.301294 2 1 0
2.43288 0.303345 0.303345 2 1 0
2.45013 0.305405 0.305405 2 1 0
2.46739 0.307473 0.307473 2 1 0
2.48465 0.30955 0.30955 2 1 0
2.50191 0.311634 0.311634 2 1 0
2.51917 0.313727 0.313727 2 1 0
2.53644 0.315828 0.315828 2 1 0
2.55371 0.317937 0.317937 2 1 0
2.57098 0.320053 0.320053 2 1 0
2.58825 0.322177 0.322177 2 1 0
2.60553 0.324308 0.324308 2 1 0
2.62281 0.326446 0.326446 2 1 0
2.6401 0.328592 0.328592 2 1 0
2.65738 0.330745 0.330745 2 1 0
2.67467 0.332905 0.332905 2 1 0
2.69196 0.335071 0.335071 2 1 0
2.70925 0.337245 0.337245 2 1 0
2.72655 0.339424 0.339424 2 1 0
2.74385 0.341611 0.341611 2 1 0
2.76115 0.343804 0.343804 2 1 0
2.77845 0.346003 0.346003 2 1 0
2.79576 0.348208 0.348208 2 1 0
2.81307 0.35042 0.35042 2 1 0
2.83038 0.352637 0.352637 2 1 0
2.84769 0.354861 0.354861 2 1 0
2.86501 0.35709 0.35709 2 1 0
2.88233 0.359325 0.359325 2 1 0
2.89965 0.361566 0.361566 2 1 0
2.91697 0.363812 0.363812 2 1 0
2.9343 0.366064 0.366064 2 1 0
2.95163 0.368321 0.368321 2 1 0
2.96896 0.370584 0.370584 2 1 0
2.98629 0.372851 0.372851 2 1 0
3.00362 0.375124 0.375124 2 1 0
3.02096 0.377402 0.377402 2 1 0
3.0383 0.379685 0.379685 2 1 0
3.05564 0.381973 0.381973 2 1 0
3.07298 0.384266 0.384266 2 1 0
3.09033 0.386564 0.386564 2 1 0
3.10768 0.388866 0.388866 2 1 0
3.12503 0.391173 0.391173 2 1 0
3.14238 0.393485 0.393485 2 1 0
3.15973 0.395801 0.395801 2 1 0
3.17709 0.398122 0.398122 2 1 0
3.19445 0.400447 0.400447 2 1 0
3.21181 0.402776 0.402776 2 1 0
3.22917 0.40511 0.40511 2 1 0
3.24653 0.407448 0.407448 2 1 0
3.2639 0.40979 0.40979 2 1 0
3.28126 0.412136 0.412136 2 1 0
3.29863 0.414486 0.414486 2 1 0
3.316 0.41684 0.41684 2 1 0
3.33338 0.419198 0.419198 2 1 0
3.35075 0.42156 0.42156 2 1 0
3.36813 0.423926 0.423926 2 1 0
3.38551 0.426296 0.426296 2 1 0
3.40289 0.428669 0.428669 2 1 0
3.42027 0.431046 0.431046 2 1 0
3.43765 0.433427 0.433427 2 1 0
3.45503 0.435811 0.435811 2 1 0
3.47242 0.438199 0.438199 2 1 0
3.48981 0.44059 0.44059 2 1 0
3.5072 0.442985 0.442985 2 1 0
3.52459 0.445383 0.445383 2 1 0
3.54198 0.447785 0.447785 2 1 0
3.55938 0.45019 0.45019 2 1 0
3.57677 0.452598 0.452598 2 1 0
3.59417 0.455009 0.455009 2 1 0
3.61157 0.457424 0.457424 2 1 0
3.62897 0.459841 0.459841 2 1 0
3.64637 0.462262 0.462262 2 1 0
3.66377 0.464686 0.464686 2 1 0
3.68118 0.467113 0.467113 2 1 0
3.69858 0.469543 0.469543 2 1 0
3.71599 0.471975 0.471975 2 1 0
3.7334 0.474411 0.474411 2 1 0
3.75081 0.47685 0.47685 2 1 0
3.76822 0.479291 0.479291 2 1 0
3.78563 0.481736 0.481736 2 1 0
3.80305 0.484183 0.484183 2 1 0
3.82046 0.486632 0.486632 2 1 0
3.83788 0.489085 0.489085 2 1 0
3.8553 0.49154 0.49154 2 1 0
3.87272 0.493998 0.493998 2 1 0
3.89014 0.496459 0.496459 2 1 0
3.90756 0.498922 0.498922 2 1 0
3.92498 0.501387 0.501387 2 1 0
3.9424 0.503856 0.503856 2 1 0
3.95983 0.506326 0.506326 2 1 0
3.97725 0.508799 0.508799 2 1 0
3.99468 0.511275 0.511275 2 1 0
4.01211 0.513753 0.513753 2 1 0
4.02954 0.516233 0.516233 2 1 0
4.04697 0.518716 0.518716 2 1 0
4.0644 0.521201 0.521201 2 1 0
4.08183 0.523689 0.523689 2 1 0
4.09926 0.526178 0.526178 2 1 0
4.1167 0.52867 0.52867 2 1 0
4.13413 0.531164 0.531164 2 1 0
4.15157 0.533661 0.533661 2 1 0
4.16901 0.536159 0.536159 2 1 0
4.18644 0.53866 0.53866 2 1 0
4.20388 0.541163 0.541163 2 1 0
4.22132 0.543668 0.543668 2 1 0
4.23876 0.546175 0.546175 2 1 0
4.25621 0.548684 0.548684 2 1 0
4.27365 0.551195 0.551195 2 1 0
4.29109 0.553708 0.553708 2 1 0
4.30854 0.556223 0.556223 2 1 0
4.32598 0.55874 0.55874 2 1 0
4.34343 0.56126 0.56126 2 1 0
4.36088 0.563781 0.563781 2 1 0
4.37832 0.566303 0.566303 2 1 0
4.39577 0.568828 0.568828 2 1 0
4.41322 0.571355 0.571355 2 1 0
4.43067 0.573884 0.573884 2 1 0
4.44813 0.576414 0.576414 2 1 0
4.46558 0.578946 0.578946 2 1 0
4.48303 0.58148 0.58148 2 1 0
4.50048 0.584016 0.584016 2 1 0
4.51794 0.586553 0.586553 2 1 0
4.53539 0.589093 0.589093 2 1 0
4.55285 0.591634 0.591634 2 1 0
4.57031 0.594176 0.594176 2 1 0
4.58776 0.596721 0.596721 2 1 0
4.60522 0.599267 0.599267 2 1 0
4.62268 0.601814 0.601814 2 1 0
4.64014 0.604364 0.604364 2 1 0
4.6576 0.606915 0.606915 2 1 0
4.67506 0.609467 0.609467 2 1 0
4.69252 0.612021 0.612021 2 1 0
4.70999 0.614577 0.614577 2 1 0
4.72745 0.617134 0.617134 2 1 0
4.74491 0.619693 0.619693 2 1 0
4.76238 0.622254 0.622254 2 1 0
4.77984 0.624815 0.624815 2 1 0
4.79731 0.627379 0.627379 2 1 0
4.81477 0.629944 0.629944 2 1 0
4.83224 0.63251 0.63251 2 1 0
4.84971 0.635078 0.635078 2 1 0
4.86718 0.637647 0.637647 2 1 0
4.88464 0.640218 0.640218 2 1 0
4.90211 0.64279 0.64279 2 1 0
4.91958 0.645363 0.645363 2 1 0
4.93705 0.647938 0.647938 2 1 0
4.95452 0.650514 0.650514 2 1 0
4.972 0.653092 0.653092 2 1 0
4.98947 0.655671 0.655671 2 1 0
5.00694 0.658251 0.658251 2 1 0
5.02441 0.660832 0.660832 2 1 0
5.04189 0.663415 0.663415 2 1 0
5.05936 0.665999 0.665999 2 1 0
5.07684 0.668585 0.668585 2 1 0
5.09431 0.671172 0.671172 2 1 0
5.11179 0.67376 0.67376 2 1 0
5.12926 0.676349 0.676349 2 1 0
5.14674 0.678939 0.678939 2 1 0
5.16422 0.681531 0.681531 2 1 0
5.1817 0.684124 0.684124 2 1 0
5.19917 0.686718 0.686718 2 1 0
5.21665 0.689313 0.689313 2 1 0
5.23413 0.69191 0.69191 2 1 0
5.25161 0.694508 0.694508 2 1 0
5.26909 0.697106 0.697106 2 1 0
5.28657 0.699706 0.699706 2 1 0
5.30405 0.702308 0.702308 2 1 0
5.32154 0.70491 0.70491 2 1 0
5.33902 0.707513 0.707513 2 1 0
5.3565 0.710118 0.710118 2 1 0
5.37398 0.712723 0.712723 2 1 0
5.39147 0.71533 0.71533 2 1 0
5.40895 0.717938 0.717938 2 1 0
5.42643 0.720547 0.720547 2 1 0
5.44392 0.723156 0.723156 2 1 0
5.4614 0.725767 0.725767 2 1 0
5.47889 0.728379 0.728379 2 1 0
5.49638 0.730992 0.730992 2 1 0
5.51386 0.733607 0.733607 2 1 0
5.53135 0.736222 0.736222 2 1 0
5.54883 0.738838 0.738838 2 1 0
5.56632 0.741455 0.741455 2 1 0
5.58381 0.744073 0.744073 2 1 0
5.6013 0.746692 0.746692 2 1 0
5.61879 0.749312 0.749312 2 1 0
5.63628 0.751933 0.751933 2 1 0
5.65376 0.754555 0.754555 2 1 0
5.67125 0.757178 0.757178 2 1 0
5.68874 0.759802 0.759802 2 1 0
5.70623 0.762427 0.762427 2 1 0
5.72373 0.765052 0.765052 2 1 0
5.74122 0.767679 0.767679 2 1 0
5.75871 0.770307 0.770307 2 1 0
5.7762 0.772935 0.772935 2 1 0
5.79369 0.775564 0.775564 2 1 0
5.81118 0.778195 0.778195 2 1 0
5.82868 0.780826 0.780826 2 1 0
5.84617 0.783458 0.783458 2 1 0
5.86366 0.786091 0.786091 2 1 0
5.88116 0.788724 0.788724 2 1 0
5.89865 0.791359 0.791359 2 1 0
5.91615 0.793994 0.793994 2 1 0
5.93364 0.796631 0.796631 2 1 0
5.95114 0.799268 0.799268 2 1 0
5.96863 0.801906 0.801906 2 1 0
5.98613 0.804545 0.804545 2 1 0
6.00362 0.807184 0.807184 2 1 0
6.02112 0.809825 0.809825 2 1 0
6.03861 0.812466 0.812466 2 1 0
6.05611 0.815108 0.815108 2 1 0
6.07361 0.817751 0.817751 2 1 0
6.09111 0.820394 0.820394 2 1 0
6.1086 0.823038 0.823038 2 1 0
6.1261 0.825684 0.825684 2 1 0
6.1436 0.828329 0.828329 2 1 0
6.1611 0.830976 0.830976 2 1 0
6.1786 0.833623 0.833623 2 1 0
6.1961 0.836272 0.836272 2 1 0
6.21359 0.83892 0.83892 2 1 0
6.23109 0.84157 0.84157 2 1 0
6.24859 0.84422 0.84422 2 1 0
6.26609 0.846871 0.846871 2 1 0
6.28359 0.849523 0.849523 2 1 0
6.30109 0.852176 0.852176 2 1 0
6.3186 0.854829 0.854829 2 1 0
6.3361 0.857483 0.857483 2 1 0
6.3536 0.860137 0.860137 2 1 0
6.3711 0.862793 0.862793 2 1 0
6.3886 0.865449 0.865449 2 1 0
6.4061 0.868105 0.868105 2 1 0
6.42361 0.870763 0.870763 2 1 0
6.44111 0.873421 0.873421 2 1 0
6.45861 0.876079 0.876079 2 1 0
6.47611 0.878739 0.878739 2 1 0
6.49362 0.881399 0.881399 2 1 0
6.51112 0.884059 0.884059 2 1 0
6.52862 0.886721 0.886721 2 1 0
6.54613 0.889383 0.889383 2 1 0
6.56363 0.892045 0.892045 2 1 0
6.58114 0.894708 0.894708 2 1 0
6.59864 0.897372 0.897372 2 1 0
6.61615 0.900037 0.900037 2 1 0
6.63365 0.902702 0.902702 2 1 0
6.65116 0.905367 0.905367 2 1 0
6.66866 0.908034 0.908034 2 1 0
6.68617 0.910701 0.910701 2 1 0
6.70367 0.913368 0.913368 2 1 0
6.72118 0.916036 0.916036 2 1 0
6.73868 0.918705 0.918705 2 1 0
6.75619 0.921374 0.921374 2 1 0
6.7737 0.924044 0.924044 2 1 0
6.7912 0.926714 0.926714 2 1 0
6.80871 0.929385 0.929385 2 1 0
6.82622 0.932057 0.932057 2 1 0
6.84373 0.934729 0.934729 2 1 0
6.86123 0.937402 0.937402 2 1 0
6.87874 0.940075 0.940075 2 1 0
6.89625 0.942749 0.942749 2 1 0
6.91376 0.945423 0.945423 2 1 0
6.93127 0.948098 0.948098 2 1 0
6.94877 0.950774 0.950774 2 1 0
6.96628 0.95345 0.95345 2 1 0
6.98379 0.956126 0.956126 2 1 0
6.98379 0.956126 0.956126 2 1 0
7.01881 0.961481 0.961481 2 1 0
7.03632 0.964159 0.964159 2 1 0
7.05383 0.966838 0.966838 2 1 0
7.07134 0.969517 0.969517 2 1 0
7.08885 0.972197 0.972197 2 1 0
7.10636 0.974877 0.974877 2 1 0
7.12387 0.977558 0.977558 2 1 0
7.14138 0.980239 0.980239 2 1 0
7.15889 0.982921 0.982921 2 1 0
7.1764 0.985603 0.985603 2 1 0
7.19391 0.988285 0.988285 2 1 0
7.21142 0.990969 0.990969 2 1 0
7.22893 0.993652 0.993652 2 1 0
7.24644 0.996336 0.996336 2 1 0
7.26395 0.999021 0.999021 2 1 0
7.28147 1.00171 1.00171 2 1 0
7.29898 1.00439 1.00439 2 1 0
7.31649 1.00708 1.00708 2 1 0
7.334 1.00976 1.00976 2 1 0
7.35151 1.01245 1.01245 2 1 0
7.36903 1.01514 1.01514 2 1 0
7.38654 1.01783 1.01783 2 1 0
7.40405 1.02052 1.02052 2 1 0
7.42156 1.0232 1.0232 2 1 0
7.43908 1.02589 1.02589 2 1 0
7.45659 1.02858 1.02858 2 1 0
7.4741 1.03127 1.03127 2 1 0
7.49162 1.03396 1.03396 2 1 0
7.50913 1.03665 1.03665 2 1 0
7.52664 1.03935 1.03935 2 1 0
7.54416 1.04204 1.04204 2 1 0
7.56167 1.04473 1.04473 2 1 0
7.57919 1.04742 1.04742 2 1 0
7.5967 1.05012 1.05012 2 1 0
7.61421 1.05281 1.05281 2 1 0
7.63173 1.0555 1.0555 2 1 0
7.64924 1.0582 1.0582 2 1 0
7.66676 1.06089 1.06089 2 1 0
7.68427 1.06359 1.06359 2 1 0
7.70179 1.06628 1.06628 2 1 0
7.7193 1.06898 1.06898 2 1 0
7.73682 1.07168 1.07168 2 1 0
7.75433 1.07437 1.07437 2 1 0
7.77185 1.07707 1.07707 2 1 0
7.78936 1.07977 1.07977 2 1 0
7.80688 1.08247 1.08247 2 1 0
7.8244 1.08517 1.08517 2 1 0
7.84191 1.08786 1.08786 2 1 0
7.85943 1.09056 1.09056 2 1 0
7.87694 1.09326 1.09326 2 1 0
7.89446 1.09596 1.09596 2 1 0
7.91198 1.09866 1.09866 2 1 0
7.92949 1.10136 1.10136 2 1 0
7.94701 1.10407 1.10407 2 1 0
7.96453 1.10677 1.10677 2 1 0
7.98204 1.10947 1.10947 2 1 0
7.99956 1.11217 1.11217 2 1 0
8.01708 1.11487 1.11487 2 1 0
8.03459 1.11758 1.11758 2 1 0
8.05211 1.12028 1.12028 2 1 0
8.06963 1.12298 1.12298 2 1 0
8.08715 1.12569 1.12569 2 1 0
8.10466 1.12839 1.12839 2 1 0
8.12218 1.1311 1.1311 2 1 0
8.1397 1.1338 1.1338 2 1 0
8.15722 1.13651 1.13651 2 1 0
8.17474 1.13921 1.13921 2 1 0
8.19225 1.14192 1.14192 2 1 0
8.20977 1.14463 1.14463 2 1 0
8.22729 1.14733 1.14733 2 1 0
8.24481 1.15004 1.15004 2 1 0
8.26233 1.15275 1.15275 2 1 0
8.27984 1.15546 1.15546 2 1 0
8.29736 1.15816 1.15816 2 1 0
8.31488 1.16087 1.16087 2 1 0
8.3324 1.16358 1.16358 2 1 0
8.34992 1.16629 1.16629 2 1 0
8.36744 1.169 1.169 2 1 0
8.38496 1.17171 1.17171 2 1 0
8.40248 1.17442 1.17442 2 1 0
8.42 1.17713 1.17713 2 1 0
8.43752 1.17984 1.17984 2 1 0
8.45504 1.18255 1.18255 2 1 0
8.47256 1.18526 1.18526 2 1 0
8.49008 1.18798 1.18798 2 1 0
8.50759 1.19069 1.19069 2 1 0
8.52511 1.1934 1.1934 2 1 0
8.54263 1.19611 1.19611 2 1 0
8.56015 1.19883 1.19883 2 1 0
8.57767 1.20154 1.20154 2 1 0
8.5952 1.20425 1.20425 2 1 0
8.61272 1.20697 1.20697 2 1 0
8.63024 1.20968 1.20968 2 1 0
8.64776 1.21239 1.21239 2 1 0
8.66528 1.21511 1.21511 2 1 0
8.6828 1.21782 1.21782 2 1 0
8.70032 1.22054 1.22054 2 1 0
8.71784 1.22325 1.22325 2 1 0
8.73536 1.22597 1.22597 2 1 0
8.75288 1.22869 1.22869 2 1 0
8.7704 1.2314 1.2314 2 1 0
8.78792 1.23412 1.23412 2 1 0
8.80544 1.23684 1.23684 2 1 0
8.82297 1.23955 1.23955 2 1 0
8.84049 1.24227 1.24227 2 1 0
8.85801 1.24499 1.24499 2 1 0
8.87553 1.24771 1.24771 2 1 0
8.89305 1.25043 1.25043 2 1 0
8.91057 1.25314 1.25314 2 1 0
8.92809 1.25586 1.25586 2 1 0
8.94562 1.25858 1.25858 2 1 0
8.96314 1.2613 1.2613 2 1 0
8.98066 1.26402 1.26402 2 1 0
8.99818 1.26674 1.26674 2 1 0
9.0157 1.26946 1.26946 2 1 0
9.03323 1.27218 1.27218 2 1 0
9.05075 1.2749 1.2749 2 1 0
9.06827 1.27762 1.27762 2 1 0
9.08579 1.28035 1.28035 2 1 0
9.10332 1.28307 1.28307 2 1 0
9.12084 1.28579 1.28579 2 1 0
9.13836 1.28851 1.28851 2 1 0
9.15588 1.29123 1.29123 2 1 0
9.17341 1.29396 1.29396 2 1 0
9.19093 1.29668 1.29668 2 1 0
9.20845 1.2994 1.2994 2 1 0
9.22597 1.30212 1.30212 2 1 0
9.2435 1.30485 1.30485 2 1 0
9.26102 1.30757 1.30757 2 1 0
9.27854 1.3103 1.3103 2 1 0
9.29607 1.31302 1.31302 2 1 0
9.31359 1.31574 1.31574 2 1 0
9.33111 1.31847 1.31847 2 1 0
9.34864 1.32119 1.32119 2 1 0
9.36616 1.32392 1.32392 2 1 0
9.38368 1.32664 1.32664 2 1 0
9.40121 1.32937 1.32937 2 1 0
9.41873 1.3321 1.3321 2 1 0
9.43625 1.33482 1.33482 2 1 0
9.45378 1.33755 1.33755 2 1 0
9.4713 1.34028 1.34028 2 1 0
9.48883 1.343 1.343 2 1 0
9.50635 1.34573 1.34573 2 1 0
9.52387 1.34846 1.34846 2 1 0
9.5414 1.35118 1.35118 2 1 0
9.55892 1.35391 1.35391 2 1 0
9.57645 1.35664 1.35664 2 1 0
9.59397 1.35937 1.35937 2 1 0
9.61149 1.3621 1.3621 2 1 0
9.62902 1.36482 1.36482 2 1 0
9.64654 1.36755 1.36755 2 1 0
9.66407 1.37028 1.37028 2 1 0
9.68159 1.37301 1.37301 2 1 0
9.69912 1.37574 1.37574 2 1 0
9.71664 1.37847 1.37847 2 1 0
9.73417 1.3812 1.3812 2 1 0
9.75169 1.38393 1.38393 2 1 0
9.76922 1.38666 1.38666 2 1 0
9.78674 1.38939 1.38939 2 1 0
9.80426 1.39212 1.39212 2 1 0
9.82179 1.39485 1.39485 2 1 0
9.83931 1.39758 1.39758 2 1 0
9.85684 1.40032 1.40032 2 1 0
9.87436 1.40305 1.40305 2 1 0
9.89189 1.40578 1.40578 2 1 0
9.90942 1.40851 1.40851 2 1 0
9.92694 1.41124 1.41124 2 1 0
9.94447 1.41397 1.41397 2 1 0
9.96199 1.41671 1.41671 2 1 0
9.97952 1.41944 1.41944 2 1 0
9.99704 1.42217 1.42217 2 1 0
10.0146 1.42491 1.42491 2 1 0
10.0321 1.42764 1.42764 2 1 0
10.0496 1.43037 1.43037 2 1 0
10.0671 1.43311 1.43311 2 1 0
10.0847 1.43584 1.43584 2 1 0
10.1022 1.43857 1.43857 2 1 0
10.1197 1.44131 1.44131 2 1 0
10.1372 1.44404 1.44404 2 1 0
10.1548 1.44678 1.44678 2 1 0
10.1723 1.44951 1.44951 2 1 0
10.1898 1.45225 1.45225 2 1 0
10.2074 1.45498 1.45498 2 1 0
10.2249 1.45772 1.45772 2 1 0
10.2424 1.46045 1.46045 2 1 0
10.2599 1.46319 1.46319 2 1 0
10.2775 1.46592 1.46592 2 1 0
10.295 1.46866 1.46866 2 1 0
10.3125 1.4714 1.4714 2 1 0
10.33 1.47413 1.47413 2 1 0
10.3476 1.47687 1.47687 2 1 0
10.3651 1.47961 1.47961 2 1 0
10.3826 1.48234 1.48234 2 1 0
10.4001 1.48508 1.48508 2 1 0
10.4177 1.48782 1.48782 2 1 0
10.4352 1.49056 1.49056 2 1 0
10.4527 1.49329 1.49329 2 1 0
10.4702 1.49603 1.49603 2 1 0
10.4878 1.49877 1.49877 2 1 0
10.5053 1.50151 1.50151 2 1 0
10.5228 1.50425 1.50425 2 1 0
10.5404 1.50698 1.50698 2 1 0
10.5579 1.50972 1.50972 2 1 0
10.5754 1.51246 1.51246 2 1 0
10.5929 1.5152 1.5152 2 1 0
10.6105 1.51794 1.51794 2 1 0
10.628 1.52068 1.52068 2 1 0
10.6455 1.52342 1.52342 2 1 0
10.663 1.52616 1.52616 2 1 0
10.6806 1.5289 1.5289 2 1 0
10.6981 1.53164 1.53164 2 1 0
10.7156 1.53438 1.53438 2 1 0
10.7332 1.53712 1.53712 2 1 0
10.7507 1.53986 1.53986 2 1 0
10.7682 1.5426 1.5426 2 1 0
10.7857 1.54534 1.54534 2 1 0
10.8033 1.54808 1.54808 2 1 0
10.8208 1.55082 1.55082 2 1 0
10.8383 1.55356 1.55356 2 1 0
10.8558 1.5563 1.5563 2 1 0
10.8734 1.55905 1.55905 2 1 0
10.8909 1.56179 1.56179 2 1 0
10.9084 1.56453 1.56453 2 1 0
10.926 1.56727 1.56727 2 1 0
10.9435 1.57001 1.57001 2 1 0
10.961 1.57276 1.57276 2 1 0
10.9785 1.5755 1.5755 2 1 0
10.9961 1.57824 1.57824 2 1 0
11.0136 1.58098 1.58098 2 1 0
11.0311 1.58373 1.58373 2 1 0
11.0486 1.58647 1.58647 2 1 0
11.0662 1.58921 1.58921 2 1 0
11.0837 1.59196 1.59196 2 1 0
11.1012 1.5947 1.5947 2 1 0
11.1188 1.59744 1.59744 2 1 0
11.1363 1.60019 1.60019 2 1 0
11.1538 1.60293 1.60293 2 1 0
11.1713 1.60567 1.60567 2 1 0
11.1889 1.60842 1.60842 2 1 0
11.2064 1.61116 1.61116 2 1 0
11.2239 1.61391 1.61391 2 1 0
11.2415 1.61665 1.61665 2 1 0
11.259 1.6194 1.6194 2 1 0
11.2765 1.62214 1.62214 2 1 0
11.294 1.62489 1.62489 2 1 0
11.3116 1.62763 1.62763 2 1 0
11.3291 1.63038 1.63038 2 1 0
11.3466 1.63312 1.63312 2 1 0
11.3642 1.63587 1.63587 2 1 0
11.3817 1.63861 1.63861 2 1 0
11.3992 1.64136 1.64136 2 1 0
11.4167 1.64411 1.64411 2 1 0
11.4343 1.64685 1.64685 2 1 0
11.4518 1.6496 1.6496 2 1 0
11.4693 1.65234 1.65234 2 1 0
11.4869 1.65509 1.65509 2 1 0
11.5044 1.65784 1.65784 2 1 0
11.5219 1.66058 1.66058 2 1 0
11.5394 1.66333 1.66333 2 1 0
11.557 1.66608 1.66608 2 1 0
11.5745 1.66883 1.66883 2 1 0
11.592 1.67157 1.67157 2 1 0
11.6096 1.67432 1.67432 2 1 0
11.6271 1.67707 1.67707 2 1 0
11.6446 1.67982 1.67982 2 1 0
11.6621 1.68256 1.68256 2 1 0
11.6797 1.68531 1.68531 2 1 0
11.6972 1.68806 1.68806 2 1 0
11.7147 1.69081 1.69081 2 1 0
11.7323 1.69356 1.69356 2 1 0
11.7498 1.6963 1.6963 2 1 0
11.7673 1.69905 1.69905 2 1 0
11.7849 1.7018 1.7018 2 1 0
11.8024 1.70455 1.70455 2 1 0
11.8199 1.7073 1.7073 2 1 0
11.8374 1.71005 1.71005 2 1 0
11.855 1.7128 1.7128 2 1 0
11.8725 1.71555 1.71555 2 1 0
11.89 1.7183 1.7183 2 1 0
11.9076 1.72104 1.72104 2 1 0
11.9251 1.72379 1.72379 2 1 0
11.9426 1.72654 1.72654 2 1 0
11.9601 1.72929 1.72929 2 1 0
11.9777 1.73204 1.73204 2 1 0
11.9952 1.73479 1.73479 2 1 0
12.0127 1.73754 1.73754 2 1 0
12.0303 1.74029 1.74029 2 1 0
12.0478 1.74304 1.74304 2 1 0
12.0653 1.7458 1.7458 2 1 0
12.0829 1.74855 1.74855 2 1 0
12.1004 1.7513 1.7513 2 1 0
12.1179 1.75405 1.75405 2 1 0
12.1354 1.7568 1.7568 2 1 0
12.153 1.75955 1.75955 2 1 0
12.1705 1.7623 1.7623 2 1 0
12.188 1.76505 1.76505 2 1 0
12.2056 1.7678 1.7678 2 1 0
12.2231 1.77055 1.77055 2 1 0
12.2406 1.77331 1.77331 2 1 0
12.2581 1.77606 1.77606 2 1 0
12.2757 1.77881 1.77881 2 1 0
12.2932 1.78156 1.78156 2 1 0
12.3107 1.78431 1.78431 2 1 0
12.3283 1.78707 1.78707 2 1 0
12.3458 1.78982 1.78982 2 1 0
12.3633 1.79257 1.79257 2 1 0
12.3809 1.79532 1.79532 2 1 0
12.3984 1.79808 1.79808 2 1 0
12.4159 1.80083 1.80083 2 1 0
12.4334 1.80358 1.80358 2 1 0
12.451 1.80633 1.80633 2 1 0
12.4685 1.80909 1.80909 2 1 0
12.486 1.81184 1.81184 2 1 0
12.5036 1.81459 1.81459 2 1 0
12.5211 1.81735 1.81735 2 1 0
12.5386 1.8201 1.8201 2 1 0
12.5562 1.82285 1.82285 2 1 0
12.5737 1.82561 1.82561 2 1 0
12.5912 1.82836 1.82836 2 1 0
12.6088 1.83111 1.83111 2 1 0
12.6263 1.83387 1.83387 2 1 0
12.6438 1.83662 1.83662 2 1 0
12.6613 1.83938 1.83938 2 1 0
12.6789 1.84213 1.84213 2 1 0
12.6964 1.84489 1.84489 2 1 0
12.7139 1.84764 1.84764 2 1 0
12.7315 1.85039 1.85039 2 1 0
12.749 1.85315 1.85315 2 1 0
12.7665 1.8559 1.8559 2 1 0
12.7841 1.85866 1.85866 2 1 0
12.8016 1.86141 1.86141 2 1 0
12.8191 1.86417 1.86417 2 1 0
12.8366 1.86692 1.86692 2 1 0
12.8542 1.86968 1.86968 2 1 0
12.8717 1.87243 1.87243 2 1 0
12.8892 1.87519 1.87519 2 1 0
12.9068 1.87794 1.87794 2 1 0
12.9243 1.8807 1.8807 2 1 0
12.9418 1.88346 1.88346 2 1 0
12.9594 1.88621 1.88621 2 1 0
12.9769 1.88897 1.88897 2 1 0
12.9944 1.89172 1.89172 2 1 0
13.012 1.89448 1.89448 2 1 0
13.0295 1.89724 1.89724 2 1 0
13.047 1.89999 1.89999 2 1 0
13.0646 1.90275 1.90275 2 1 0
13.0821 1.9055 1.9055 2 1 0
13.0996 1.90826 1.90826 2 1 0
13.1171 1.91102 1.91102 2 1 0
13.1347 1.91377 1.91377 2 1 0
13.1522 1.91653 1.91653 2 1 0
13.1697 1.91929 1.91929 2 1 0
13.1873 1.92204 1.92204 2 1 0
13.2048 1.9248 1.9248 2 1 0
13.2223 1.92756 1.92756 2 1 0
13.2399 1.93032 1.93032 2 1 0
13.2574 1.93307 1.93307 2 1 0
13.2749 1.93583 1.93583 2 1 0
13.2925 1.93859 1.93859 2 1 0
13.31 1.94135 1.94135 2 1 0
13.3275 1.9441 1.9441 2 1 0
13.345 1.94686 1.94686 2 1 0
13.3626 1.94962 1.94962 2 1 0
13.3801 1.95238 1.95238 2 1 0
13.3976 1.95513 1.95513 2 1 0
13.4152 1.95789 1.95789 2 1 0
13.4327 1.96065 1.96065 2 1 0
13.4502 1.96341 1.96341 2 1 0
13.4678 1.96617 1.96617 2 1 0
13.4853 1.96893 1.96893 2 1 0
13.5028 1.97168 1.97168 2 1 0
13.5204 1.97444 1.97444 2 1 0
13.5379 1.9772 1.9772 2 1 0
13.5554 1.97996 1.97996 2 1 0
13.573 1.98272 1.98272 2 1 0
13.5905 1.98548 1.98548 2 1 0
13.608 1.98824 1.98824 2 1 0
13.6255 1.991 1.991 2 1 0
13.6431 1.99375 1.99375 2 1 0
13.6606 1.99651 1.99651 2 1 0
13.6781 1.99927 1.99927 2 1 0
13.6957 2.00203 2.00203 2 1 0
13.7132 2.00479 2.00479 2 1 0
13.7307 2.00755 2.00755 2 1 0
13.7483 2.01031 2.01031 2 1 0
13.7658 2.01307 2.01307 2 1 0
13.7833 2.01583 2.01583 2 1 0
13.8009 2.01859 2.01859 2 1 0
13.8184 2.02135 2.02135 2 1 0
13.8359 2.02411 2.02411 2 1 0
13.8535 2.02687 2.02687 2 1 0
13.871 2.02963 2.02963 2 1 0
13.8885 2.03239 2.03239 2 1 0
13.9061 2.03515 2.03515 2 1 0
13.9236 2.03791 2.03791 2 1 0
13.9411 2.04067 2.04067 2 1 0
13.9587 2.04343 2.04343 2 1 0
13.9762 2.04619 2.04619 2 1 0
13.9937 2.04895 2.04895 2 1 0
13.9937 2.04895 2.04895 2 1 0
14.0288 2.05447 2.05447 2 1 0
14.0463 2.05724 2.05724 2 1 0
14.0638 2.06 2.06 2 1 0
14.0814 2.06276 2.06276 2 1 0
14.0989 2.06552 2.06552 2 1 0
14.1164 2.06828 2.06828 2 1 0
14.134 2.07104 2.07104 2 1 0
14.1515 2.0738 2.0738 2 1 0
14.169 2.07656 2.07656 2 1 0
14.1866 2.07932 2.07932 2 1 0
14.2041 2.08209 2.08209 2 1 0
14.2216 2.08485 2.08485 2 1 0
14.2392 2.08761 2.08761 2 1 0
14.2567 2.09037 2.09037 2 1 0
14.2742 2.09313 2.09313 2 1 0
14.2918 2.09589 2.09589 2 1 0
14.3093 2.09866 2.09866 2 1 0
14.3268 2.10142 2.10142 2 1 0
14.3444 2.10418 2.10418 2 1 0
14.3619 2.10694 2.10694 2 1 0
14.3794 2.1097 2.1097 2 1 0
14.3969 2.11247 2.11247 2 1 0
14.4145 2.11523 2.11523 2 1 0
14.432 2.11799 2.11799 2 1 0
14.4495 2.12075 2.12075 2 1 0
14.4671 2.12352 2.12352 2 1 0
14.4846 2.12628 2.12628 2 1 0
14.5021 2.12904 2.12904 2 1 0
14.5197 2.1318 2.1318 2 1 0
14.5372 2.13457 2.13457 2 1 0
14.5547 2.13733 2.13733 2 1 0
14.5723 2.14009 2.14009 2 1 0
14.5898 2.14286 2.14286 2 1 0
14.6073 2.14562 2.14562 2 1 0
14.6249 2.14838 2.14838 2 1 0
14.6424 2.15115 2.15115 2 1 0
14.6599 2.15391 2.15391 2 1 0
14.6775 2.15667 2.15667 2 1 0
14.695 2.15944 2.15944 2 1 0
14.7125 2.1622 2.1622 2 1 0
14.7301 2.16496 2.16496 2 1 0
14.7476 2.16773 2.16773 2 1 0
14.7651 2.17049 2.17049 2 1 0
14.7827 2.17325 2.17325 2 1 0
14.8002 2.17602 2.17602 2 1 0
14.8177 2.17878 2.17878 2 1 0
14.8353 2.18155 2.18155 2 1 0
14.8528 2.18431 2.18431 2 1 0
14.8703 2.18707 2.18707 2 1 0
14.8879 2.18984 2.18984 2 1 0
14.9054 2.1926 2.1926 2 1 0
14.9229 2.19537 2.19537 2 1 0
14.9405 2.19813 2.19813 2 1 0
14.958 2.20089 2.20089 2 1 0
14.9755 2.20366 2.20366 2 1 0
14.9931 2.20642 2.20642 2 1 0
15.0106 2.20919 2.20919 2 1 0
15.0281 2.21195 2.21195 2 1 0
15.0456 2.21472 2.21472 2 1 0
15.0632 2.21748 2.21748 2 1 0
15.0807 2.22025 2.22025 2 1 0
15.0982 2.22301 2.22301 2 1 0
15.1158 2.22578 2.22578 2 1 0
15.1333 2.22854 2.22854 2 1 0
15.1508 2.23131 2.23131 2 1 0
15.1684 2.23407 2.23407 2 1 0
15.1859 2.23684 2.23684 2 1 0
15.2034 2.2396 2.2396 2 1 0
15.221 2.24237 2.24237 2 1 0
15.2385 2.24513 2.24513 2 1 0
15.256 2.2479 2.2479 2 1 0
15.2736 2.25066 2.25066 2 1 0
15.2911 2.25343 2.25343 2 1 0
15.3086 2.25619 2.25619 2 1 0
15.3262 2.25896 2.25896 2 1 0
15.3437 2.26172 2.26172 2 1 0
15.3612 2.26449 2.26449 2 1 0
15.3788 2.26726 2.26726 2 1 0
15.3963 2.27002 2.27002 2 1 0
15.4138 2.27279 2.27279 2 1 0
15.4314 2.27555 2.27555 2 1 0
15.4489 2.27832 2.27832 2 1 0
15.4664 2.28109 2.28109 2 1 0
15.484 2.28385 2.28385 2 1 0
15.5015 2.28662 2.28662 2 1 0
15.519 2.28938 2.28938 2 1 0
15.5366 2.29215 2.29215 2 1 0
15.5541 2.29492 2.29492 2 1 0
15.5716 2.29768 2.29768 2 1 0
15.5892 2.30045 2.30045 2 1 0
15.6067 2.30322 2.30322 2 1 0
15.6242 2.30598 2.30598 2 1 0
15.6418 2.30875 2.30875 2 1 0
15.6593 2.31152 2.31152 2 1 0
15.6768 2.31428 2.31428 2 1 0
15.6944 2.31705 2.31705 2 1 0
15.7119 2.31982 2.31982 2 1 0
15.7294 2.32258 2.32258 2 1 0
15.747 2.32535 2.32535 2 1 0
15.7645 2.32812 2.32812 2 1 0
15.782 2.33088 2.33088 2 1 0
15.7996 2.33365 2.33365 2 1 0
15.8171 2.33642 2.33642 2 1 0
15.8346 2.33918 2.33918 2 1 0
15.8522 2.34195 2.34195 2 1 0
15.8697 2.34472 2.34472 2 1 0
15.8872 2.34749 2.34749 2 1 0
15.9048 2.35025 2.35025 2 1 0
15.9223 2.35302 2.35302 2 1 0
15.9398 2.35579 2.35579 2 1 0
15.9574 2.35856 2.35856 2 1 0
15.9749 2.36132 2.36132 2 1 0
15.9924 2.36409 2.36409 2 1 0
16.01 2.36686 2.36686 2 1 0
16.0275 2.36963 2.36963 2 1 0
16.045 2.37239 2.37239 2 1 0
16.0626 2.37516 2.37516 2 1 0
16.0801 2.37793 2.37793 2 1 0
16.0976 2.3807 2.3807 2 1 0
16.1152 2.38347 2.38347 2 1 0
16.1327 2.38623 2.38623 2 1 0
16.1502 2.389 2.389 2 1 0
16.1678 2.39177 2.39177 2 1 0
16.1853 2.39454 2.39454 2 1 0
16.2028 2.39731 2.39731 2 1 0
16.2204 2.40007 2.40007 2 1 0
16.2379 2.40284 2.40284 2 1 0
16.2554 2.40561 2.40561 2 1 0
16.273 2.40838 2.40838 2 1 0
16.2905 2.41115 2.41115 2 1 0
16.308 2.41392 2.41392 2 1 0
16.3256 2.41668 2.41668 2 1 0
16.3431 2.41945 2.41945 2 1 0
16.3606 2.42222 2.42222 2 1 0
16.3782 2.42499 2.42499 2 1 0
16.3957 2.42776 2.42776 2 1 0
16.4132 2.43053 2.43053 2 1 0
16.4308 2.4333 2.4333 2 1 0
16.4483 2.43607 2.43607 2 1 0
16.4658 2.43883 2.43883 2 1 0
16.4834 2.4416 2.4416 2 1 0
16.5009 2.44437 2.44437 2 1 0
16.5184 2.44714 2.44714 2 1 0
16.536 2.44991 2.44991 2 1 0
16.5535 2.45268 2.45268 2 1 0
16.571 2.45545 2.45545 2 1 0
16.5886 2.45822 2.45822 2 1 0
16.6061 2.46099 2.46099 2 1 0
16.6236 2.46376 2.46376 2 1 0
16.6412 2.46653 2.46653 2 1 0
16.6587 2.46929 2.46929 2 1 0
16.6762 2.47206 2.47206 2 1 0
16.6938 2.47483 2.47483 2 1 0
16.7113 2.4776 2.4776 2 1 0
16.7288 2.48037 2.48037 2 1 0
16.7464 2.48314 2.48314 2 1 0
16.7639 2.48591 2.48591 2 1 0
16.7814 2.48868 2.48868 2 1 0
16.799 2.49145 2.49145 2 1 0
16.8165 2.49422 2.49422 2 1 0
16.834 2.49699 2.49699 2 1 0
16.8516 2.49976 2.49976 2 1 0
16.8691 2.50253 2.50253 2 1 0
16.8866 2.5053 2.5053 2 1 0
16.9042 2.50807 2.50807 2 1 0
16.9217 2.51084 2.51084 2 1 0
16.9392 2.51361 2.51361 2 1 0
16.9568 2.51638 2.51638 2 1 0
16.9743 2.51915 2.51915 2 1 0
16.9918 2.52192 2.52192 2 1 0
17.0094 2.52469 2.52469 2 1 0
17.0269 2.52746 2.52746 2 1 0
17.0444 2.53023 2.53023 2 1 0
17.062 2.533 2.533 2 1 0
17.0795 2.53577 2.53577 2 1 0
17.097 2.53854 2.53854 2 1 0
17.1146 2.54131 2.54131 2 1 0
17.1321 2.54408 2.54408 2 1 0
17.1496 2.54686 2.54686 2 1 0
17.1672 2.54963 2.54963 2 1 0
17.1847 2.5524 2.5524 2 1 0
17.2022 2.55517 2.55517 2 1 0
17.2198 2.55794 2.55794 2 1 0
17.2373 2.56071 2.56071 2 1 0
17.2548 2.56348 2.56348 2 1 0
17.2724 2.56625 2.56625 2 1 0
17.2899 2.56902 2.56902 2 1 0
17.3074 2.57179 2.57179 2 1 0
17.325 2.57456 2.57456 2 1 0
17.3425 2.57733 2.57733 2 1 0
17.36 2.58011 2.58011 2 1 0
17.3776 2.58288 2.58288 2 1 0
17.3951 2.58565 2.58565 2 1 0
17.4126 2.58842 2.58842 2 1 0
17.4302 2.59119 2.59119 2 1 0
17.4477 2.59396 2.59396 2 1 0
17.4652 2.59673 2.59673 2 1 0
17.4828 2.5995 2.5995 2 1 0
17.5003 2.60228 2.60228 2 1 0
17.5178 2.60505 2.60505 2 1 0
17.5354 2.60782 2.60782 2 1 0
17.5529 2.61059 2.61059 2 1 0
17.5704 2.61336 2.61336 2 1 0
17.588 2.61613 2.61613 2 1 0
17.6055 2.6189 2.6189 2 1 0
17.623 2.62168 2.62168 2 1 0
17.6406 2.62445 2.62445 2 1 0
17.6581 2.62722 2.62722 2 1 0
17.6756 2.62999 2.62999 2 1 0
17.6932 2.63276 2.63276 2 1 0
17.7107 2.63553 2.63553 2 1 0
17.7283 2.63831 2.63831 2 1 0
17.7458 2.64108 2.64108 2 1 0
17.7633 2.64385 2.64385 2 1 0
17.7809 2.64662 2.64662 2 1 0
17.7984 2.64939 2.64939 2 1 0
17.8159 2.65217 2.65217 2 1 0
17.8335 2.65494 2.65494 2 1 0
17.851 2.65771 2.65771 2 1 0
17.8685 2.66048 2.66048 2 1 0
17.8861 2.66326 2.66326 2 1 0
17.9036 2.66603 2.66603 2 1 0
17.9211 2.6688 2.6688 2 1 0
17.9387 2.67157 2.67157 2 1 0
17.9562 2.67434 2.67434 2 1 0
17.9737 2.67712 2.67712 2 1 0
17.9913 2.67989 2.67989 2 1 0
18.0088 2.68266 2.68266 2 1 0
18.0263 2.68543 2.68543 2 1 0
18.0439 2.68821 2.68821 2 1 0
18.0614 2.69098 2.69098 2 1 0
18.0789 2.69375 2.69375 2 1 0
18.0965 2.69652 2.69652 2 1 0
18.114 2.6993 2.6993 2 1 0
18.1315 2.70207 2.70207 2 1 0
18.1491 2.70484 2.70484 2 1 0
18.1666 2.70762 2.70762 2 1 0
18.1841 2.71039 2.71039 2 1 0
18.2017 2.71316 2.71316 2 1 0
18.2192 2.71593 2.71593 2 1 0
18.2367 2.71871 2.71871 2 1 0
18.2543 2.72148 2.72148 2 1 0
18.2718 2.72425 2.72425 2 1 0
18.2893 2.72703 2.72703 2 1 0
18.3069 2.7298 2.7298 2 1 0
18.3244 2.73257 2.73257 2 1 0
18.3419 2.73534 2.73534 2 1 0
18.3595 2.73812 2.73812 2 1 0
18.377 2.74089 2.74089 2 1 0
18.3945 2.74366 2.74366 2 1 0
18.4121 2.74644 2.74644 2 1 0
18.4296 2.74921 2.74921 2 1 0
18.4471 2.75198 2.75198 2 1 0
18.4647 2.75476 2.75476 2 1 0
18.4822 2.75753 2.75753 2 1 0
18.4998 2.7603 2.7603 2 1 0
18.5173 2.76308 2.76308 2 1 0
18.5348 2.76585 2.76585 2 1 0
18.5524 2.76862 2.76862 2 1 0
18.5699 2.7714 2.7714 2 1 0
18.5874 2.77417 2.77417 2 1 0
18.605 2.77695 2.77695 2 1 0
18.6225 2.77972 2.77972 2 1 0
18.64 2.78249 2.78249 2 1 0
18.6576 2.78527 2.78527 2 1 0
18.6751 2.78804 2.78804 2 1 0
18.6926 2.79081 2.79081 2 1 0
18.7102 2.79359 2.79359 2 1 0
18.7277 2.79636 2.79636 2 1 0
18.7452 2.79914 2.79914 2 1 0
18.7628 2.80191 2.80191 2 1 0
18.7803 2.80468 2.80468 2 1 0
18.7978 2.80746 2.80746 2 1 0
18.8154 2.81023 2.81023 2 1 0
18.8329 2.81301 2.81301 2 1 0
18.8504 2.81578 2.81578 2 1 0
18.868 2.81855 2.81855 2 1 0
18.8855 2.82133 2.82133 2 1 0
18.903 2.8241 2.8241 2 1 0
18.9206 2.82688 2.82688 2 1 0
18.9381 2.82965 2.82965 2 1 0
18.9556 2.83242 2.83242 2 1 0
18.9732 2.8352 2.8352 2 1 0
18.9907 2.83797 2.83797 2 1 0
19.0082 2.84075 2.84075 2 1 0
19.0258 2.84352 2.84352 2 1 0
19.0433 2.8463 2.8463 2 1 0
19.0608 2.84907 2.84907 2 1 0
19.0784 2.85184 2.85184 2 1 0
19.0959 2.85462 2.85462 2 1 0
19.1135 2.85739 2.85739 2 1 0
19.131 2.86017 2.86017 2 1 0
19.1485 2.86294 2.86294 2 1 0
19.1661 2.86572 2.86572 2 1 0
19.1836 2.86849 2.86849 2 1 0
19.2011 2.87127 2.87127 2 1 0
19.2187 2.87404 2.87404 2 1 0
19.2362 2.87682 2.87682 2 1 0
19.2537 2.87959 2.87959 2 1 0
19.2713 2.88237 2.88237 2 1 0
19.2888 2.88514 2.88514 2 1 0
19.3063 2.88791 2.88791 2 1 0
19.3239 2.89069 2.89069 2 1 0
19.3414 2.89346 2.89346 2 1 0
19.3589 2.89624 2.89624 2 1 0
19.3765 2.89901 2.89901 2 1 0
19.394 2.90179 2.90179 2 1 0
19.4115 2.90456 2.90456 2 1 0
19.4291 2.90734 2.90734 2 1 0
19.4466 2.91011 2.91011 2 1 0
19.4641 2.91289 2.91289 2 1 0
19.4817 2.91566 2.91566 2 1 0
19.4992 2.91844 2.91844 2 1 0
19.5167 2.92122 2.92122 2 1 0
19.5343 2.92399 2.92399 2 1 0
19.5518 2.92677 2.92677 2 1 0
19.5693 2.92954 2.92954 2 1 0
19.5869 2.93232 2.93232 2 1 0
19.6044 2.93509 2.93509 2 1 0
19.622 2.93787 2.93787 2 1 0
19.6395 2.94064 2.94064 2 1 0
19.657 2.94342 2.94342 2 1 0
19.6746 2.94619 2.94619 2 1 0
19.6921 2.94897 2.94897 2 1 0
19.7096 2.95174 2.95174 2 1 0
19.7272 2.95452 2.95452 2 1 0
19.7447 2.95729 2.95729 2 1 0
19.7622 2.96007 2.96007 2 1 0
19.7798 2.96285 2.96285 2 1 0
19.7973 2.96562 2.96562 2 1 0
19.8148 2.9684 2.9684 2 1 0
19.8324 2.97117 2.97117 2 1 0
19.8499 2.97395 2.97395 2 1 0
19.8674 2.97672 2.97672 2 1 0
19.885 2.9795 2.9795 2 1 0
19.9025 2.98228 2.98228 2 1 0
19.92 2.98505 2.98505 2 1 0
19.9376 2.98783 2.98783 2 1 0
19.9551 2.9906 2.9906 2 1 0
19.9726 2.99338 2.99338 2 1 0
19.9902 2.99615 2.99615 2 1 0
20.0077 2.99893 2.99893 2 1 0
0.576407 0.174727 0.174727 3 2 0
0.576735 0.181573 0.168154 3 2 0
0.577714 0.188696 0.161849 3 2 0
0.579337 0.19609 0.155815 3 2 0
0.581594 0.203751 0.15005 3 2 0
0.584468 0.211675 0.144548 3 2 0
0.587941 0.219858 0.139303 3 2 0
0.59199 0.228295 0.134311 3 2 0
0.59659 0.236981 0.129562 3 2 0
0.601716 0.24591 0.125047 3 2 0
0.607338 0.25508 0.120759 3 2 0
0.613429 0.264483 0.116687 3 2 0
0.619961 0.274117 0.11282 3 2 0
0.626904 0.283979 0.109151 3 2 0
0.63423 0.294065 0.105669 3 2 0
0.641912 0.304372 0.102363 3 2 0
0.649924 0.3149 0.0992245 3 2 0
0.65824 0.325646 0.0962445 3 2 0
0.666836 0.336612 0.0934135 3 2 0
0.675689 0.347795 0.0907231 3 2 0
0.684777 0.359199 0.0881656 3 2 0
0.694079 0.370821 0.0857338 3 2 0
0.703576 0.382665 0.0834189 3 2 0
0.713251 0.394731 0.0812151 3 2 0
0.723085 0.407024 0.0791159 3 2 0
0.733062 0.419542 0.0771151 3 2 0
0.743169 0.432291 0.0752072 3 2 0
0.753391 0.445272 0.0733871 3 2 0
0.763715 0.458491 0.0716489 3 2 0
0.774129 0.471947 0.0699886 3 2 0
0.784621 0.485643 0.0684018 3 2 0
0.795181 0.49959 0.0668845 3 2 0
0.805799 0.513779 0.065433 3 2 0
0.816467 0.528225 0.0640424 3 2 0
0.827176 0.54292 0.0627115 3 2 0
0.837917 0.557879 0.061436 3 2 0
0.848684 0.573097 0.0602112 3 2 0
0.85947 0.588579 0.0590382 3 2 0
0.870269 0.604334 0.0579109 3 2 0
0.881075 0.620355 0.0568287 3 2 0
0.891883 0.636651 0.0557881 3 2 0
0.902688 0.653218 0.0547886 3 2 0
0.913486 0.670072 0.0538288 3 2 0
0.924272 0.687209 0.0529022 3 2 0
0.935044 0.704624 0.0520114 3 2 0
0.945797 0.722331 0.0511537 3 2 0
0.956528 0.740322 0.0503275 3 2 0
0.967235 0.758598 0.0495317 3 2 0
0.977916 0.777183 0.0487631 3 2 0
0.988568 0.796048 0.048021 3 2 0
0.999188 0.815213 0.0473051 3 2 0
1.00978 0.834684 0.046614 3 2 0
1.02033 0.854438 0.0459475 3 2 0
1.03085 0.874512 0.0453009 3 2 0
1.04133 0.89488 0.0446779 3 2 0
1.05177 0.91554 0.0440736 3 2 0
1.06218 0.936516 0.0434898 3 2 0
1.07255 0.957793 0.0429249 3 2 0
1.08287 0.979386 0.0423764 3 2 0
1.09316 1.00128 0.0418463 3 2 0
1.1034 1.02347 0.0413323 3 2 0
1.1136 1.04597 0.040833 3 2 0
1.12377 1.06879 0.0403504 3 2 0
1.13389 1.09192 0.0398801 3 2 0
1.14397 1.11534 0.0394254 3 2 0
1.154 1.13908 0.0389821 3 2 0
1.164 1.16315 0.0385536 3 2 0
1.17396 1.18751 0.0381348 3 2 0
1.18387 1.21218 0.0377299 3 2 0
1.19375 1.23716 0.0373342 3 2 0
1.20358 1.26245 0.0369514 3 2 0
1.21337 1.28805 0.0365764 3 2 0
1.22313 1.31399 0.0362126 3 2 0
1.23284 1.34021 0.0358602 3 2 0
1.24252 1.36673 0.0355133 3 2 0
1.25216 1.3936 0.035177 3 2 0
1.26176 1.42076 0.0348505 3 2 0
1.27132 1.44824 0.0345299 3 2 0
1.28084 1.476 0.0342193 3 2 0
1.29033 1.50409 0.0339139 3 2 0
1.29978 1.53251 0.0336187 3 2 0
1.3092 1.56122 0.0333286 3 2 0
1.31858 1.59024 0.0330448 3 2 0
1.32793 1.61958 0.0327685 3 2 0
1.33724 1.64925 0.0324989 3 2 0
1.34652 1.67921 0.0322347 3 2 0
1.35577 1.70948 0.0319763 3 2 0
1.36498 1.74005 0.031724 3 2 0
1.37416 1.77095 0.0314775 3 2 0
1.38331 1.80216 0.0312365 3 2 0
1.39243 1.83364 0.0309994 3 2 0
1.40152 1.86547 0.0307697 3 2 0
1.41057 1.89761 0.0305415 3 2 0
1.4196 1.93003 0.0303195 3 2 0
1.4286 1.96279 0.0301032 3 2 0
1.43757 1.99586 0.0298897 3 2 0
1.44651 2.02923 0.0296806 3 2 0
1.45542 2.06291 0.0294761 3 2 0
1.46431 2.0969 0.0292767 3 2 0
1.47316 2.13117 0.02908 3 2 0
1.48199 2.16579 0.0288855 3 2 0
1.4908 2.20071 0.0286961 3 2 0
1.49958 2.23586 0.0285102 3 2 0
1.50833 2.27141 0.0283292 3 2 0
1.51706 2.30726 0.0281484 3 2 0
1.52576 2.3434 0.0279724 3 2 0
1.53444 2.37987 0.0277997 3 2 0
1.54309 2.41665 0.0276313 3 2 0
1.55172 2.45374 0.0274631 3 2 0
1.56033 2.49111 0.0272989 3 2 0
1.56892 2.52878 0.0271388 3 2 0
1.57748 2.56681 0.0269805 3 2 0
1.58602 2.60511 0.0268241 3 2 0
1.59453 2.64371 0.0266701 3 2 0
1.60303 2.6826 0.0265196 3 2 0
1.6115 2.72181 0.0263727 3 2 0
1.61995 2.76135 0.0262256 3 2 0
1.62838 2.80126 0.0260815 3 2 0
1.63679 2.84141 0.0259402 3 2 0
1.64518 2.88186 0.0258022 3 2 0
1.65355 2.92256 0.0256657 3 2 0
1.6619 2.96365 0.0255291 3 2 0
1.67023 3.00505 0.0253958 3 2 0
1.67854 3.04676 0.025265 3 2 0
1.68684 3.08876 0.0251371 3 2 0
1.69511 3.13107 0.0250095 3 2 0
1.70336 3.17367 0.0248834 3 2 0
1.7116 3.21658 0.0247599 3 2 0
1.71982 3.25979 0.024639 3 2 0
1.72802 3.30329 0.0245196 3 2 0
1.7362 3.34714 0.0244002 3 2 0
1.74436 3.3913 0.0242828 3 2 0
1.75251 3.43581 0.0241685 3 2 0
1.76064 3.48057 0.0240555 3 2 0
1.76875 3.52564 0.0239423 3 2 0
1.77685 3.57098 0.0238317 3 2 0
1.78493 3.61665 0.0237236 3 2 0
1.79299 3.66262 0.0236155 3 2 0
1.80103 3.70896 0.0235083 3 2 0
1.80906 3.75555 0.0234038 3 2 0
1.81708 3.80245 0.0233014 3 2 0
1.82508 3.84959 0.0231974 3 2 0
1.83306 3.89713 0.0230966 3 2 0
1.84103 3.94498 0.0229977 3 2 0
1.84898 3.99315 0.0228987 3 2 0
1.85692 4.04161 0.0228008 3 2 0
1.86484 4.09038 0.0227047 3 2 0
1.87275 4.13948 0.022611 3 2 0
1.88064 4.18885 0.0225166 3 2 0
1.88852 4.23852 0.022423 3 2 0
1.89639 4.28842 0.0223313 3 2 0
1.90423 4.33872 0.0222415 3 2 0
1.91207 4.38933 0.0221524 3 2 0
1.91989 4.4403 0.0220624 3 2 0
1.9277 4.49152 0.0219749 3 2 0
1.93549 4.54304 0.021889 3 2 0
1.94328 4.59476 0.0218044 3 2 0
1.95104 4.64691 0.0217185 3 2 0
1.9588 4.69937 0.0216342 3 2 0
1.96654 4.75221 0.0215522 3 2 0
1.97426 4.80526 0.0214715 3 2 0
1.98198 4.85863 0.0213893 3 2 0
1.98968 4.91229 0.0213083 3 2 0
1.99737 4.96627 0.0212297 3 2 0
2.00505 5.02055 0.0211524 3 2 0
2.01271 5.07505 0.0210725 3 2 0
2.02036 5.12993 0.0209958 3 2 0
2.028 5.18512 0.0209205 3 2 0
2.03562 5.24068 0.0208442 3 2 0
2.04324 5.29652 0.0207695 3 2 0
2.05084 5.35266 0.020696 3 2 0
2.05843 5.40919 0.0206229 3 2 0
2.06601 5.46593 0.0205501 3 2 0
2.07357 5.52298 0.0204786 3 2 0
2.08113 5.58036 0.0204088 3 2 0
2.08867 5.63804 0.0203376 3 2 0
2.0962 5.69603 0.0202676 3 2 0
2.10372 5.75414 0.0201996 3 2 0
2.11123 5.81272 0.0201324 3 2 0
2.11873 5.87164 0.0200637 3 2 0
2.12622 5.93105 0.0199956 3 2 0
2.13369 5.99057 0.0199295 3 2 0
2.14115 6.0504 0.0198644 3 2 0
2.14861 6.1105 0.0197985 3 2 0
2.15605 6.17093 0.0197336 3 2 0
2.16348 6.23168 0.0196697 3 2 0
2.1709 6.29276 0.0196074 3 2 0
2.17831 6.35412 0.0195437 3 2 0
2.18571 6.41579 0.019481 3 2 0
2.1931 6.47775 0.0194205 3 2 0
2.20048 6.54006 0.0193598 3 2 0
2.20784 6.60267 0.0192981 3 2 0
2.2152 6.66565 0.0192372 3 2 0
2.22255 6.72887 0.0191779 3 2 0
2.22988 6.79239 0.0191195 3 2 0
2.23721 6.8561 0.0190597 3 2 0
2.24453 6.92023 0.0190016 3 2 0
2.25183 6.98466 0.0189443 3 2 0
2.25913 7.04959 0.0188869 3 2 0
2.26642 7.11467 0.01883 3 2 0
2.27369 7.18006 0.0187739 3 2 0
2.28096 7.2458 0.0187188 3 2 0
2.28822 7.31181 0.0186629 3 2 0
2.29547 7.37812 0.0186078 3 2 0
2.3027 7.44474 0.0185551 3 2 0
2.30993 7.51167 0.0185002 3 2 0
2.31715 7.57891 0.018446 3 2 0
2.32436 7.6463 0.0183936 3 2 0
2.33156 7.71413 0.0183418 3 2 0
2.33875 7.78228 0.0182887 3 2 0
2.34593 7.85092 0.0182357 3 2 0
2.35311 7.9197 0.0181845 3 2 0
2.36027 7.98878 0.018134 3 2 0
2.36742 8.05794 0.0180827 3 2 0
2.37457 8.12764 0.018032 3 2 0
2.38171 8.19768 0.0179819 3 2 0
2.38883 8.26803 0.0179348 3 2 0
2.39595 8.33869 0.0178847 3 2 0
2.40306 8.40965 0.0178351 3 2 0
2.41016 8.48104 0.0177876 3 2 0
2.41725 8.55259 0.0177386 3 2 0
2.42434 8.62445 0.0176903 3 2 0
2.43141 8.69647 0.0176446 3 2 0
2.43848 8.76897 0.0175973 3 2 0
2.44553 8.84179 0.0175497 3 2 0
2.45258 8.91525 0.0175032 3 2 0
2.45962 8.98868 0.017458 3 2 0
2.46665 9.06242 0.0174126 3 2 0
2.47368 9.13647 0.0173655 3 2 0
2.48069 9.21083 0.017321 3 2 0
2.4877 9.2855 0.017277 3 2 0
2.4947 9.3604 0.0172307 3 2 0
2.50169 9.43568 0.0171868 3 2 0
2.50867 9.51127 0.0171436 3 2 0
2.51564 9.58708 0.0170989 3 2 0
2.52261 9.66328 0.0170558 3 2 0
2.52956 9.7398 0.0170132 3 2 0
2.53651 9.81663 0.01697 3 2 0
2.54345 9.89379 0.0169275 3 2 0
2.55039 9.97126 0.0168856 3 2 0
2.55731 10.0489 0.0168438 3 2 0
2.56423 10.1269 0.016802 3 2 0
2.57114 10.2053 0.0167607 3 2 0
2.57804 10.2843 0.0167207 3 2 0
2.58494 10.3633 0.0166794 3 2 0
2.59182 10.4426 0.0166385 3 2 0
2.5987 10.5224 0.0166003 3 2 0
2.60557 10.6024 0.0165595 3 2 0
2.61243 10.6826 0.0165192 3 2 0
2.61929 10.7632 0.016481 3 2 0
2.62614 10.8441 0.016442 3 2 0
2.63298 10.9253 0.0164022 3 2 0
2.63981 11.0067 0.0163634 3 2 0
2.64664 11.0885 0.0163257 3 2 0
2.65346 11.1707 0.0162875 3 2 0
2.66027 11.2531 0.0162482 3 2 0
2.66707 11.3358 0.0162111 3 2 0
2.67386 11.4189 0.0161743 3 2 0
2.68065 11.5023 0.0161351 3 2 0
2.68743 11.5859 0.0160984 3 2 0
2.69421 11.6699 0.0160621 3 2 0
2.70098 11.754 0.0160243 3 2 0
2.70774 11.8386 0.015988 3 2 0
2.71449 11.9235 0.0159521 3 2 0
2.72123 12.0089 0.015916 3 2 0
2.72797 12.0944 0.01588 3 2 0
2.7347 12.1803 0.0158445 3 2 0
2.74143 12.2666 0.01581 3 2 0
2.74814 12.3531 0.0157744 3 2 0
2.75485 12.4399 0.0157392 3 2 0
2.76156 12.5266 0.0157064 3 2 0
2.76825 12.614 0.0156712 3 2 0
2.77494 12.7017 0.0156363 3 2 0
2.78163 12.7901 0.015603 3 2 0
2.7883 12.8784 0.0155699 3 2 0
2.79497 12.9671 0.0155355 3 2 0
2.80163 13.0561 0.0155013 3 2 0
2.80829 13.1454 0.0154685 3 2 0
2.81494 13.235 0.0154361 3 2 0
2.82158 13.3249 0.0154012 3 2 0
2.82821 13.4151 0.0153688 3 2 0
2.83484 13.5056 0.0153368 3 2 0
2.84146 13.596 0.0153031 3 2 0
2.84808 13.6871 0.0152711 3 2 0
2.85469 13.7786 0.0152394 3 2 0
2.86129 13.8704 0.0152068 3 2 0
2.86789 13.9625 0.0151751 3 2 0
2.87448 14.0549 0.0151437 3 2 0
2.88106 14.1476 0.0151123 3 2 0
2.88763 14.2406 0.015081 3 2 0
2.8942 14.334 0.0150499 3 2 0
2.90077 14.4275 0.0150197 3 2 0
2.90733 14.5215 0.0149886 3 2 0
2.91388 14.6157 0.0149579 3 2 0
2.92042 14.7107 0.0149287 3 2 0
2.92696 14.8057 0.014898 3 2 0
2.93349 14.9009 0.0148675 3 2 0
2.94002 14.9966 0.0148389 3 2 0
2.94654 15.0924 0.0148097 3 2 0
2.95305 15.1885 0.0147794 3 2 0
2.95956 15.2848 0.0147488 3 2 0
2.96606 15.3816 0.0147199 3 2 0
2.97255 15.4787 0.0146912 3 2 0
2.97904 15.5759 0.0146613 3 2 0
2.98552 15.6736 0.0146328 3 2 0
2.992 15.7716 0.0146046 3 2 0
2.99847 15.8699 0.0145752 3 2 0
3.00493 15.9685 0.0145471 3 2 0
3.01139 16.0674 0.0145192 3 2 0
3.01785 16.1672 0.0144903 3 2 0
3.02429 16.2668 0.0144626 3 2 0
3.03073 16.3667 0.014435 3 2 0
3.03717 16.4666 0.0144068 3 2 0
3.0436 16.5671 0.0143793 3 2 0
3.05002 16.6679 0.014352 3 2 0
3.05644 16.7689 0.0143246 3 2 0
3.06285 16.8703 0.0142974 3 2 0
3.06925 16.9721 0.0142704 3 2 0
3.07565 17.074 0.0142437 3 2 0
3.08205 17.1764 0.0142168 3 2 0
3.08843 17.279 0.0141901 3 2 0
3.09482 17.3822 0.0141642 3 2 0
3.10119 17.4856 0.0141376 3 2 0
3.10756 17.5892 0.0141111 3 2 0
3.11393 17.6936 0.0140861 3 2 0
3.12029 17.7979 0.0140597 3 2 0
3.12664 17.9025 0.0140335 3 2 0
3.13299 18.0077 0.0140095 3 2 0
3.13933 18.1129 0.0139832 3 2 0
3.14567 18.2185 0.0139572 3 2 0
3.152 18.3241 0.0139334 3 2 0
3.15833 18.4302 0.0139083 3 2 0
3.16465 18.5367 0.0138825 3 2 0
3.17096 18.6436 0.0138568 3 2 0
3.17727 18.7507 0.0138324 3 2 0
3.18358 18.8581 0.0138083 3 2 0
3.18988 18.9656 0.0137815 3 2 0
3.19617 19.0736 0.0137574 3 2 0
3.20246 19.1819 0.0137334 3 2 0
3.20874 19.2906 0.0137077 3 2 0
3.21502 19.3995 0.0136837 3 2 0
3.22129 19.5088 0.0136598 3 2 0
3.22755 19.6183 0.0136352 3 2 0
3.23382 19.7282 0.0136113 3 2 0
3.24007 19.8384 0.0135876 3 2 0
3.24632 19.949 0.0135641 3 2 0
3.25257 20.0598 0.0135403 3 2 0
3.25881 20.171 0.0135168 3 2 0
3.26504 20.2824 0.0134941 3 2 0
3.27127 20.3942 0.0134705 3 2 0
3.27749 20.5063 0.0134471 3 2 0
3.28371 20.6188 0.0134246 3 2 0
3.28993 20.7315 0.0134013 3 2 0
3.29614 20.8446 0.0133782 3 2 0
3.30234 20.9583 0.0133564 3 2 0
3.30854 21.0719 0.0133334 3 2 0
3.31473 21.186 0.0133105 3 2 0
3.32092 21.3005 0.0132894 3 2 0
3.3271 21.4152 0.0132665 3 2 0
3.33328 21.5301 0.0132438 3 2 0
3.33945 21.6455 0.0132237 3 2 0
3.34562 21.761 0.0132009 3 2 0
3.35178 21.8769 0.0131783 3 2 0
3.35794 21.9932 0.0131567 3 2 0
3.3641 22.1097 0.0131355 3 2 0
3.37024 22.2265 0.0131139 3 2 0
3.37639 22.3437 0.0130909 3 2 0
3.38253 22.4611 0.0130698 3 2 0
3.38866 22.5789 0.0130489 3 2 0
3.39479 22.697 0.0130261 3 2 0
3.40091 22.8154 0.0130052 3 2 0
3.40703 22.9341 0.0129845 3 2 0
3.41314 23.053 0.0129622 3 2 0
3.41925 23.1724 0.0129415 3 2 0
3.42536 23.292 0.0129209 3 2 0
3.43145 23.4114 0.0128991 3 2 0
3.43755 23.5317 0.0128785 3 2 0
3.44364 23.6523 0.0128581 3 2 0
3.44972 23.773 0.012837 3 2 0
3.4558 23.8943 0.0128166 3 2 0
3.46188 24.0158 0.0127962 3 2 0
3.46795 24.138 0.012776 3 2 0
3.47402 24.2602 0.0127556 3 2 0
3.48008 24.3827 0.0127354 3 2 0
3.48613 24.5057 0.0127158 3 2 0
3.49218 24.6289 0.0126956 3 2 0
3.49823 24.7523 0.0126755 3 2 0
3.50427 24.8762 0.0126565 3 2 0
3.51031 25.0002 0.0126364 3 2 0
3.51635 25.1246 0.0126165 3 2 0
3.52237 25.2493 0.012598 3 2 0
3.5284 25.3743 0.0125781 3 2 0
3.53442 25.4996 0.0125583 3 2 0
3.54043 25.6253 0.0125404 3 2 0
3.54644 25.7512 0.0125205 3 2 0
3.55245 25.8775 0.0125009 3 2 0
3.55845 26.004 0.0124832 3 2 0
3.56445 26.1309 0.0124637 3 2 0
3.57044 26.2581 0.0124442 3 2 0
3.57643 26.3856 0.0124256 3 2 0
