0 0.21904 0.272306 0.0710127 1.70783 0.166297 0.129905 
0.01 0.218535 0.27719 0.0617185 1.72229 0.16682 0.131346 
0.02 0.217993 0.282226 0.0523058 1.7369 0.167332 0.132822 
0.03 0.217413 0.28742 0.042775 1.75163 0.167833 0.134335 
0.04 0.216796 0.292779 0.0331269 1.7665 0.168323 0.135884 
0.05 0.216142 0.298309 0.0233619 1.78149 0.168802 0.137473 
0.06 0.21545 0.304016 0.0134806 1.7966 0.16927 0.139102 
0.07 0.214721 0.309908 0.00348329 1.81181 0.169726 0.140772 
0.08 0.213954 0.315992 -0.00662957 1.82713 0.17017 0.142485 
0.09 0.21315 0.322275 -0.0168577 1.84252 0.170601 0.144242 
0.1 0.21231 0.328766 -0.0272008 1.85799 0.17102 0.146046 
0.11 0.211432 0.335471 -0.0376588 1.87351 0.171427 0.147897 
0.12 0.210518 0.3424 -0.0482315 1.88908 0.17182 0.149798 
0.13 0.209568 0.349561 -0.058919 1.90466 0.172201 0.15175 
0.14 0.208581 0.356962 -0.0697214 1.92024 0.172568 0.153755 
0.15 0.207559 0.364613 -0.0806388 1.93579 0.172921 0.155815 
0.16 0.206501 0.372523 -0.0916717 1.95129 0.17326 0.157932 
0.17 0.205408 0.380701 -0.10282 1.96671 0.173586 0.160107 
0.18 0.204279 0.389157 -0.114085 1.98201 0.173897 0.162344 
0.19 0.203117 0.397901 -0.125467 1.99716 0.174193 0.164644 
0.2 0.20192 0.406941 -0.136967 2.01211 0.174475 0.16701 
0.21 0.20069 0.416289 -0.148586 2.02682 0.174742 0.169444 
0.22 0.199426 0.425952 -0.160324 2.04124 0.174994 0.171948 
0.23 0.19813 0.435942 -0.172184 2.05532 0.175231 0.174525 
0.24 0.196802 0.446268 -0.184166 2.06899 0.175452 0.177177 
0.25 0.195442 0.456937 -0.196272 2.08219 0.175658 0.179907 
0.26 0.19405 0.46796 -0.208504 2.09484 0.175848 0.182719 
0.27 0.192628 0.479343 -0.220864 2.10687 0.176022 0.185613 
0.28 0.191177 0.491095 -0.233353 2.11819 0.17618 0.188594 
0.29 0.189695 0.503221 -0.245974 2.12871 0.176322 0.191664 
0.3 0.188185 0.515726 -0.258729 2.13832 0.176447 0.194826 
0.31 0.186647 0.528614 -0.271621 2.14691 0.176556 0.198083 
0.32 0.185081 0.541887 -0.284652 2.15438 0.176649 0.201438 
0.33 0.183488 0.555545 -0.297825 2.16058 0.176725 0.204893 
0.34 0.181869 0.569586 -0.311144 2.16538 0.176784 0.208452 
0.35 0.180225 0.584004 -0.324611 2.16864 0.176827 0.212117 
0.36 0.178556 0.598792 -0.338229 2.1702 0.176852 0.21589 
0.37 0.176862 0.613938 -0.352002 2.16989 0.176861 0.219775 
0.38 0.175146 0.629425 -0.365934 2.16754 0.176852 0.223774 
0.39 0.173407 0.645235 -0.380027 2.16297 0.176827 0.227889 
0.4 0.171645 0.661342 -0.394286 2.15599 0.176784 0.232122 
0.41 0.169863 0.677714 -0.408713 2.1464 0.176724 0.236474 
0.42 0.168061 0.694315 -0.423313 2.13399 0.176647 0.240947 
0.43 0.166239 0.711102 -0.43809 2.11856 0.176552 0.245542 
0.44 0.164398 0.728024 -0.453045 2.09991 0.17644 0.250258 
0.45 0.162539 0.745022 -0.468184 2.07782 0.176311 0.255097 
0.46 0.160664 0.76203 -0.483508 2.05209 0.176165 0.260056 
0.47 0.158771 0.778974 -0.499022 2.02252 0.176001 0.265136 
0.48 0.156864 0.795772 -0.514726 1.98894 0.17582 0.270332 
0.49 0.154942 0.812331 -0.530625 1.95116 0.175622 0.275643 
0.5 0.153007 0.828553 -0.546719 1.90903 0.175407 0.281065 
0.51 0.151058 0.844331 -0.563009 1.86244 0.175174 0.286591 
0.52 0.149098 0.859552 -0.579497 1.81129 0.174924 0.292217 
0.53 0.147127 0.874094 -0.596182 1.75552 0.174658 0.297935 
0.54 0.145145 0.887835 -0.613063 1.6951 0.174374 0.303737 
0.55 0.143155 0.900647 -0.630139 1.63007 0.174073 0.309614 
0.56 0.141157 0.912401 -0.647407 1.56049 0.173755 0.315554 
0.57 0.139151 0.92297 -0.664864 1.4865 0.173421 0.321547 
0.58 0.13714 0.932232 -0.682505 1.40828 0.17307 0.327578 
0.59 0.135123 0.940067 -0.700325 1.32605 0.172703 0.333635 
0.6 0.133103 0.946367 -0.718315 1.24012 0.172319 0.339702 
0.61 0.13108 0.951036 -0.736467 1.15084 0.171918 0.345763 
0.62 0.129055 0.95399 -0.754773 1.05858 0.171502 0.351802 
0.63 0.127029 0.955162 -0.773221 0.963799 0.171069 0.357801 
0.64 0.125003 0.954504 -0.791798 0.866966 0.170621 0.363743 
0.65 0.12298 0.951987 -0.810491 0.768586 0.170157 0.36961 
0.66 0.120959 0.947603 -0.829286 0.669185 0.169678 0.375385 
0.67 0.118942 0.941365 -0.848165 0.5693 0.169183 0.381049 
0.68 0.116931 0.93331 -0.867112 0.469466 0.168673 0.386585 
0.69 0.114926 0.923491 -0.886107 0.37021 0.168148 0.391978 
0.7 0.112929 0.911983 -0.905132 0.272039 0.167608 0.39721 
0.71 0.110941 0.898878 -0.924166 0.175432 0.167054 0.402268 
0.72 0.108963 0.884283 -0.943188 0.0808326 0.166486 0.407138 
0.73 0.106997 0.868318 -0.962177 -0.0113577 0.165904 0.411807 
0.74 0.105043 0.851111 -0.98111 -0.100784 0.165308 0.416265 
0.75 0.103104 0.832798 -0.999964 -0.18714 0.164699 0.420501 
0.76 0.10118 0.813522 -1.01872 -0.270173 0.164076 0.424509 
0.77 0.0992725 0.793423 -1.03735 -0.34968 0.163441 0.42828 
0.78 0.0973827 0.772644 -1.05583 -0.425508 0.162793 0.43181 
0.79 0.0955118 0.751322 -1.07414 -0.497553 0.162133 0.435095 
0.8 0.093661 0.729591 -1.09227 -0.565756 0.161461 0.438134 
0.81 0.0918313 0.707578 -1.11018 -0.630099 0.160777 0.440924 
0.82 0.0900239 0.685403 -1.12786 -0.690599 0.160082 0.443467 
0.83 0.0882398 0.663174 -1.14529 -0.747307 0.159376 0.445764 
0.84 0.0864798 0.640994 -1.16245 -0.800301 0.158659 0.447816 
0.85 0.0847451 0.618953 -1.17932 -0.849683 0.157933 0.449629 
0.86 0.0830364 0.597135 -1.19589 -0.895572 0.157196 0.451204 
0.87 0.0813546 0.575609 -1.21213 -0.938101 0.156449 0.452549 
0.88 0.0797003 0.55444 -1.22803 -0.977417 0.155694 0.453668 
0.89 0.0780744 0.533681 -1.24359 -1.01367 0.15493 0.454567 
0.9 0.0764775 0.513377 -1.25878 -1.04702 0.154157 0.455252 
0.91 0.0749101 0.493566 -1.2736 -1.07762 0.153376 0.455731 
0.92 0.0733728 0.474278 -1.28803 -1.10564 0.152588 0.456011 
0.93 0.0718659 0.455537 -1.30207 -1.13123 0.151792 0.456099 
0.94 0.0703899 0.437359 -1.3157 -1.15454 0.150989 0.456003 
0.95 0.0689451 0.419758 -1.32893 -1.17572 0.15018 0.455729 
0.96 0.0675318 0.40274 -1.34174 -1.19491 0.149365 0.455286 
0.97 0.0661501 0.386309 -1.35414 -1.21226 0.148544 0.45468 
0.98 0.0648002 0.370464 -1.36611 -1.22789 0.147717 0.453921 
0.99 0.0634822 0.355203 -1.37765 -1.24192 0.146885 0.453014 
1 0.0621961 0.340518 -1.38877 -1.25448 0.146049 0.451967 
1.01 0.0609419 0.326402 -1.39946 -1.26566 0.145209 0.450787 
1.02 0.0597194 0.312844 -1.40972 -1.27559 0.144364 0.449481 
1.03 0.0585287 0.299832 -1.41955 -1.28434 0.143516 0.448057 
1.04 0.0573694 0.287352 -1.42896 -1.29201 0.142664 0.446519 
1.05 0.0562414 0.275392 -1.43794 -1.29868 0.14181 0.444875 
1.06 0.0551444 0.263936 -1.4465 -1.30443 0.140953 0.443131 
1.07 0.0540782 0.252968 -1.45464 -1.30934 0.140094 0.441293 
1.08 0.0530423 0.242473 -1.46237 -1.31346 0.139233 0.439367 
1.09 0.0520365 0.232434 -1.46969 -1.31685 0.13837 0.437357 
1.1 0.0510604 0.222836 -1.47661 -1.31959 0.137506 0.43527 
1.11 0.0501134 0.213663 -1.48312 -1.3217 0.136641 0.43311 
1.12 0.0491953 0.204899 -1.48924 -1.32326 0.135776 0.430883 
1.13 0.0483055 0.196527 -1.49497 -1.32429 0.13491 0.428592 
1.14 0.0474435 0.188532 -1.50032 -1.32483 0.134044 0.426243 
1.15 0.0466088 0.180899 -1.5053 -1.32494 0.133178 0.423839 
1.16 0.045801 0.173614 -1.50991 -1.32463 0.132313 0.421385 
1.17 0.0450195 0.166661 -1.51416 -1.32394 0.131448 0.418885 
1.18 0.0442637 0.160027 -1.51805 -1.32291 0.130584 0.416342 
1.19 0.0435332 0.153697 -1.5216 -1.32154 0.129721 0.41376 
1.2 0.0428273 0.147659 -1.52481 -1.31988 0.12886 0.411142 
1.21 0.0421455 0.141901 -1.52769 -1.31794 0.128001 0.408491 
1.22 0.0414872 0.136409 -1.53025 -1.31575 0.127143 0.405811 
1.23 0.0408519 0.131171 -1.53249 -1.31331 0.126288 0.403104 
1.24 0.040239 0.126177 -1.53442 -1.31066 0.125435 0.400373 
1.25 0.039648 0.121415 -1.53605 -1.3078 0.124584 0.397621 
1.26 0.0390783 0.116875 -1.53739 -1.30475 0.123736 0.39485 
1.27 0.0385293 0.112547 -1.53845 -1.30152 0.122891 0.392062 
1.28 0.0380005 0.108421 -1.53923 -1.29813 0.122049 0.38926 
1.29 0.0374913 0.104487 -1.53973 -1.29458 0.12121 0.386446 
1.3 0.0370012 0.100738 -1.53998 -1.29089 0.120375 0.383622 
1.31 0.0365297 0.0971633 -1.53997 -1.28707 0.119543 0.380789 
1.32 0.0360763 0.0937561 -1.53972 -1.28313 0.118714 0.37795 
1.33 0.0356403 0.0905084 -1.53923 -1.27906 0.11789 0.375106 
1.34 0.0352214 0.0874126 -1.5385 -1.27489 0.117069 0.372258 
1.35 0.0348189 0.0844617 -1.53755 -1.27062 0.116253 0.369409 
1.36 0.0344325 0.081649 -1.53638 -1.26626 0.115441 0.36656 
1.37 0.0340617 0.078968 -1.535 -1.2618 0.114633 0.363712 
1.38 0.0337059 0.0764125 -1.53341 -1.25727 0.113829 0.360866 
1.39 0.0333647 0.0739766 -1.53163 -1.25265 0.11303 0.358023 
1.4 0.0330376 0.0716548 -1.52965 -1.24796 0.112236 0.355185 
1.41 0.0327243 0.0694416 -1.52749 -1.24321 0.111446 0.352353 
1.42 0.0324243 0.0673321 -1.52515 -1.23839 0.110662 0.349527 
1.43 0.0321372 0.0653213 -1.52263 -1.23351 0.109882 0.346709 
1.44 0.0318625 0.0634046 -1.51995 -1.22857 0.109107 0.3439 
1.45 0.0315999 0.0615777 -1.51711 -1.22358 0.108337 0.341099 
1.46 0.031349 0.0598362 -1.51411 -1.21854 0.107572 0.338309 
1.47 0.0311095 0.0581763 -1.51096 -1.21345 0.106812 0.33553 
1.48 0.0308808 0.056594 -1.50767 -1.20832 0.106058 0.332763 
1.49 0.0306628 0.0550858 -1.50424 -1.20315 0.105309 0.330007 
1.5 0.030455 0.0536482 -1.50067 -1.19794 0.104565 0.327264 
1.51 0.0302571 0.052278 -1.49697 -1.1927 0.103827 0.324535 
1.52 0.0300689 0.0509719 -1.49315 -1.18742 0.103094 0.321819 
1.53 0.0298899 0.049727 -1.48921 -1.1821 0.102366 0.319118 
1.54 0.0297199 0.0485405 -1.48515 -1.17676 0.101644 0.316432 
1.55 0.0295586 0.0474095 -1.48098 -1.17139 0.100928 0.31376 
1.56 0.0294057 0.0463317 -1.47671 -1.16599 0.100217 0.311105 
1.57 0.0292609 0.0453044 -1.47233 -1.16057 0.0995115 0.308465 
1.58 0.029124 0.0443255 -1.46785 -1.15512 0.0988118 0.305842 
1.59 0.0289947 0.0433925 -1.46328 -1.14965 0.0981178 0.303235 
1.6 0.0288728 0.0425035 -1.45862 -1.14416 0.0974294 0.300645 
1.61 0.028758 0.0416563 -1.45387 -1.13866 0.0967467 0.298072 
1.62 0.02865 0.0408492 -1.44904 -1.13313 0.0960696 0.295517 
1.63 0.0285488 0.0400801 -1.44413 -1.12759 0.0953983 0.292979 
1.64 0.0284539 0.0393475 -1.43914 -1.12203 0.0947326 0.290459 
1.65 0.0283653 0.0386496 -1.43407 -1.11646 0.0940727 0.287957 
1.66 0.0282828 0.0379848 -1.42894 -1.11088 0.0934185 0.285473 
1.67 0.028206 0.0373517 -1.42374 -1.10529 0.09277 0.283007 
1.68 0.0281349 0.0367488 -1.41848 -1.09968 0.0921272 0.28056 
1.69 0.0280693 0.0361747 -1.41315 -1.09406 0.0914901 0.278131 
1.7 0.028009 0.0356281 -1.40777 -1.08844 0.0908588 0.275721 
1.71 0.0279538 0.0351079 -1.40233 -1.0828 0.0902331 0.273329 
1.72 0.0279035 0.0346127 -1.39684 -1.07716 0.0896132 0.270956 
1.73 0.027858 0.0341415 -1.3913 -1.07151 0.0889989 0.268602 
1.74 0.0278172 0.0336932 -1.3857 -1.06586 0.0883904 0.266267 
1.75 0.0277809 0.0332668 -1.38007 -1.0602 0.0877875 0.263951 
1.76 0.027749 0.0328613 -1.37439 -1.05454 0.0871902 0.261653 
1.77 0.0277212 0.0324758 -1.36867 -1.04887 0.0865986 0.259375 
1.78 0.0276976 0.0321093 -1.36291 -1.0432 0.0860127 0.257115 
1.79 0.0276779 0.0317611 -1.35711 -1.03753 0.0854323 0.254875 
1.8 0.0276621 0.0314304 -1.35127 -1.03185 0.0848576 0.252653 
1.81 0.02765 0.0311163 -1.34541 -1.02617 0.0842884 0.25045 
1.82 0.0276415 0.0308181 -1.33951 -1.0205 0.0837248 0.248266 
1.83 0.0276365 0.0305352 -1.33358 -1.01482 0.0831667 0.246101 
1.84 0.0276349 0.0302668 -1.32763 -1.00914 0.0826142 0.243955 
1.85 0.0276366 0.0300124 -1.32164 -1.00346 0.0820672 0.241827 
1.86 0.0276415 0.0297714 -1.31564 -0.997787 0.0815256 0.239719 
1.87 0.0276495 0.029543 -1.30961 -0.992112 0.0809895 0.237629 
1.88 0.0276606 0.0293269 -1.30356 -0.98644 0.0804588 0.235557 
1.89 0.0276745 0.0291225 -1.29749 -0.98077 0.0799335 0.233504 
1.9 0.0276913 0.0289292 -1.2914 -0.975103 0.0794136 0.231469 
1.91 0.0277109 0.0287466 -1.28529 -0.969439 0.078899 0.229453 
1.92 0.0277331 0.0285743 -1.27917 -0.963779 0.0783898 0.227455 
1.93 0.027758 0.0284118 -1.27303 -0.958122 0.0778859 0.225475 
1.94 0.0277853 0.0282587 -1.26688 -0.95247 0.0773872 0.223514 
1.95 0.0278152 0.0281146 -1.26071 -0.946823 0.0768938 0.22157 
1.96 0.0278475 0.0279791 -1.25454 -0.94118 0.0764057 0.219645 
1.97 0.0278821 0.0278518 -1.24835 -0.935543 0.0759227 0.217737 
1.98 0.0279189 0.0277325 -1.24216 -0.929912 0.0754448 0.215847 
1.99 0.027958 0.0276207 -1.23596 -0.924286 0.0749721 0.213975 
2 0.0279992 0.0275162 -1.22975 -0.918666 0.0745045 0.21212 
2.01 0.0280426 0.0274187 -1.22353 -0.913053 0.074042 0.210283 
2.02 0.028088 0.0273279 -1.21731 -0.907446 0.0735845 0.208463 
2.03 0.0281353 0.0272434 -1.21108 -0.901846 0.0731321 0.20666 
2.04 0.0281847 0.0271651 -1.20485 -0.896253 0.0726846 0.204874 
2.05 0.0282359 0.0270927 -1.19862 -0.890668 0.0722421 0.203106 
2.06 0.028289 0.027026 -1.19239 -0.88509 0.0718045 0.201354 
2.07 0.0283439 0.0269646 -1.18615 -0.87952 0.0713718 0.199619 
2.08 0.0284005 0.0269085 -1.17991 -0.873958 0.0709439 0.197901 
2.09 0.0284589 0.0268574 -1.17368 -0.868404 0.0705209 0.196199 
2.1 0.028519 0.0268111 -1.16744 -0.862858 0.0701027 0.194514 
2.11 0.0285807 0.0267694 -1.16121 -0.85732 0.0696892 0.192845 
2.12 0.028644 0.0267321 -1.15497 -0.851792 0.0692805 0.191192 
2.13 0.0287089 0.0266991 -1.14874 -0.846272 0.0688765 0.189556 
2.14 0.0287753 0.0266702 -1.14252 -0.840761 0.0684771 0.187935 
2.15 0.0288433 0.0266452 -1.13629 -0.835259 0.0680824 0.18633 
2.16 0.0289127 0.026624 -1.13008 -0.829766 0.0676923 0.184741 
2.17 0.0289836 0.0266064 -1.12386 -0.824283 0.0673068 0.183168 
2.18 0.0290559 0.0265923 -1.11765 -0.818809 0.0669258 0.18161 
2.19 0.0291296 0.0265815 -1.11145 -0.813345 0.0665494 0.180068 
2.2 0.0292046 0.026574 -1.10525 -0.80789 0.0661774 0.17854 
2.21 0.029281 0.0265696 -1.09906 -0.802445 0.0658099 0.177028 
2.22 0.0293587 0.0265682 -1.09288 -0.79701 0.0654468 0.175531 
2.23 0.0294377 0.0265697 -1.0867 -0.791586 0.0650882 0.174049 
2.24 0.029518 0.026574 -1.08053 -0.786171 0.0647338 0.172582 
2.25 0.0295995 0.0265809 -1.07437 -0.780766 0.0643838 0.171129 
2.26 0.0296822 0.0265904 -1.06822 -0.775372 0.0640381 0.169691 
2.27 0.0297661 0.0266024 -1.06208 -0.769988 0.0636967 0.168267 
2.28 0.0298512 0.0266168 -1.05594 -0.764615 0.0633595 0.166857 
2.29 0.0299375 0.0266335 -1.04982 -0.759252 0.0630265 0.165462 
2.3 0.0300249 0.0266525 -1.0437 -0.753899 0.0626977 0.164081 
2.31 0.0301135 0.0266735 -1.0376 -0.748557 0.0623731 0.162713 
2.32 0.0302031 0.0266967 -1.0315 -0.743226 0.0620525 0.16136 
2.33 0.0302939 0.0267218 -1.02542 -0.737906 0.0617361 0.16002 
2.34 0.0303857 0.0267489 -1.01934 -0.732596 0.0614237 0.158694 
2.35 0.0304786 0.0267779 -1.01328 -0.727297 0.0611153 0.157381 
2.36 0.0305726 0.0268086 -1.00723 -0.722009 0.0608109 0.156082 
2.37 0.0306676 0.0268411 -1.00119 -0.716732 0.0605105 0.154796 
2.38 0.0307636 0.0268753 -0.99516 -0.711466 0.0602141 0.153523 
2.39 0.0308606 0.0269111 -0.989143 -0.706211 0.0599215 0.152263 
2.4 0.0309587 0.0269485 -0.983138 -0.700967 0.0596328 0.151015 
2.41 0.0310577 0.0269874 -0.977145 -0.695733 0.059348 0.149781 
2.42 0.0311577 0.0270278 -0.971165 -0.690511 0.059067 0.14856 
2.43 0.0312586 0.0270696 -0.965197 -0.6853 0.0587898 0.147351 
2.44 0.0313606 0.0271128 -0.959241 -0.6801 0.0585164 0.146154 
2.45 0.0314634 0.0271574 -0.953298 -0.674911 0.0582467 0.14497 
2.46 0.0315672 0.0272032 -0.947369 -0.669733 0.0579807 0.143798 
2.47 0.031672 0.0272503 -0.941452 -0.664566 0.0577184 0.142638 
2.48 0.0317776 0.0272987 -0.935548 -0.65941 0.0574598 0.14149 
2.49 0.0318842 0.0273482 -0.929657 -0.654266 0.0572047 0.140354 
2.5 0.0319917 0.0273989 -0.92378 -0.649132 0.0569533 0.13923 
2.51 0.0321001 0.0274507 -0.917916 -0.64401 0.0567055 0.138117 
2.52 0.0322093 0.0275036 -0.912066 -0.638898 0.0564612 0.137016 
2.53 0.0323195 0.0275575 -0.90623 -0.633798 0.0562205 0.135927 
2.54 0.0324305 0.0276125 -0.900407 -0.628709 0.0559832 0.134849 
2.55 0.0325424 0.0276685 -0.894598 -0.623631 0.0557494 0.133782 
2.56 0.0326552 0.0277254 -0.888802 -0.618563 0.055519 0.132727 
2.57 0.0327689 0.0277833 -0.883021 -0.613507 0.0552921 0.131682 
2.58 0.0328834 0.0278421 -0.877254 -0.608462 0.0550686 0.130649 
2.59 0.0329987 0.0279018 -0.8715 -0.603428 0.0548484 0.129626 
2.6 0.0331149 0.0279624 -0.865761 -0.598405 0.0546316 0.128614 
2.61 0.0332319 0.0280239 -0.860036 -0.593393 0.0544181 0.127613 
2.62 0.0333498 0.0280861 -0.854325 -0.588392 0.0542078 0.126622 
2.63 0.0334685 0.0281492 -0.848628 -0.583402 0.0540009 0.125642 
2.64 0.0335881 0.0282131 -0.842945 -0.578423 0.0537972 0.124672 
2.65 0.0337085 0.0282778 -0.837277 -0.573454 0.0535967 0.123713 
2.66 0.0338297 0.0283432 -0.831623 -0.568497 0.0533994 0.122764 
2.67 0.0339517 0.0284094 -0.825983 -0.56355 0.0532053 0.121824 
2.68 0.0340746 0.0284763 -0.820357 -0.558614 0.0530143 0.120895 
2.69 0.0341982 0.0285439 -0.814746 -0.553688 0.0528265 0.119976 
2.7 0.0343227 0.0286122 -0.80915 -0.548774 0.0526418 0.119067 
2.71 0.034448 0.0286812 -0.803567 -0.54387 0.0524601 0.118167 
2.72 0.0345742 0.0287509 -0.797999 -0.538977 0.0522815 0.117277 
2.73 0.0347011 0.0288212 -0.792445 -0.534094 0.052106 0.116396 
2.74 0.0348289 0.0288922 -0.786906 -0.529222 0.0519334 0.115525 
2.75 0.0349574 0.0289638 -0.781381 -0.52436 0.0517639 0.114664 
2.76 0.0350868 0.029036 -0.775871 -0.519509 0.0515973 0.113811 
2.77 0.035217 0.0291088 -0.770374 -0.514668 0.0514336 0.112968 
2.78 0.035348 0.0291822 -0.764892 -0.509838 0.0512729 0.112134 
2.79 0.0354798 0.0292562 -0.759425 -0.505018 0.0511151 0.111309 
2.8 0.0356124 0.0293308 -0.753972 -0.500208 0.0509602 0.110493 
2.81 0.0357458 0.029406 -0.748533 -0.495409 0.0508082 0.109686 
2.82 0.03588 0.0294817 -0.743108 -0.490619 0.050659 0.108887 
2.83 0.0360151 0.029558 -0.737697 -0.48584 0.0505126 0.108098 
2.84 0.0361509 0.0296348 -0.732301 -0.481071 0.050369 0.107317 
2.85 0.0362876 0.0297122 -0.726919 -0.476312 0.0502282 0.106544 
2.86 0.0364251 0.0297901 -0.721551 -0.471563 0.0500902 0.10578 
2.87 0.0365633 0.0298685 -0.716198 -0.466824 0.0499549 0.105024 
2.88 0.0367024 0.0299475 -0.710858 -0.462095 0.0498224 0.104277 
2.89 0.0368424 0.030027 -0.705533 -0.457376 0.0496925 0.103538 
2.9 0.0369831 0.0301069 -0.700221 -0.452667 0.0495653 0.102807 
2.91 0.0371246 0.0301874 -0.694924 -0.447967 0.0494409 0.102084 
2.92 0.037267 0.0302684 -0.68964 -0.443277 0.049319 0.101369 
2.93 0.0374102 0.0303498 -0.684371 -0.438597 0.0491998 0.100662 
2.94 0.0375542 0.0304318 -0.679115 -0.433926 0.0490832 0.0999623 
2.95 0.037699 0.0305142 -0.673873 -0.429264 0.0489692 0.0992709 
2.96 0.0378447 0.0305971 -0.668645 -0.424613 0.0488578 0.0985872 
2.97 0.0379912 0.0306805 -0.663431 -0.41997 0.048749 0.0979111 
2.98 0.0381385 0.0307644 -0.658231 -0.415337 0.0486426 0.0972425 
2.99 0.0382867 0.0308487 -0.653044 -0.410713 0.0485389 0.0965815 
3 0.0384357 0.0309335 -0.647871 -0.406098 0.0484376 0.0959279 
3.01 0.0385855 0.0310187 -0.642711 -0.401493 0.0483388 0.0952816 
3.02 0.0387362 0.0311044 -0.637565 -0.396897 0.0482425 0.0946426 
3.03 0.0388877 0.0311906 -0.632432 -0.392309 0.0481487 0.0940108 
3.04 0.0390401 0.0312772 -0.627313 -0.387731 0.0480573 0.0933862 
3.05 0.0391933 0.0313643 -0.622207 -0.383162 0.0479683 0.0927686 
3.06 0.0393474 0.0314518 -0.617115 -0.378601 0.0478818 0.092158 
3.07 0.0395024 0.0315398 -0.612036 -0.374049 0.0477976 0.0915544 
3.08 0.0396582 0.0316282 -0.60697 -0.369506 0.0477159 0.0909577 
3.09 0.0398148 0.031717 -0.601917 -0.364972 0.0476365 0.0903678 
3.1 0.0399724 0.0318063 -0.596877 -0.360446 0.0475594 0.0897847 
3.11 0.0401308 0.0318961 -0.591851 -0.355929 0.0474847 0.0892082 
3.12 0.0402901 0.0319862 -0.586837 -0.35142 0.0474124 0.0886384 
3.13 0.0404503 0.0320768 -0.581836 -0.34692 0.0473423 0.0880752 
3.14 0.0406113 0.0321679 -0.576848 -0.342428 0.0472745 0.0875184 
3.15 0.0407733 0.0322594 -0.571873 -0.337944 0.047209 0.0869681 
3.16 0.0409361 0.0323513 -0.566911 -0.333468 0.0471458 0.0864242 
3.17 0.0410999 0.0324437 -0.561961 -0.329001 0.0470848 0.0858867 
3.18 0.0412645 0.0325365 -0.557024 -0.324542 0.0470261 0.0853554 
3.19 0.0414301 0.0326297 -0.5521 -0.32009 0.0469696 0.0848303 
3.2 0.0415966 0.0327233 -0.547188 -0.315647 0.0469153 0.0843113 
3.21 0.041764 0.0328174 -0.542289 -0.311211 0.0468632 0.0837985 
3.22 0.0419323 0.032912 -0.537402 -0.306784 0.0468133 0.0832917 
3.23 0.0421015 0.033007 -0.532527 -0.302364 0.0467656 0.0827909 
3.24 0.0422717 0.0331024 -0.527665 -0.297951 0.04672 0.082296 
3.25 0.0424428 0.0331982 -0.522815 -0.293546 0.0466766 0.081807 
3.26 0.0426149 0.0332945 -0.517977 -0.289149 0.0466353 0.0813238 
3.27 0.0427879 0.0333912 -0.513151 -0.28476 0.0465962 0.0808464 
3.28 0.0429619 0.0334884 -0.508337 -0.280377 0.0465592 0.0803747 
3.29 0.0431368 0.033586 -0.503535 -0.276002 0.0465243 0.0799086 
3.3 0.0433127 0.033684 -0.498745 -0.271634 0.0464914 0.0794482 
3.31 0.0434896 0.0337825 -0.493967 -0.267274 0.0464607 0.0789933 
3.32 0.0436675 0.0338814 -0.4892 -0.26292 0.046432 0.078544 
3.33 0.0438463 0.0339807 -0.484445 -0.258574 0.0464054 0.0781001 
3.34 0.0440261 0.0340806 -0.479702 -0.254234 0.0463808 0.0776616 
3.35 0.044207 0.0341808 -0.47497 -0.249901 0.0463583 0.0772284 
3.36 0.0443888 0.0342815 -0.47025 -0.245576 0.0463378 0.0768006 
3.37 0.0445716 0.0343827 -0.465542 -0.241257 0.0463193 0.076378 
3.38 0.0447555 0.0344843 -0.460844 -0.236944 0.0463028 0.0759607 
3.39 0.0449404 0.0345863 -0.456158 -0.232638 0.0462884 0.0755485 
3.4 0.0451263 0.0346888 -0.451483 -0.228339 0.0462759 0.0751414 
3.41 0.0453133 0.0347918 -0.44682 -0.224046 0.0462654 0.0747394 
3.42 0.0455013 0.0348952 -0.442167 -0.21976 0.0462568 0.0743425 
3.43 0.0456904 0.0349991 -0.437526 -0.21548 0.0462502 0.0739505 
3.44 0.0458805 0.0351034 -0.432895 -0.211206 0.0462456 0.0735634 
3.45 0.0460717 0.0352083 -0.428276 -0.206938 0.0462429 0.0731812 
3.46 0.046264 0.0353135 -0.423667 -0.202676 0.0462422 0.0728039 
3.47 0.0464573 0.0354193 -0.419069 -0.198421 0.0462434 0.0724314 
3.48 0.0466517 0.0355255 -0.414482 -0.194171 0.0462465 0.0720637 
3.49 0.0468473 0.0356322 -0.409905 -0.189927 0.0462515 0.0717006 
3.5 0.0470439 0.0357394 -0.405339 -0.185689 0.0462584 0.0713423 
3.51 0.0472417 0.035847 -0.400784 -0.181457 0.0462672 0.0709886 
3.52 0.0474406 0.0359552 -0.396239 -0.177231 0.0462779 0.0706395 
3.53 0.0476406 0.0360638 -0.391704 -0.173009 0.0462904 0.0702949 
3.54 0.0478418 0.0361729 -0.38718 -0.168794 0.0463049 0.0699548 
3.55 0.0480441 0.0362825 -0.382666 -0.164584 0.0463212 0.0696192 
3.56 0.0482475 0.0363926 -0.378162 -0.160379 0.0463393 0.0692881 
3.57 0.0484521 0.0365032 -0.373668 -0.15618 0.0463593 0.0689613 
3.58 0.0486579 0.0366143 -0.369185 -0.151985 0.0463812 0.0686389 
3.59 0.0488649 0.0367259 -0.364711 -0.147796 0.0464049 0.0683208 
3.6 0.0490731 0.036838 -0.360247 -0.143612 0.0464304 0.068007 
3.61 0.0492825 0.0369506 -0.355793 -0.139433 0.0464577 0.0676974 
3.62 0.0494931 0.0370638 -0.351349 -0.135258 0.0464869 0.067392 
3.63 0.0497049 0.0371774 -0.346915 -0.131089 0.0465178 0.0670908 
3.64 0.0499179 0.0372916 -0.34249 -0.126924 0.0465506 0.0667938 
3.65 0.0501322 0.0374063 -0.338075 -0.122764 0.0465852 0.0665008 
3.66 0.0503477 0.0375215 -0.33367 -0.118609 0.0466215 0.0662119 
3.67 0.0505645 0.0376373 -0.329274 -0.114458 0.0466597 0.065927 
3.68 0.0507826 0.0377536 -0.324887 -0.110311 0.0466996 0.065646 
3.69 0.0510019 0.0378704 -0.32051 -0.106169 0.0467414 0.0653691 
3.7 0.0512225 0.0379878 -0.316142 -0.102031 0.0467849 0.0650961 
3.71 0.0514445 0.0381057 -0.311784 -0.0978972 0.0468301 0.0648269 
3.72 0.0516677 0.0382242 -0.307434 -0.0937676 0.0468771 0.0645616 
3.73 0.0518923 0.0383432 -0.303094 -0.089642 0.0469259 0.0643002 
3.74 0.0521182 0.0384628 -0.298763 -0.0855204 0.0469765 0.0640425 
3.75 0.0523454 0.038583 -0.294441 -0.0814027 0.0470288 0.0637886 
3.76 0.052574 0.0387037 -0.290128 -0.0772888 0.0470828 0.0635384 
3.77 0.052804 0.0388251 -0.285823 -0.0731786 0.0471386 0.0632919 
3.78 0.0530353 0.038947 -0.281528 -0.069072 0.0471961 0.063049 
3.79 0.053268 0.0390694 -0.277241 -0.0649691 0.0472554 0.0628098 
3.8 0.0535021 0.0391925 -0.272963 -0.0608696 0.0473164 0.0625742 
3.81 0.0537377 0.0393162 -0.268693 -0.0567735 0.0473791 0.0623422 
3.82 0.0539747 0.0394404 -0.264433 -0.0526808 0.0474435 0.0621137 
3.83 0.054213 0.0395653 -0.26018 -0.0485913 0.0475097 0.0618887 
3.84 0.0544529 0.0396908 -0.255937 -0.0445049 0.0475776 0.0616672 
3.85 0.0546942 0.0398169 -0.251701 -0.0404217 0.0476472 0.0614491 
3.86 0.054937 0.0399436 -0.247474 -0.0363415 0.0477185 0.0612345 
3.87 0.0551813 0.0400709 -0.243255 -0.0322642 0.0477916 0.0610233 
3.88 0.055427 0.0401989 -0.239045 -0.0281897 0.0478663 0.0608155 
3.89 0.0556743 0.0403275 -0.234843 -0.024118 0.0479428 0.060611 
3.9 0.0559231 0.0404568 -0.230649 -0.020049 0.048021 0.0604098 
3.91 0.0561735 0.0405867 -0.226463 -0.0159826 0.0481008 0.0602119 
3.92 0.0564254 0.0407172 -0.222285 -0.0119187 0.0481824 0.0600173 
3.93 0.0566788 0.0408484 -0.218115 -0.0078573 0.0482657 0.0598259 
3.94 0.0569339 0.0409803 -0.213953 -0.00379822 0.0483507 0.0596377 
3.95 0.0571905 0.0411128 -0.209799 0.000258596 0.0484373 0.0594527 
3.96 0.0574487 0.0412461 -0.205652 0.00431322 0.0485257 0.0592709 
3.97 0.0577086 0.04138 -0.201514 0.00836573 0.0486158 0.0590922 
3.98 0.0579701 0.0415146 -0.197383 0.0124162 0.0487076 0.0589167 
3.99 0.0582332 0.0416499 -0.19326 0.0164648 0.0488011 0.0587442 
4 0.0584981 0.0417859 -0.189145 0.0205115 0.0488962 0.0585748 
4.01 0.0587646 0.0419226 -0.185037 0.0245564 0.0489931 0.0584084 
4.02 0.0590327 0.04206 -0.180937 0.0285996 0.0490917 0.058245 
4.03 0.0593027 0.0421982 -0.176844 0.0326412 0.0491919 0.0580847 
4.04 0.0595743 0.042337 -0.172758 0.0366813 0.0492939 0.0579273 
4.05 0.0598476 0.0424767 -0.16868 0.04072 0.0493975 0.0577729 
4.06 0.0601228 0.042617 -0.16461 0.0447573 0.0495029 0.0576214 
4.07 0.0603997 0.0427581 -0.160547 0.0487933 0.0496099 0.0574728 
4.08 0.0606784 0.0429 -0.156491 0.0528282 0.0497187 0.0573271 
4.09 0.0609589 0.0430426 -0.152442 0.056862 0.0498291 0.0571842 
4.1 0.0612412 0.0431861 -0.1484 0.0608947 0.0499413 0.0570442 
4.11 0.0615253 0.0433303 -0.144366 0.0649266 0.0500551 0.0569071 
4.12 0.0618114 0.0434752 -0.140338 0.0689576 0.0501707 0.0567727 
4.13 0.0620992 0.043621 -0.136318 0.0729879 0.0502879 0.0566411 
4.14 0.062389 0.0437676 -0.132305 0.0770175 0.0504069 0.0565123 
4.15 0.0626807 0.043915 -0.128299 0.0810465 0.0505276 0.0563862 
4.16 0.0629743 0.0440632 -0.124299 0.0850751 0.05065 0.0562629 
4.17 0.0632699 0.0442123 -0.120307 0.0891032 0.0507741 0.0561422 
4.18 0.0635674 0.0443622 -0.116322 0.0931311 0.0508999 0.0560243 
4.19 0.0638669 0.0445129 -0.112343 0.0971587 0.0510274 0.055909 
4.2 0.0641684 0.0446645 -0.108371 0.101186 0.0511567 0.0557963 
4.21 0.0644719 0.044817 -0.104406 0.105214 0.0512877 0.0556863 
4.22 0.0647775 0.0449703 -0.100448 0.109241 0.0514204 0.0555789 
4.23 0.0650851 0.0451245 -0.0964962 0.113269 0.0515548 0.0554741 
4.24 0.0653947 0.0452797 -0.0925513 0.117297 0.051691 0.0553719 
4.25 0.0657065 0.0454357 -0.0886131 0.121325 0.0518289 0.0552723 
4.26 0.0660204 0.0455926 -0.0846815 0.125354 0.0519685 0.0551752 
4.27 0.0663364 0.0457504 -0.0807565 0.129383 0.0521099 0.0550806 
4.28 0.0666546 0.0459092 -0.0768381 0.133413 0.052253 0.0549886 
4.29 0.066975 0.0460689 -0.0729262 0.137443 0.0523979 0.054899 
4.3 0.0672975 0.0462296 -0.0690209 0.141474 0.0525446 0.054812 
4.31 0.0676223 0.0463912 -0.0651221 0.145506 0.052693 0.0547274 
4.32 0.0679493 0.0465538 -0.0612297 0.14954 0.0528432 0.0546453 
4.33 0.0682785 0.0467174 -0.0573439 0.153574 0.0529951 0.0545656 
4.34 0.0686101 0.046882 -0.0534644 0.157609 0.0531488 0.0544883 
4.35 0.0689439 0.0470475 -0.0495914 0.161646 0.0533044 0.0544134 
4.36 0.0692801 0.0472141 -0.0457249 0.165684 0.0534616 0.054341 
4.37 0.0696186 0.0473817 -0.0418647 0.169723 0.0536207 0.0542709 
4.38 0.0699595 0.0475504 -0.0380109 0.173764 0.0537816 0.0542032 
4.39 0.0703027 0.0477201 -0.0341635 0.177807 0.0539443 0.0541378 
4.4 0.0706484 0.0478908 -0.0303224 0.181851 0.0541088 0.0540748 
4.41 0.0709965 0.0480627 -0.0264877 0.185897 0.0542751 0.0540141 
4.42 0.0713471 0.0482356 -0.0226594 0.189945 0.0544432 0.0539558 
4.43 0.0717002 0.0484096 -0.0188373 0.193995 0.0546132 0.0538997 
4.44 0.0720557 0.0485847 -0.0150217 0.198048 0.0547849 0.053846 
4.45 0.0724139 0.048761 -0.0112123 0.202102 0.0549586 0.0537945 
4.46 0.0727745 0.0489383 -0.00740927 0.206159 0.0551341 0.0537453 
4.47 0.0731378 0.0491169 -0.00361257 0.210218 0.0553114 0.0536984 
4.48 0.0735036 0.0492965 0.000177809 0.21428 0.0554906 0.0536537 
4.49 0.0738721 0.0494774 0.00396185 0.218345 0.0556716 0.0536112 
4.5 0.0742432 0.0496594 0.00773956 0.222412 0.0558546 0.053571 
4.51 0.0746171 0.0498427 0.0115109 0.226482 0.0560394 0.053533 
4.52 0.0749936 0.0500271 0.0152759 0.230555 0.0562261 0.0534972 
4.53 0.0753728 0.0502128 0.0190346 0.234631 0.0564148 0.0534636 
4.54 0.0757549 0.0503997 0.0227869 0.23871 0.0566053 0.0534322 
4.55 0.0761397 0.0505879 0.0265328 0.242793 0.0567978 0.0534029 
4.56 0.0765273 0.0507774 0.0302723 0.246879 0.0569922 0.0533759 
4.57 0.0769178 0.0509681 0.0340053 0.250968 0.0571885 0.053351 
4.58 0.0773111 0.0511602 0.037732 0.255061 0.0573867 0.0533282 
4.59 0.0777074 0.0513535 0.0414521 0.259158 0.057587 0.0533076 
4.6 0.0781065 0.0515482 0.0451658 0.263258 0.0577892 0.0532891 
4.61 0.0785086 0.0517443 0.048873 0.267363 0.0579933 0.0532728 
4.62 0.0789137 0.0519417 0.0525736 0.271471 0.0581995 0.0532585 
4.63 0.0793218 0.0521405 0.0562677 0.275584 0.0584076 0.0532464 
4.64 0.079733 0.0523407 0.0599551 0.2797 0.0586178 0.0532364 
4.65 0.0801472 0.0525423 0.063636 0.283822 0.0588299 0.0532285 
4.66 0.0805645 0.0527454 0.0673101 0.287947 0.0590441 0.0532227 
4.67 0.0809849 0.0529499 0.0709775 0.292077 0.0592603 0.053219 
4.68 0.0814085 0.0531559 0.0746382 0.296212 0.0594786 0.0532173 
4.69 0.0818353 0.0533634 0.078292 0.300352 0.0596989 0.0532177 
4.7 0.0822653 0.0535723 0.081939 0.304497 0.0599213 0.0532202 
4.71 0.0826986 0.0537828 0.0855791 0.308646 0.0601458 0.0532248 
4.72 0.0831351 0.0539949 0.0892123 0.312801 0.0603724 0.0532314 
4.73 0.083575 0.0542085 0.0928384 0.316961 0.0606011 0.05324 
4.74 0.0840181 0.0544237 0.0964574 0.321127 0.0608319 0.0532507 
4.75 0.0844647 0.0546405 0.100069 0.325298 0.0610648 0.0532635 
4.76 0.0849147 0.0548589 0.103674 0.329475 0.0612999 0.0532783 
4.77 0.0853681 0.055079 0.107271 0.333657 0.0615371 0.0532951 
4.78 0.0858249 0.0553007 0.110862 0.337846 0.0617765 0.053314 
4.79 0.0862853 0.0555241 0.114444 0.34204 0.0620181 0.0533348 
4.8 0.0867492 0.0557493 0.118019 0.346241 0.0622618 0.0533578 
4.81 0.0872167 0.0559761 0.121587 0.350448 0.0625078 0.0533827 
4.82 0.0876878 0.0562048 0.125147 0.354661 0.062756 0.0534096 
4.83 0.0881626 0.0564352 0.128699 0.358881 0.0630065 0.0534386 
4.84 0.088641 0.0566674 0.132243 0.363107 0.0632592 0.0534695 
4.85 0.0891231 0.0569014 0.13578 0.36734 0.0635141 0.0535025 
4.86 0.0896089 0.0571373 0.139308 0.37158 0.0637713 0.0535375 
4.87 0.0900985 0.057375 0.142828 0.375827 0.0640309 0.0535745 
4.88 0.0905919 0.0576147 0.14634 0.380082 0.0642927 0.0536135 
4.89 0.0910892 0.0578562 0.149844 0.384343 0.0645569 0.0536545 
4.9 0.0915903 0.0580997 0.153339 0.388613 0.0648233 0.0536976 
4.91 0.0920954 0.0583452 0.156825 0.392889 0.0650922 0.0537426 
4.92 0.0926044 0.0585927 0.160303 0.397174 0.0653634 0.0537896 
4.93 0.0931174 0.0588423 0.163772 0.401466 0.065637 0.0538387 
4.94 0.0936344 0.0590938 0.167232 0.405766 0.065913 0.0538897 
4.95 0.0941555 0.0593475 0.170683 0.410074 0.0661915 0.0539427 
4.96 0.0946806 0.0596033 0.174124 0.414391 0.0664723 0.0539978 
4.97 0.0952099 0.0598612 0.177556 0.418716 0.0667556 0.0540548 
4.98 0.0957433 0.0601213 0.180979 0.42305 0.0670414 0.0541139 
4.99 0.096281 0.0603836 0.184391 0.427392 0.0673297 0.054175 
5 0.0968228 0.0606481 0.187794 0.431744 0.0676204 0.0542381 
5.01 0.097369 0.0609149 0.191187 0.436104 0.0679137 0.0543032 
5.02 0.0979194 0.061184 0.19457 0.440473 0.0682096 0.0543703 
5.03 0.0984742 0.0614554 0.197942 0.444852 0.0685079 0.0544395 
5.04 0.0990334 0.0617292 0.201303 0.44924 0.0688089 0.0545106 
5.05 0.099597 0.0620054 0.204654 0.453638 0.0691124 0.0545838 
5.06 0.100165 0.062284 0.207994 0.458046 0.0694186 0.0546591 
5.07 0.100738 0.062565 0.211322 0.462463 0.0697274 0.0547363 
5.08 0.101315 0.0628486 0.21464 0.466891 0.0700388 0.0548157 
5.09 0.101896 0.0631347 0.217945 0.471329 0.0703529 0.054897 
5.1 0.102482 0.0634234 0.221239 0.475778 0.0706697 0.0549804 
5.11 0.103073 0.0637147 0.224521 0.480237 0.0709891 0.0550659 
5.12 0.103669 0.0640086 0.22779 0.484706 0.0713114 0.0551534 
5.13 0.104269 0.0643052 0.231047 0.489187 0.0716363 0.055243 
5.14 0.104874 0.0646045 0.234291 0.493679 0.071964 0.0553346 
5.15 0.105484 0.0649066 0.237522 0.498182 0.0722945 0.0554284 
5.16 0.106098 0.0652116 0.240739 0.502697 0.0726278 0.0555242 
5.17 0.106718 0.0655193 0.243943 0.507223 0.0729639 0.0556221 
5.18 0.107342 0.06583 0.247134 0.511761 0.0733029 0.0557221 
5.19 0.107971 0.0661436 0.25031 0.516311 0.0736447 0.0558243 
5.2 0.108605 0.0664601 0.253471 0.520873 0.0739894 0.0559285 
5.21 0.109245 0.0667797 0.256618 0.525447 0.0743371 0.0560349 
5.22 0.109889 0.0671024 0.25975 0.530034 0.0746876 0.0561434 
5.23 0.110538 0.0674282 0.262867 0.534634 0.0750411 0.0562541 
5.24 0.111192 0.0677571 0.265967 0.539247 0.0753975 0.0563669 
5.25 0.111852 0.0680893 0.269052 0.543873 0.075757 0.0564819 
5.26 0.112516 0.0684247 0.272121 0.548512 0.0761194 0.0565991 
5.27 0.113186 0.0687634 0.275172 0.553164 0.0764849 0.0567184 
5.28 0.113861 0.0691055 0.278207 0.557831 0.0768535 0.05684 
5.29 0.114541 0.0694511 0.281224 0.562511 0.0772251 0.0569637 
5.3 0.115227 0.0698 0.284223 0.567205 0.0775998 0.0570897 
5.31 0.115918 0.0701526 0.287204 0.571914 0.0779776 0.0572179 
5.32 0.116614 0.0705087 0.290167 0.576637 0.0783586 0.0573484 
5.33 0.117315 0.0708684 0.29311 0.581375 0.0787427 0.0574812 
5.34 0.118022 0.0712319 0.296034 0.586128 0.0791301 0.0576162 
5.35 0.118734 0.0715991 0.298938 0.590896 0.0795206 0.0577535 
5.36 0.119452 0.0719701 0.301822 0.59568 0.0799143 0.0578931 
5.37 0.120175 0.072345 0.304685 0.600479 0.0803113 0.058035 
5.38 0.120903 0.0727238 0.307526 0.605295 0.0807116 0.0581793 
5.39 0.121638 0.0731067 0.310346 0.610126 0.0811152 0.0583259 
5.4 0.122377 0.0734936 0.313144 0.614973 0.0815221 0.0584749 
5.41 0.123122 0.0738847 0.315919 0.619838 0.0819323 0.0586263 
5.42 0.123873 0.07428 0.318671 0.624719 0.0823459 0.0587801 
5.43 0.124629 0.0746795 0.321399 0.629617 0.0827628 0.0589363 
5.44 0.125391 0.0750835 0.324103 0.634532 0.0831832 0.059095 
5.45 0.126158 0.0754918 0.326782 0.639465 0.083607 0.0592561 
5.46 0.126931 0.0759046 0.329435 0.644416 0.0840342 0.0594197 
5.47 0.12771 0.0763221 0.332063 0.649385 0.084465 0.0595858 
5.48 0.128494 0.0767441 0.334664 0.654373 0.0848991 0.0597544 
5.49 0.129284 0.077171 0.337238 0.659379 0.0853369 0.0599256 
5.5 0.130079 0.0776026 0.339784 0.664404 0.0857781 0.0600993 
5.51 0.13088 0.0780391 0.342302 0.669448 0.0862229 0.0602757 
5.52 0.131687 0.0784806 0.344791 0.674512 0.0866713 0.0604546 
5.53 0.1325 0.0789272 0.34725 0.679595 0.0871232 0.0606362 
5.54 0.133317 0.079379 0.349679 0.684699 0.0875788 0.0608204 
5.55 0.134141 0.079836 0.352077 0.689822 0.088038 0.0610074 
5.56 0.13497 0.0802983 0.354443 0.694967 0.0885009 0.061197 
5.57 0.135805 0.0807661 0.356777 0.700133 0.0889674 0.0613894 
5.58 0.136645 0.0812395 0.359077 0.70532 0.0894376 0.0615846 
5.59 0.137491 0.0817184 0.361344 0.710528 0.0899115 0.0617825 
5.6 0.138343 0.0822031 0.363576 0.715759 0.0903892 0.0619833 
5.61 0.139199 0.0826937 0.365773 0.721011 0.0908706 0.0621869 
5.62 0.140062 0.0831902 0.367934 0.726287 0.0913558 0.0623934 
5.63 0.14093 0.0836928 0.370057 0.731585 0.0918447 0.0626029 
5.64 0.141803 0.0842015 0.372143 0.736907 0.0923375 0.0628152 
5.65 0.142681 0.0847166 0.37419 0.742252 0.0928341 0.0630306 
5.66 0.143565 0.085238 0.376198 0.747622 0.0933344 0.063249 
5.67 0.144455 0.085766 0.378165 0.753016 0.0938387 0.0634704 
5.68 0.145349 0.0863006 0.380092 0.758434 0.0943468 0.0636949 
5.69 0.146249 0.086842 0.381976 0.763878 0.0948587 0.0639225 
5.7 0.147153 0.0873903 0.383817 0.769347 0.0953746 0.0641533 
5.71 0.148063 0.0879456 0.385614 0.774843 0.0958943 0.0643873 
5.72 0.148978 0.0885081 0.387367 0.780365 0.096418 0.0646245 
5.73 0.149898 0.089078 0.389073 0.785913 0.0969455 0.064865 
5.74 0.150822 0.0896552 0.390733 0.791489 0.097477 0.0651088 
5.75 0.151752 0.0902401 0.392345 0.797092 0.0980124 0.0653559 
5.76 0.152686 0.0908327 0.393908 0.802724 0.0985518 0.0656065 
5.77 0.153624 0.0914332 0.395421 0.808384 0.0990951 0.0658604 
5.78 0.154567 0.0920418 0.396884 0.814073 0.0996424 0.0661179 
5.79 0.155515 0.0926586 0.398294 0.819792 0.100194 0.0663789 
5.8 0.156467 0.0932838 0.399652 0.825541 0.100749 0.0666435 
5.81 0.157423 0.0939176 0.400956 0.83132 0.101308 0.0669118 
5.82 0.158383 0.0945601 0.402204 0.83713 0.101871 0.0671837 
5.83 0.159346 0.0952115 0.403396 0.842972 0.102438 0.0674593 
5.84 0.160314 0.095872 0.404531 0.848845 0.103009 0.0677387 
5.85 0.161285 0.0965417 0.405607 0.854752 0.103584 0.068022 
5.86 0.16226 0.097221 0.406623 0.860691 0.104163 0.0683091 
5.87 0.163238 0.0979099 0.407579 0.866664 0.104746 0.0686002 
5.88 0.164219 0.0986087 0.408472 0.872671 0.105333 0.0688954 
5.89 0.165203 0.0993176 0.409302 0.878713 0.105924 0.0691945 
5.9 0.166191 0.100037 0.410068 0.884791 0.106519 0.0694978 
5.91 0.16718 0.100767 0.410767 0.890904 0.107117 0.0698053 
5.92 0.168172 0.101507 0.4114 0.897055 0.10772 0.0701171 
5.93 0.169167 0.102258 0.411965 0.903242 0.108326 0.0704332 
5.94 0.170163 0.103021 0.412459 0.909468 0.108937 0.0707536 
5.95 0.171161 0.103795 0.412884 0.915732 0.109551 0.0710785 
5.96 0.172161 0.104581 0.413236 0.922035 0.110169 0.071408 
5.97 0.173162 0.105379 0.413514 0.928379 0.110791 0.071742 
5.98 0.174164 0.106189 0.413718 0.934763 0.111416 0.0720807 
5.99 0.175168 0.107012 0.413846 0.941189 0.112046 0.0724242 
6 0.176171 0.107848 0.413896 0.947658 0.112679 0.0727725 
6.01 0.177175 0.108696 0.413868 0.954169 0.113316 0.0731257 
6.02 0.178179 0.109558 0.413759 0.960724 0.113956 0.073484 
6.03 0.179183 0.110434 0.413569 0.967324 0.1146 0.0738473 
6.04 0.180186 0.111324 0.413296 0.973969 0.115248 0.0742157 
6.05 0.181189 0.112228 0.412939 0.980661 0.115899 0.0745895 
6.06 0.18219 0.113147 0.412497 0.987399 0.116553 0.0749685 
6.07 0.183189 0.114081 0.411967 0.994186 0.117211 0.0753531 
6.08 0.184187 0.11503 0.411349 1.00102 0.117873 0.0757431 
6.09 0.185183 0.115996 0.410642 1.00791 0.118538 0.0761388 
6.1 0.186176 0.116977 0.409843 1.01485 0.119206 0.0765403 
6.11 0.187166 0.117975 0.408952 1.02183 0.119877 0.0769476 
6.12 0.188153 0.11899 0.407967 1.02888 0.120552 0.0773609 
6.13 0.189136 0.120023 0.406887 1.03597 0.121229 0.0777802 
6.14 0.190114 0.121073 0.40571 1.04312 0.12191 0.0782058 
6.15 0.191089 0.122141 0.404436 1.05033 0.122593 0.0786376 
6.16 0.192058 0.123229 0.403062 1.0576 0.12328 0.0790759 
6.17 0.193022 0.124335 0.401587 1.06492 0.123969 0.0795207 
6.18 0.19398 0.125462 0.400011 1.0723 0.124661 0.0799722 
6.19 0.194932 0.126608 0.398331 1.07974 0.125355 0.0804306 
6.2 0.195877 0.127776 0.396547 1.08725 0.126052 0.0808958 
6.21 0.196814 0.128964 0.394656 1.09482 0.126752 0.0813682 
6.22 0.197744 0.130175 0.392659 1.10245 0.127453 0.0818478 
6.23 0.198666 0.131408 0.390552 1.11015 0.128157 0.0823348 
6.24 0.199579 0.132664 0.388337 1.11792 0.128863 0.0828293 
6.25 0.200483 0.133944 0.38601 1.12575 0.129572 0.0833315 
6.26 0.201376 0.135248 0.383571 1.13366 0.130282 0.0838416 
6.27 0.20226 0.136577 0.381018 1.14164 0.130993 0.0843597 
6.28 0.203132 0.137932 0.378352 1.14969 0.131707 0.084886 
6.29 0.203994 0.139313 0.375569 1.15781 0.132422 0.0854207 
6.3 0.204843 0.140721 0.37267 1.16601 0.133138 0.0859639 
6.31 0.205679 0.142157 0.369653 1.17429 0.133856 0.0865159 
6.32 0.206503 0.143622 0.366516 1.18265 0.134575 0.0870768 
6.33 0.207312 0.145117 0.36326 1.19109 0.135294 0.0876469 
6.34 0.208108 0.146642 0.359883 1.19961 0.136015 0.0882263 
6.35 0.208888 0.148198 0.356385 1.20822 0.136736 0.0888152 
6.36 0.209653 0.149786 0.352763 1.21691 0.137458 0.089414 
6.37 0.210402 0.151407 0.349018 1.22569 0.13818 0.0900228 
6.38 0.211134 0.153063 0.345148 1.23456 0.138902 0.0906418 
6.39 0.211848 0.154754 0.341153 1.24352 0.139625 0.0912713 
6.4 0.212545 0.156481 0.337032 1.25258 0.140347 0.0919115 
6.41 0.213222 0.158245 0.332784 1.26173 0.141069 0.0925627 
6.42 0.213881 0.160048 0.328409 1.27098 0.14179 0.0932252 
6.43 0.21452 0.16189 0.323906 1.28033 0.14251 0.0938993 
6.44 0.215138 0.163773 0.319274 1.28978 0.14323 0.0945851 
6.45 0.215735 0.165699 0.314513 1.29934 0.143948 0.0952831 
6.46 0.21631 0.167668 0.309623 1.309 0.144666 0.0959936 
6.47 0.216862 0.169681 0.304602 1.31877 0.145381 0.0967167 
6.48 0.217392 0.171741 0.299451 1.32865 0.146095 0.097453 
6.49 0.217898 0.173849 0.29417 1.33864 0.146807 0.0982026 
6.5 0.218379 0.176007 0.288757 1.34875 0.147517 0.098966 
6.51 0.218835 0.178215 0.283213 1.35897 0.148224 0.0997435 
6.52 0.219266 0.180476 0.277538 1.36932 0.148929 0.100536 
6.53 0.219671 0.182792 0.271731 1.37978 0.149631 0.101342 
6.54 0.220049 0.185163 0.265793 1.39037 0.15033 0.102165 
6.55 0.220399 0.187593 0.259724 1.40109 0.151025 0.103003 
6.56 0.220722 0.190084 0.253522 1.41193 0.151717 0.103857 
6.57 0.221016 0.192636 0.24719 1.4229 0.152405 0.104727 
6.58 0.221281 0.195253 0.240726 1.43401 0.153089 0.105615 
6.59 0.221516 0.197936 0.23413 1.44525 0.153769 0.10652 
6.6 0.221721 0.200689 0.227404 1.45663 0.154444 0.107443 
6.61 0.221895 0.203513 0.220548 1.46815 0.155114 0.108385 
6.62 0.222038 0.206411 0.213561 1.47981 0.15578 0.109346 
6.63 0.222149 0.209385 0.206444 1.49162 0.156439 0.110327 
6.64 0.222227 0.212439 0.199198 1.50357 0.157094 0.111328 
6.65 0.222273 0.215575 0.191823 1.51566 0.157742 0.112349 
6.66 0.222286 0.218796 0.184319 1.52791 0.158384 0.113392 
6.67 0.222265 0.222106 0.176687 1.54031 0.15902 0.114458 
6.68 0.22221 0.225507 0.168928 1.55285 0.159649 0.115546 
6.69 0.222121 0.229004 0.161041 1.56556 0.160271 0.116657 
6.7 0.221997 0.232599 0.153029 1.57841 0.160886 0.117793 
6.71 0.221838 0.236297 0.144891 1.59142 0.161493 0.118953 
6.72 0.221643 0.2401 0.136628 1.60459 0.162093 0.12014 
6.73 0.221413 0.244014 0.12824 1.61792 0.162684 0.121353 
6.74 0.221146 0.248043 0.119729 1.6314 0.163267 0.122593 
6.75 0.220843 0.25219 0.111095 1.64503 0.163842 0.123862 
6.76 0.220504 0.256461 0.102339 1.65882 0.164407 0.12516 
6.77 0.220128 0.26086 0.0934615 1.67277 0.164964 0.126489 
6.78 0.219714 0.265393 0.084463 1.68686 0.16551 0.127848 
6.79 0.219264 0.270063 0.0753442 1.70111 0.166048 0.12924 
6.8 0.218777 0.274878 0.066106 1.7155 0.166575 0.130665 
