-3.1 0.0274
-3.099 0.0274
-3.0980000000000003 0.0274
-3.0970000000000004 0.0274
-3.0960000000000005 0.0274
-3.0950000000000006 0.0274
-3.0940000000000007 0.0274
-3.093000000000001 0.0274
-3.092000000000001 0.0274
-3.091000000000001 0.0274
-3.090000000000001 0.0274
-3.0890000000000013 0.0274
-3.0880000000000014 0.0274
-3.0870000000000015 0.0274
-3.0860000000000016 0.0274
-3.0850000000000017 0.0274
-3.084000000000002 0.0274
-3.083000000000002 0.0274
-3.082000000000002 0.0274
-3.081000000000002 0.0274
-3.0800000000000023 0.0274
-3.0790000000000024 0.0274
-3.0780000000000025 0.0274
-3.0770000000000026 0.0274
-3.0760000000000027 0.0274
-3.075000000000003 0.0259 0.0277 0.0501 0.1942 0.9037 1.282
-3.074000000000003 0.0257 0.0277 0.0501 0.195 0.9069 1.3305
-3.073000000000003 0.0256 0.0276 0.0502 0.1956 0.9126 1.3672
-3.072000000000003 0.0253 0.0255 0.0276 0.0502 0.1957 0.1967 0.9176 0.9217 1.3716 1.3717 1.3718 1.4233
-3.0710000000000033 0.025 0.0259 0.0274 0.0276 0.0501 0.0503 0.1944 0.1987 0.9223 0.9407 1.3004 1.5133
-3.0700000000000034 0.0248 0.026 0.0273 0.0275 0.05 0.0504 0.1939 0.2 0.9293 0.9582 1.2678 1.5679
-3.0690000000000035 0.0247 0.0261 0.0271 0.0274 0.05 0.0504 0.1935 0.2013 0.9363 0.9762 1.2464 1.6155
-3.0680000000000036 0.0246 0.0262 0.027 0.0274 0.05 0.0505 0.1934 0.2026 0.9426 0.9953 1.2331 1.6603
-3.0670000000000037 0.0245 0.0262 0.0269 0.0274 0.05 0.0505 0.1933 0.204 0.948 1.0155 1.228 1.7039
-3.066000000000004 0.0243 0.0262 0.0267 0.0273 0.05 0.0506 0.1934 0.2055 0.9518 1.0367 1.2328 1.7468
-3.065000000000004 0.0242 0.0261 0.0266 0.0273 0.05 0.0506 0.1937 0.207 0.9539 1.0584 1.2508 1.788
-3.064000000000004 0.0242 0.0259 0.0264 0.0273 0.05 0.0506 0.1943 0.2085 0.955 1.0789 1.2865 1.8244
-3.063000000000004 0.0241 0.0257 0.0264 0.0273 0.0501 0.0506 0.1953 0.2095 0.9578 1.0945 1.3447 1.8488
-3.0620000000000043 0.0241 0.0253 0.0263 0.0272 0.0502 0.0506 0.1969 0.2095 0.9674 1.0995 1.428 1.8501
-3.0610000000000044 0.0242 0.0249 0.0264 0.027 0.0503 0.0506 0.1994 0.2077 0.9923 1.0858 1.5439 1.8105
-3.0600000000000045 0.0245 0.0267 0.0505 0.2039 1.0475 1.7075
-3.0590000000000046 0.0244 0.0266 0.0505 0.2049 1.062 1.7345
-3.0580000000000047 0.0243 0.0265 0.0505 0.2059 1.0771 1.7622
-3.057000000000005 0.0243 0.0264 0.0506 0.207 1.093 1.7907
-3.056000000000005 0.0242 0.0263 0.0506 0.2082 1.1095 1.82
-3.055000000000005 0.0241 0.0262 0.0506 0.2096 1.1267 1.8502
-3.054000000000005 0.024 0.0261 0.0506 0.2111 1.1446 1.8812
-3.0530000000000053 0.024 0.026 0.0506 0.2128 1.163 1.9128
-3.0520000000000054 0.0239 0.0259 0.0505 0.2148 1.1815 1.9447
-3.0510000000000055 0.0239 0.0258 0.0505 0.2169 1.2 1.9766
-3.0500000000000056 0.0238 0.0257 0.0504 0.2193 1.2179 2.0077
-3.0490000000000057 0.0237 0.0256 0.0504 0.2218 1.2346 2.0374
-3.048000000000006 0.0237 0.0256 0.0503 0.2246 1.2497 2.0649
-3.047000000000006 0.0237 0.0255 0.0501 0.2274 1.2626 2.0895
-3.046000000000006 0.0236 0.0255 0.05 0.2304 1.2733 2.1111
-3.045000000000006 0.0236 0.0254 0.0498 0.2334 1.2817 2.1296
-3.0440000000000063 0.0236 0.0254 0.0496 0.2364 1.2879 2.145
-3.0430000000000064 0.0235 0.0254 0.0494 0.2394 1.2921 2.1576
-3.0420000000000065 0.0235 0.0254 0.0492 0.2424 1.2945 2.1676
-3.0410000000000066 0.0235 0.0254 0.049 0.2454 1.2952 2.1755
-3.0400000000000067 0.0235 0.0254 0.0487 0.2484 1.2944 2.1813
-3.039000000000007 0.0235 0.0254 0.0485 0.2514 1.2923 2.1853
-3.038000000000007 0.0235 0.0254 0.0482 0.2544 1.289 2.1876
-3.037000000000007 0.0235 0.0254 0.048 0.2574 1.2846 2.1885
-3.036000000000007 0.0234 0.0255 0.0477 0.2604 1.279 2.1879
-3.0350000000000072 0.0234 0.0255 0.0475 0.2634 1.2724 2.186
-3.0340000000000074 0.0234 0.0255 0.0472 0.2666 1.2647 2.1828
-3.0330000000000075 0.0234 0.0256 0.0469 0.2697 1.2559 2.1783
-3.0320000000000076 0.0234 0.0256 0.0466 0.273 1.2459 2.1725
-3.0310000000000077 0.0235 0.0257 0.0463 0.2764 1.2346 2.1652
-3.030000000000008 0.0235 0.0257 0.046 0.28 1.2217 2.1564
-3.029000000000008 0.0235 0.0258 0.0457 0.2838 1.2071 2.1457
-3.028000000000008 0.0235 0.0259 0.0453 0.288 1.1901 2.1328 
-3.027000000000008 0.0235 0.026 0.0449 0.2926 1.1698 2.1169
-3.0260000000000082 0.0235 0.0261 0.0444 0.2981 1.1437 2.0958
-3.0250000000000083 0.0236 0.0264 0.0438 0.3062 1.1022 2.0617
-3.0240000000000085 0.026 0.0349 0.4725 1.1884
-3.0230000000000086 0.0261 0.0348 0.4759 1.1801
-3.0220000000000087 0.0261 0.0347 0.4793 1.1718
-3.021000000000009 0.0262 0.0346 0.4828 1.1632
-3.020000000000009 0.0262 0.0345 0.4865 1.1545
-3.019000000000009 0.0263 0.0344 0.4902 1.1457
-3.018000000000009 0.0263 0.0343 0.4941 1.1366
-3.0170000000000092 0.0264 0.0342 0.4982 1.1273
-3.0160000000000093 0.0264 0.0341 0.5023 1.1178
-3.0150000000000095 0.0265 0.0339 0.5067 1.1081
-3.0140000000000096 0.0265 0.0338 0.5112 1.0981
-3.0130000000000097 0.0266 0.0337 0.5159 1.0879
-3.01200000000001 0.0267 0.0336 0.5208 1.0774
-3.01100000000001 0.0267 0.0334 0.5259 1.0667
-3.01000000000001 0.0268 0.0333 0.5312 1.0556
-3.00900000000001 0.0269 0.0332 0.5369 1.0441
-3.00800000000001 0.0269 0.033 0.5428 1.0323
-3.0070000000000103 0.027 0.0329 0.5491 1.02
-3.0060000000000104 0.0271 0.0327 0.5558 1.0073
-3.0050000000000106 0.0272 0.0326 0.563 0.994
-3.0040000000000107 0.0273 0.0324 0.5706 0.9801
-3.0030000000000108 0.0274 0.0322 0.5789 0.9655
-3.002000000000011 0.0275 0.0321 0.5879 0.9501
-3.001000000000011 0.0277 0.0319 0.5978 0.9337
-3.000000000000011 0.0278 0.0317 0.6089 0.9161
