-2.9 0.0271 1.0261
-2.901 0.0272 1.0226
-2.9019999999999997 0.0272 1.0192
-2.9029999999999996 0.0272 1.0158
-2.9039999999999995 0.0272 1.0124
-2.9049999999999994 0.0273 1.009
-2.9059999999999993 0.0273 1.0056
-2.906999999999999 0.0273 1.0022
-2.907999999999999 0.0273 0.9988
-2.908999999999999 0.0273 0.9954
-2.909999999999999 0.0274 0.9921
-2.9109999999999987 0.0274 0.9887
-2.9119999999999986 0.0274 0.9854
-2.9129999999999985 0.0274 0.982
-2.9139999999999984 0.0275 0.9787
-2.9149999999999983 0.0275 0.9754
-2.915999999999998 0.0275 0.9721
-2.916999999999998 0.0275 0.9688
-2.917999999999998 0.0276 0.9655
-2.918999999999998 0.0276 0.9622
-2.9199999999999977 0.0276 0.9589
-2.9209999999999976 0.0276 0.9557
-2.9219999999999975 0.0276 0.9524
-2.9229999999999974 0.0277 0.9492
-2.9239999999999973 0.0277 0.9459
-2.924999999999997 0.0277 0.9427
-2.925999999999997 0.0277 0.9395
-2.926999999999997 0.0278 0.9363
-2.927999999999997 0.0278 0.9331
-2.9289999999999967 0.0278 0.9299
-2.9299999999999966 0.0278 0.9267
-2.9309999999999965 0.0279 0.9236
-2.9319999999999964 0.0279 0.9204
-2.9329999999999963 0.0279 0.9172 0.9173
-2.933999999999996 0.0279 0.9141
-2.934999999999996 0.028 0.911
-2.935999999999996 0.028 0.9079
-2.936999999999996 0.028 0.9048
-2.9379999999999957 0.028 0.9017
-2.9389999999999956 0.0281 0.8986
-2.9399999999999955 0.0281 0.8955
-2.9409999999999954 0.0281 0.8925
-2.9419999999999953 0.0281 0.8894
-2.942999999999995 0.0282 0.8864
-2.943999999999995 0.0282 0.8834
-2.944999999999995 0.0282 0.8803
-2.945999999999995 0.0282 0.8773
-2.9469999999999947 0.0283 0.8743
-2.9479999999999946 0.0283 0.8714
-2.9489999999999945 0.0283 0.8684
-2.9499999999999944 0.0284 0.8654
-2.9509999999999943 0.0284 0.8625
-2.951999999999994 0.0284 0.8596
-2.952999999999994 0.0284 0.8566
-2.953999999999994 0.0285 0.8537
-2.954999999999994 0.0285 0.8508
-2.9559999999999937 0.0285 0.8479
-2.9569999999999936 0.0285 0.8451
-2.9579999999999935 0.0286 0.8422
-2.9589999999999934 0.0286 0.8393 0.8394
-2.9599999999999933 0.0286 0.8365
-2.960999999999993 0.0286 0.8337
-2.961999999999993 0.0287 0.8309
-2.962999999999993 0.0287 0.8281
-2.963999999999993 0.0287 0.8253
-2.9649999999999928 0.0288 0.8225
-2.9659999999999926 0.0288 0.8197
-2.9669999999999925 0.0288 0.817
-2.9679999999999924 0.0288 0.8142 0.8143
-2.9689999999999923 0.0289 0.8115
-2.969999999999992 0.0289 0.8088
-2.970999999999992 0.0289 0.8061
-2.971999999999992 0.0289 0.8034
-2.972999999999992 0.029 0.8007
-2.9739999999999918 0.029 0.7981
-2.9749999999999917 0.029 0.7954
-2.9759999999999915 0.0291 0.7928
-2.9769999999999914 0.0291 0.7902
-2.9779999999999913 0.0291 0.7875
-2.978999999999991 0.0291 0.7849
-2.979999999999991 0.0292 0.7824
-2.980999999999991 0.0292 0.7798
-2.981999999999991 0.0292 0.7772
-2.9829999999999908 0.0292 0.7747
-2.9839999999999907 0.0293 0.7721
-2.9849999999999905 0.0293 0.7696
-2.9859999999999904 0.0293 0.7671
-2.9869999999999903 0.0294 0.7646
-2.98799999999999 0.0294 0.7621
-2.98899999999999 0.0294 0.7596
-2.98999999999999 0.0294 0.7572
-2.99099999999999 0.0295 0.7547
-2.99199999999999 0.0295 0.7523
-2.9929999999999897 0.0295 0.7499
-2.9939999999999896 0.0296 0.7475
-2.9949999999999894 0.0295 0.0296 0.0297 0.7397 0.7398 0.7399 0.74 0.7502 0.7503 0.7504 0.7505
-2.9959999999999893 0.0287 0.0305 0.6789 0.8187
-2.9969999999999892 0.0284 0.0309 0.6544 0.8503
-2.997999999999989 0.0282 0.0312 0.6362 0.8753
-2.998999999999989 0.028 0.0314 0.6215 0.8968
-2.999999999999989 0.0278 0.0317 0.6089 0.9161
-3.000999999999989 0.0277 0.0319 0.5978 0.9337
-3.0019999999999887 0.0275 0.0321 0.5879 0.9501
-3.0029999999999886 0.0274 0.0322 0.5789 0.9655
-3.0039999999999885 0.0273 0.0324 0.5706 0.9801
-3.0049999999999883 0.0272 0.0326 0.563 0.994
-3.0059999999999882 0.0271 0.0327 0.5558 1.0073
-3.006999999999988 0.027 0.0329 0.5491 1.02
-3.007999999999988 0.0269 0.033 0.5428 1.0323
-3.008999999999988 0.0269 0.0332 0.5369 1.0441
-3.009999999999988 0.0268 0.0333 0.5312 1.0556
-3.0109999999999877 0.0267 0.0334 0.5259 1.0667
-3.0119999999999876 0.0267 0.0336 0.5208 1.0774
-3.0129999999999875 0.0266 0.0337 0.5159 1.0879
-3.0139999999999874 0.0265 0.0338 0.5112 1.0981
-3.0149999999999872 0.0265 0.0339 0.5067 1.1081
-3.015999999999987 0.0264 0.0341 0.5023 1.1178
-3.016999999999987 0.0264 0.0342 0.4982 1.1273
-3.017999999999987 0.0263 0.0343 0.4941 1.1366
-3.018999999999987 0.0263 0.0344 0.4902 1.1457
-3.0199999999999867 0.0262 0.0345 0.4865 1.1545
-3.0209999999999866 0.0262 0.0346 0.4828 1.1632
-3.0219999999999865 0.0261 0.0347 0.4793 1.1718
-3.0229999999999864 0.0261 0.0348 0.4759 1.1801 1.1802
-3.0239999999999863 0.026 0.0349 0.4725 1.1884
-3.024999999999986 0.026 0.035 0.4693 1.1964
-3.025999999999986 0.0259 0.0351 0.4661 1.2044
-3.026999999999986 0.0259 0.0352 0.4631 1.2121
-3.027999999999986 0.0259 0.0353 0.4601 1.2198
-3.0289999999999857 0.0258 0.0354 0.4571 1.2273
-3.0299999999999856 0.0256 0.026 0.0351 0.0358 0.4451 0.4654 1.1829 1.2802
-3.0309999999999855 0.0254 0.0263 0.0349 0.0362 0.4362 0.4732 1.1419 1.3207
-3.0319999999999854 0.0253 0.0264 0.0347 0.0364 0.4301 0.4781 1.1147 1.3474
-3.0329999999999853 0.0252 0.0265 0.0346 0.0366 0.4252 0.4818 1.0928 1.3688
-3.033999999999985 0.0251 0.0266 0.0345 0.0368 0.421 0.4848 1.0741 1.3871
-3.034999999999985 0.0251 0.0268 0.0344 0.0369 0.4173 0.4874 1.0576 1.4032
-3.035999999999985 0.025 0.0268 0.0343 0.0371 0.4138 0.4895 1.0426 1.4178
-3.036999999999985 0.0249 0.025 0.0267 0.0271 0.0341 0.0345 0.0371 0.0373 0.4082 0.4138 0.4838 0.4974 1.0048 1.0606 1.4169 1.4414
-3.0379999999999847 0.0249 0.0251 0.0265 0.0273 0.0339 0.0348 0.037 0.0375 0.4032 0.4155 0.4739 0.5041 0.972 1.0975 1.0976 1.4072 1.4609
-3.0389999999999846 0.0248 0.0249 0.025 0.0251 0.0261 0.0262 0.0263 0.0264 0.0265 0.0266 0.0267 0.0268 0.0269 0.0272 0.0273 0.0274 0.0275 0.0276 0.0337 0.0338 0.0339 0.034 0.0341 0.0343 0.0344 0.0345 0.0346 0.0347 0.0349 0.035 0.0352 0.0353 0.0368 0.0369 0.037 0.0371 0.0372 0.0373 0.0374 0.0375 0.0376 0.0377 0.3989 0.399 0.3991 0.3992 0.3999 0.4001 0.4009 0.4011 0.4018 0.4021 0.4025 0.4029 0.4063 0.4072 0.4081 0.409 0.4106 0.411 0.4116 0.414 0.4145 0.4162 0.4176 0.4184 0.4188 0.4191 0.4195 0.4587 0.4595 0.4602 0.461 0.4628 0.4661 0.4699 0.4713 0.4771 0.4787 0.4796 0.4838 0.4862 0.4885 0.4966 0.4979 0.4991 0.5003 0.5022 0.5026 0.5033 0.5058 0.5064 0.508 0.5094 0.5101 0.5104 0.5107 0.511 0.9391 0.9404 0.9415 0.9427 0.9454 0.9508 0.9569 0.9591 0.9692 0.9718 0.9735 0.9812 0.9859 0.9906 0.996 1.029 1.0387 1.0489 1.0667 1.0706 1.0774 1.1033 1.1093 1.1265 1.142 1.1499 1.1537 1.1572 1.161 1.3855 1.3872 1.3889 1.3906 1.3943 1.4014 1.4091 1.4118 1.4233 1.4263 1.4281 1.4358 1.4403 1.4445 1.449 1.4533 1.4558 1.4581 1.4603 1.4648 1.4699 1.472 1.474 1.4774 1.4777 1.4791 1.4809 1.4813 1.4816
-3.0399999999999845 0.0248 0.0249 0.025 0.0251 0.0252 0.0253 0.0257 0.0258 0.026 0.0261 0.0262 0.0263 0.0264 0.0265 0.0266 0.0267 0.0269 0.0273 0.0275 0.0276 0.0277 0.0278 0.0279 0.0335 0.0336 0.0337 0.0338 0.034 0.0344 0.0346 0.0348 0.0349 0.0351 0.0352 0.0353 0.0354 0.0356 0.0359 0.036 0.0366 0.0368 0.0369 0.037 0.0371 0.0372 0.0375 0.0377 0.0378 0.0379 0.3945 0.3947 0.3949 0.3954 0.3963 0.3964 0.3966 0.3969 0.3974 0.3976 0.3979 0.399 0.3995 0.4039 0.4053 0.4104 0.4113 0.4121 0.4126 0.4151 0.4154 0.4155 0.4162 0.4166 0.4176 0.4209 0.4247 0.4252 0.4265 0.4383 0.4407 0.4418 0.4495 0.4558 0.4567 0.4589 0.4599 0.4618 0.4625 0.4627 0.4657 0.4697 0.4741 0.4861 0.4874 0.4998 0.5014 0.5052 0.5069 0.5096 0.5098 0.5105 0.5109 0.5117 0.5143 0.5171 0.5175 0.5184 0.9054 0.9086 0.9101 0.9205 0.9304 0.9334 0.9349 0.9376 0.9385 0.949 0.9554 0.9771 1.0276 1.0334 1.0647 1.0851 1.1044 1.123 1.1369 1.1373 1.1406 1.1493 1.1542 1.1644 1.1694 1.1987 1.2367 1.2421 1.2542 1.3492 1.3551 1.3578 1.3757 1.3759 1.3917 1.3963 1.3985 1.4024 1.4039 1.4184 1.4268 1.4408 1.4514 1.4668 1.4699 1.4769 1.4799 1.4847 1.4864 1.4871 1.4889 1.4918 1.4932 1.4984 1.5003 1.5011
-3.0409999999999844 0.0247 0.0248 0.0249 0.025 0.0252 0.0253 0.0254 0.0255 0.0256 0.0258 0.0259 0.0261 0.0264 0.0266 0.0267 0.0268 0.0269 0.0275 0.028 0.0281 0.0282 0.0333 0.0334 0.0339 0.0345 0.0346 0.0348 0.035 0.0355 0.0358 0.0359 0.036 0.0361 0.0362 0.0363 0.0365 0.0368 0.0369 0.037 0.0373 0.0374 0.0375 0.0376 0.0378 0.0379 0.038 0.0381 0.0382 0.3902 0.3904 0.3906 0.3907 0.391 0.3924 0.396 0.3976 0.4021 0.4041 0.4042 0.4054 0.406 0.4078 0.4135 0.417 0.4179 0.418 0.4186 0.4196 0.4268 0.4318 0.4338 0.4348 0.4349 0.4355 0.4357 0.4378 0.44 0.4422 0.4434 0.4435 0.4456 0.4533 0.468 0.4746 0.4781 0.4783 0.4795 0.4843 0.5037 0.5038 0.5199 0.5242 0.5249 0.5252 0.5254 0.5265 0.8693 0.8735 0.874 0.8753 0.8775 0.8932 0.9551 0.9552 1.0351 1.0555 1.0607 1.0619 1.0771 1.1069 1.107 1.1753 1.2131 1.2234 1.2239 1.2297 1.2407 1.2408 1.2821 1.293 1.3036 1.3065 1.3066 1.3114 1.3445 1.3463 1.3527 1.355 1.3553 1.3605 1.3793 1.4125 1.4126 1.4263 1.4333 1.4338 1.4454 1.446 1.4814 1.4874 1.5125 1.5179 1.5186 1.5199 1.5201 1.5214
-3.0419999999999843 0.0246 0.0247 0.0248 0.0249 0.025 0.0251 0.0252 0.0253 0.0254 0.0255 0.0256 0.0257 0.0258 0.0259 0.0263 0.0265 0.0266 0.0267 0.027 0.0276 0.0279 0.028 0.0281 0.0283 0.0285 0.0331 0.0332 0.0333 0.0334 0.0335 0.0336 0.0338 0.0344 0.0347 0.0348 0.0349 0.0352 0.0355 0.0356 0.0358 0.0359 0.036 0.0361 0.0364 0.0366 0.0367 0.0368 0.0369 0.0373 0.0374 0.0375 0.0376 0.0377 0.038 0.0381 0.0382 0.0383 0.0384 0.3858 0.3859 0.3865 0.387 0.3871 0.3889 0.3895 0.3896 0.3899 0.3901 0.3924 0.3991 0.4019 0.4025 0.4037 0.4045 0.4072 0.4073 0.4075 0.4175 0.4182 0.4186 0.4195 0.4217 0.4253 0.4286 0.4309 0.4357 0.4358 0.4381 0.4404 0.4408 0.4417 0.4431 0.4505 0.4529 0.4536 0.4543 0.462 0.4624 0.4698 0.47 0.4718 0.4776 0.4863 0.5075 0.5157 0.5166 0.518 0.5203 0.5235 0.5289 0.5293 0.5336 0.5347 0.535 0.5353 0.832 0.8331 0.8341 0.838 0.853 0.8547 0.8739 0.8859 0.8943 0.8996 0.9029 0.9345 1.0205 1.0582 1.0836 1.0917 1.0922 1.1267 1.1285 1.2153 1.2183 1.2188 1.2202 1.2213 1.232 1.2327 1.2449 1.2559 1.2571 1.2716 1.2758 1.2929 1.3218 1.3462 1.3485 1.353 1.366 1.3766 1.3828 1.4089 1.4097 1.4256 1.4285 1.4353 1.4372 1.4406 1.4572 1.4936 1.5073 1.5087 1.5111 1.5147 1.5256 1.5302 1.531 1.5395 1.5401 1.5406 1.5413
-3.042999999999984 0.0244 0.0245 0.0246 0.0247 0.0248 0.0249 0.025 0.0251 0.0252 0.0257 0.0258 0.0259 0.026 0.0261 0.0264 0.0266 0.027 0.0272 0.0273 0.0274 0.0275 0.0277 0.0279 0.0282 0.0285 0.0287 0.0288 0.0289 0.0296 0.0298 0.03 0.0305 0.0306 0.0312 0.0317 0.0319 0.0322 0.0323 0.0324 0.0328 0.0329 0.0331 0.0336 0.0337 0.0338 0.0339 0.034 0.0341 0.0344 0.0348 0.0349 0.0351 0.0356 0.0357 0.0358 0.036 0.037 0.0371 0.0374 0.0375 0.0377 0.0378 0.0379 0.038 0.0381 0.0382 0.0384 0.0385 0.0386 0.0389 0.0391 0.3716 0.3755 0.3761 0.3816 0.3823 0.385 0.3886 0.3888 0.3889 0.39 0.3926 0.3927 0.3941 0.3956 0.3961 0.3973 0.399 0.4044 0.4074 0.4129 0.413 0.4136 0.4138 0.4156 0.4396 0.4443 0.4455 0.4475 0.449 0.4492 0.4632 0.4661 0.4713 0.4764 0.4845 0.4871 0.4958 0.4975 0.4993 0.4998 0.5024 0.5071 0.5096 0.5121 0.5136 0.514 0.5332 0.5405 0.5444 0.5493 0.5674 0.5675 0.5721 0.5864 0.6001 0.6277 0.6677 0.671 0.708 0.7221 0.7359 0.7945 0.8079 0.8126 0.8328 0.8641 0.9029 0.9045 0.9047 0.9201 0.9292 0.9479 0.9587 0.9608 0.9678 0.9745 0.9896 1.0222 1.0799 1.1166 1.1184 1.1608 1.1835 1.1844 1.1915 1.2076 1.2316 1.2349 1.2557 1.3669 1.3983 1.4025 1.4055 1.4059 1.4338 1.4487 1.4616 1.4764 1.4868 1.4887 1.4908 1.4934 1.5013 1.5052 1.5087 1.5107 1.5118 1.5125 1.5468 1.5543 1.5611 1.5907 1.6022 1.6166
-3.043999999999984 0.0243 0.0244 0.0245 0.0246 0.0248 0.025 0.0253 0.0255 0.0256 0.0263 0.0264 0.0265 0.0268 0.0269 0.027 0.0271 0.0272 0.0279 0.028 0.0284 0.0285 0.0287 0.0289 0.0292 0.0293 0.0297 0.03 0.0301 0.0303 0.0305 0.0307 0.0309 0.031 0.0312 0.0313 0.0314 0.0315 0.0316 0.0317 0.0318 0.0319 0.0324 0.0325 0.0326 0.0327 0.0329 0.033 0.0333 0.0339 0.034 0.0341 0.0343 0.0345 0.0349 0.035 0.0351 0.0352 0.0362 0.0363 0.0365 0.037 0.0375 0.0376 0.0378 0.0379 0.0384 0.0386 0.0387 0.0388 0.0392 0.0393 0.0394 0.0395 0.365 0.3666 0.3675 0.3677 0.3679 0.3688 0.3689 0.3694 0.3776 0.3778 0.3782 0.381 0.3852 0.3966 0.3988 0.4013 0.402 0.4025 0.4146 0.427 0.4313 0.4338 0.435 0.4615 0.4632 0.4648 0.4704 0.472 0.4834 0.4841 0.4905 0.4929 0.4984 0.5026 0.5063 0.5265 0.5397 0.5421 0.5422 0.55 0.5518 0.5531 0.5615 0.566 0.5896 0.5911 0.5937 0.5967 0.597 0.5973 0.5999 0.6053 0.611 0.6112 0.6115 0.6251 0.6318 0.6333 0.6334 0.6413 0.6481 0.6571 0.6699 0.6852 0.6853 0.6884 0.7022 0.7082 0.7313 0.7576 0.7598 0.7641 0.7648 0.7699 0.796 0.8188 0.8315 0.8504 0.8879 0.8943 0.9905 1.0071 1.0134 1.0206 1.0288 1.0496 1.0892 1.1041 1.1115 1.1195 1.1389 1.1392 1.2687 1.3015 1.3016 1.3396 1.3568 1.4247 1.4289 1.4313 1.4811 1.4927 1.5445 1.5659 1.5738 1.5765 1.5786 1.6276 1.6344 1.6349 1.6353 1.6384 1.6416 1.6475 1.6536
-3.044999999999984 0.0243 0.0244 0.0245 0.0246 0.0247 0.0248 0.0249 0.025 0.0251 0.0254 0.0255 0.0257 0.0258 0.026 0.0261 0.0263 0.0264 0.0265 0.0269 0.027 0.0272 0.028 0.0281 0.0282 0.0286 0.0287 0.0288 0.0289 0.029 0.0292 0.0293 0.0298 0.0299 0.0305 0.0311 0.0313 0.0314 0.0318 0.0319 0.032 0.0321 0.0322 0.0324 0.0327 0.0329 0.033 0.0331 0.0335 0.0342 0.0343 0.0345 0.0348 0.0349 0.0351 0.0352 0.0356 0.0357 0.0359 0.0361 0.0363 0.0371 0.0375 0.0376 0.0377 0.0378 0.0381 0.0384 0.0386 0.0387 0.0388 0.039 0.0394 0.0396 0.3622 0.3633 0.3634 0.3668 0.3733 0.3735 0.3772 0.3774 0.3783 0.3798 0.3817 0.3822 0.3838 0.3907 0.3912 0.3968 0.3991 0.4028 0.4035 0.4136 0.4328 0.4354 0.4385 0.4436 0.4478 0.4488 0.4497 0.463 0.4635 0.4641 0.4649 0.4723 0.4744 0.483 0.4902 0.491 0.4965 0.5164 0.5314 0.5336 0.534 0.5389 0.5395 0.5426 0.5439 0.5444 0.5506 0.563 0.5642 0.5643 0.5783 0.5813 0.5857 0.592 0.5935 0.6099 0.615 0.6163 0.6391 0.6691 0.7181 0.7184 0.722 0.761 0.7625 0.7686 0.7876 0.7991 0.8003 0.807 0.8173 0.8187 0.8264 0.8693 0.8707 0.8812 0.8845 0.9828 0.986 1.0163 1.0318 1.0971 1.1014 1.1058 1.1242 1.127 1.1714 1.1789 1.2245 1.2286 1.2412 1.2522 1.2831 1.3099 1.3967 1.4249 1.4383 1.4537 1.4571 1.4865 1.487 1.4882 1.5283 1.5559 1.5584 1.5614 1.5618 1.5672 1.584 1.5977 1.5994 1.5997 1.6332 1.656 1.6637 1.6647
-3.045999999999984 0.0242 0.0243 0.0244 0.0245 0.0246 0.0248 0.0249 0.025 0.0251 0.0253 0.0254 0.0256 0.0257 0.0259 0.0261 0.0263 0.0264 0.0267 0.0268 0.0269 0.027 0.0272 0.0273 0.0274 0.0276 0.0277 0.0281 0.0284 0.0286 0.0287 0.0293 0.0295 0.0297 0.0301 0.0303 0.0309 0.031 0.0311 0.0312 0.0313 0.0314 0.0316 0.0319 0.032 0.0322 0.0323 0.0325 0.0326 0.0327 0.0331 0.0332 0.0335 0.0336 0.0338 0.0342 0.0343 0.0344 0.0345 0.0352 0.0356 0.0358 0.036 0.0363 0.0365 0.0366 0.0371 0.0374 0.0375 0.0376 0.038 0.0385 0.0387 0.0389 0.039 0.0391 0.0392 0.0393 0.0395 0.0397 0.0398 0.0399 0.04 0.3565 0.3573 0.3576 0.3581 0.3593 0.3599 0.3615 0.365 0.3688 0.3695 0.3728 0.3731 0.3734 0.3746 0.3787 0.3817 0.3916 0.4016 0.4021 0.4044 0.4067 0.413 0.4262 0.4278 0.4307 0.4409 0.4426 0.4483 0.4501 0.4612 0.4816 0.4886 0.4918 0.4961 0.5091 0.5169 0.5171 0.5199 0.5234 0.5305 0.5329 0.5376 0.5487 0.5539 0.5598 0.5612 0.5634 0.5642 0.5672 0.5738 0.5861 0.588 0.6016 0.6073 0.6176 0.6195 0.6207 0.6314 0.6335 0.6381 0.6397 0.6412 0.6473 0.648 0.6832 0.6836 0.7026 0.7311 0.744 0.7445 0.7608 0.8151 0.8193 0.8233 0.8407 0.8492 0.8726 0.9202 0.9351 0.9667 0.9784 0.9811 0.9888 1.0169 1.0361 1.0453 1.0631 1.1086 1.1373 1.1624 1.1706 1.1997 1.26 1.2612 1.3291 1.3365 1.3966 1.403 1.4188 1.4361 1.4599 1.4789 1.5356 1.5566 1.5827 1.5899 1.6156 1.6172 1.6388 1.6556 1.6719 1.6787 1.6904 1.6906 1.696 1.6987 1.6994
-3.0469999999999837 0.0241 0.0242 0.0243 0.0244 0.0245 0.0246 0.0247 0.0249 0.025 0.0256 0.0257 0.0258 0.0259 0.026 0.0263 0.0269 0.027 0.0271 0.0272 0.0273 0.0274 0.0276 0.0277 0.028 0.0281 0.0285 0.0289 0.029 0.0291 0.0294 0.0298 0.0299 0.03 0.0302 0.0303 0.0305 0.0307 0.0308 0.0309 0.031 0.0311 0.0313 0.0315 0.0316 0.0318 0.0319 0.032 0.0323 0.0324 0.0327 0.033 0.0333 0.0334 0.0336 0.0337 0.0338 0.0339 0.0341 0.0342 0.0345 0.0352 0.0354 0.0356 0.0357 0.0358 0.0359 0.0361 0.0373 0.0376 0.038 0.0382 0.0385 0.0388 0.0389 0.039 0.0391 0.0392 0.0394 0.0395 0.0396 0.0397 0.0399 0.04 0.0403 0.0404 0.349 0.3514 0.3549 0.3556 0.3557 0.3575 0.3606 0.363 0.3647 0.3664 0.369 0.37 0.3721 0.3726 0.3748 0.378 0.3815 0.39 0.393 0.401 0.4094 0.4345 0.4442 0.4448 0.4478 0.4525 0.4557 0.4582 0.465 0.4824 0.4929 0.4975 0.5058 0.5111 0.5121 0.52 0.5261 0.53 0.5351 0.5373 0.5406 0.55 0.5513 0.5615 0.5642 0.5685 0.5698 0.5799 0.5855 0.5872 0.597 0.6049 0.607 0.6227 0.6318 0.6366 0.6403 0.6431 0.6434 0.6515 0.6589 0.6603 0.6652 0.6775 0.692 0.7051 0.7065 0.7133 0.7232 0.7503 0.7747 0.7866 0.7931 0.8004 0.8389 0.8714 0.8892 0.924 0.9401 0.9618 0.974 0.9945 1.0017 1.0066 1.0193 1.0243 1.1291 1.1791 1.1868 1.2043 1.2329 1.2349 1.2447 1.28 1.417 1.4549 1.5028 1.5194 1.5337 1.5706 1.5768 1.5886 1.6075 1.6137 1.6191 1.6297 1.6349 1.6613 1.6688 1.6949 1.695 1.7036 1.7086 1.7311 1.7434
-3.0479999999999836 0.024 0.0241 0.0242 0.0243 0.0244 0.0245 0.0246 0.0247 0.0248 0.0249 0.025 0.0251 0.0252 0.0254 0.0256 0.0257 0.0259 0.026 0.0261 0.0263 0.0264 0.0265 0.0268 0.0269 0.027 0.0272 0.0274 0.0278 0.0281 0.0287 0.0291 0.0292 0.0295 0.0297 0.03 0.0301 0.0302 0.0303 0.0304 0.0305 0.0306 0.0307 0.0309 0.0313 0.0316 0.0318 0.0319 0.0322 0.0323 0.0324 0.0326 0.0327 0.0329 0.033 0.0339 0.034 0.0341 0.0342 0.0343 0.0344 0.0348 0.0349 0.0352 0.0353 0.0357 0.0359 0.036 0.0365 0.0368 0.0369 0.0372 0.0373 0.0374 0.0376 0.0383 0.0384 0.039 0.0393 0.0396 0.0397 0.0402 0.0403 0.0404 0.0407 0.0408 0.344 0.3449 0.3488 0.3491 0.3495 0.35 0.3518 0.3524 0.361 0.3618 0.367 0.3672 0.3679 0.3724 0.373 0.3852 0.3865 0.388 0.4011 0.4056 0.4069 0.4094 0.4174 0.4177 0.4227 0.4263 0.4383 0.4445 0.445 0.4508 0.46 0.4615 0.4651 0.4717 0.4734 0.4757 0.4846 0.4907 0.4923 0.4977 0.5025 0.5037 0.5403 0.5421 0.5493 0.557 0.5646 0.5675 0.5701 0.5716 0.5891 0.5907 0.5977 0.6001 0.6223 0.6419 0.654 0.6557 0.6615 0.6635 0.6696 0.6761 0.6872 0.6883 0.6884 0.6974 0.698 0.7315 0.7439 0.7455 0.7698 0.7809 0.8174 0.8754 0.9115 0.965 0.9918 1.0143 1.0325 1.0403 1.1031 1.1102 1.1247 1.1376 1.1752 1.1828 1.1981 1.2104 1.2426 1.246 1.2729 1.321 1.3643 1.3721 1.3807 1.3852 1.4125 1.4621 1.4982 1.5206 1.5426 1.5845 1.6016 1.6132 1.6184 1.629 1.6456 1.6599 1.7051 1.7204 1.7231 1.7283 1.73 1.7389 1.7544 1.7683
-3.0489999999999835 0.024 0.0241 0.0242 0.0243 0.0244 0.0245 0.0246 0.0247 0.0248 0.0249 0.025 0.0251 0.0252 0.0253 0.0254 0.0257 0.0258 0.0259 0.0262 0.0263 0.0264 0.0268 0.0269 0.027 0.0271 0.0272 0.0279 0.028 0.0282 0.0284 0.0288 0.029 0.0292 0.0296 0.0298 0.0299 0.0301 0.0303 0.0305 0.0307 0.0313 0.0315 0.0316 0.0317 0.0318 0.0322 0.0323 0.0324 0.0327 0.0328 0.0329 0.033 0.0336 0.0338 0.0339 0.0341 0.0345 0.0347 0.0348 0.0349 0.0354 0.0356 0.036 0.0362 0.0364 0.0366 0.037 0.0372 0.0375 0.0377 0.0379 0.0381 0.0382 0.0384 0.0387 0.0388 0.0392 0.0396 0.0397 0.0398 0.0399 0.04 0.0403 0.0405 0.0406 0.041 0.3401 0.3457 0.3458 0.3488 0.3512 0.3548 0.3581 0.3582 0.3587 0.3603 0.3619 0.3688 0.3699 0.3766 0.3789 0.3867 0.3878 0.3892 0.3911 0.3934 0.3997 0.4026 0.4033 0.4083 0.4136 0.4156 0.4258 0.4261 0.4278 0.4354 0.4367 0.4485 0.4528 0.4532 0.4707 0.4721 0.4736 0.4767 0.4801 0.497 0.5042 0.5043 0.5061 0.507 0.5142 0.5431 0.548 0.5506 0.5614 0.5727 0.578 0.5928 0.5938 0.6052 0.6072 0.6073 0.6098 0.6199 0.6516 0.6647 0.6751 0.6811 0.7003 0.7085 0.711 0.7169 0.735 0.7676 0.789 0.8031 0.8391 0.8644 0.8893 0.8918 0.8963 0.9855 0.9928 1.0046 1.0201 1.0337 1.0409 1.1177 1.1296 1.1302 1.1527 1.2124 1.2334 1.2595 1.3151 1.3291 1.3369 1.3621 1.3651 1.3814 1.3989 1.437 1.4495 1.4614 1.4837 1.5013 1.5116 1.5387 1.5496 1.568 1.6013 1.6262 1.6562 1.6594 1.6701 1.6753 1.6845 1.7259 1.7395 1.7466 1.7555 1.78
-3.0499999999999834 0.024 0.0241 0.0242 0.0243 0.0244 0.0245 0.0246 0.0247 0.0249 0.0253 0.0254 0.0256 0.0258 0.0259 0.026 0.0263 0.0264 0.0266 0.0268 0.027 0.0272 0.0273 0.0274 0.0275 0.0276 0.0277 0.0279 0.029 0.0292 0.0294 0.0296 0.0298 0.03 0.0302 0.0304 0.0305 0.0306 0.0308 0.0309 0.031 0.0311 0.0312 0.0313 0.0316 0.0317 0.0318 0.0319 0.0321 0.0322 0.0329 0.0331 0.0334 0.0337 0.0339 0.034 0.0341 0.0342 0.0343 0.0345 0.0349 0.035 0.0351 0.0354 0.0358 0.0359 0.0364 0.0366 0.0373 0.0379 0.0382 0.0384 0.0385 0.0386 0.0387 0.039 0.0391 0.0395 0.0397 0.0399 0.0401 0.0402 0.0405 0.0407 0.0408 0.0409 0.041 0.3401 0.3419 0.3423 0.3424 0.3441 0.347 0.348 0.3528 0.3529 0.3538 0.3566 0.3574 0.3602 0.3641 0.3723 0.374 0.3774 0.3793 0.3828 0.3832 0.3902 0.3967 0.3972 0.4101 0.4235 0.4257 0.4315 0.4447 0.4455 0.4565 0.4597 0.4624 0.464 0.4673 0.4723 0.4827 0.4871 0.4952 0.4958 0.4968 0.5035 0.5159 0.5241 0.5319 0.5393 0.5763 0.5784 0.5918 0.5927 0.5947 0.5971 0.598 0.6024 0.6215 0.6253 0.6258 0.629 0.6381 0.6489 0.6529 0.6573 0.6652 0.6736 0.6873 0.6963 0.6966 0.7014 0.7185 0.7337 0.7487 0.766 0.7831 0.792 0.9004 0.9276 0.9338 0.9471 0.9676 0.9755 0.9876 1.0188 1.0442 1.0715 1.0791 1.1144 1.128 1.1826 1.1986 1.2285 1.2634 1.2756 1.3275 1.3305 1.4389 1.508 1.5082 1.5106 1.531 1.5399 1.5414 1.5462 1.5917 1.6012 1.6461 1.6628 1.6671 1.6694 1.6998 1.7029 1.7306 1.746 1.7473 1.7628 1.7749 1.7767 1.7772
-3.0509999999999833 0.0239 0.0258 0.0505 0.2169 1.2 1.9766
-3.051999999999983 0.0239 0.0259 0.0505 0.2148 1.1815 1.9447
-3.052999999999983 0.024 0.026 0.0506 0.2128 1.163 1.9128
-3.053999999999983 0.024 0.0261 0.0506 0.2111 1.1446 1.8812
-3.054999999999983 0.0241 0.0262 0.0506 0.2096 1.1267 1.8502
-3.0559999999999827 0.0242 0.0263 0.0506 0.2082 1.1095 1.82
-3.0569999999999826 0.0243 0.0264 0.0506 0.207 1.0929 1.093 1.7907
-3.0579999999999825 0.0243 0.0265 0.0505 0.2059 1.0771 1.7622
-3.0589999999999824 0.0244 0.0266 0.0505 0.2049 1.062 1.7345
-3.0599999999999823 0.0245 0.0267 0.0505 0.2039 1.0475 1.7075 1.7076
-3.060999999999982 0.0242 0.0249 0.0264 0.027 0.0503 0.0506 0.1994 0.2077 0.9923 1.0858 1.5439 1.8105
-3.061999999999982 0.0241 0.0253 0.0263 0.0272 0.0502 0.0506 0.1969 0.2095 0.9674 1.0995 1.428 1.8501
-3.062999999999982 0.0241 0.0257 0.0264 0.0273 0.0501 0.0506 0.1953 0.2095 0.9578 1.0945 1.3447 1.8488
-3.063999999999982 0.0242 0.0259 0.0264 0.0273 0.05 0.0506 0.1943 0.2085 0.955 1.0789 1.2865 1.8244
-3.0649999999999817 0.0242 0.0261 0.0266 0.0273 0.05 0.0506 0.1937 0.207 0.9539 1.0584 1.2508 1.788
-3.0659999999999816 0.0243 0.0262 0.0267 0.0273 0.05 0.0506 0.1934 0.2055 0.9518 1.0367 1.2328 1.7468
-3.0669999999999815 0.0245 0.0262 0.0269 0.0274 0.05 0.0505 0.1933 0.204 0.948 1.0155 1.228 1.7039 1.704
-3.0679999999999814 0.0246 0.0262 0.027 0.0274 0.05 0.0505 0.1934 0.2026 0.9426 0.9953 1.2331 1.6603
-3.0689999999999813 0.0247 0.0261 0.0271 0.0274 0.05 0.0504 0.1935 0.2013 0.9363 0.9762 1.2464 1.6155
-3.069999999999981 0.0248 0.026 0.0273 0.0275 0.05 0.0504 0.1939 0.2 0.9293 0.9582 1.2678 1.5679
-3.070999999999981 0.025 0.0259 0.0274 0.0276 0.0501 0.0503 0.1944 0.1987 0.9223 0.9407 1.3004 1.5133
-3.071999999999981 0.0253 0.0255 0.0276 0.0502 0.1957 0.1967 0.9176 0.9217 1.3713 1.3714 1.4236
-3.072999999999981 0.0256 0.0276 0.0502 0.1956 0.9126 1.3672
-3.0739999999999807 0.0257 0.0277 0.0501 0.195 0.9069 1.3305
-3.0749999999999806 0.0259 0.0277 0.0501 0.1942 0.9037 1.282
-3.0759999999999805 0.0274
-3.0769999999999804 0.0274
-3.0779999999999803 0.0274
-3.07899999999998 0.0274
-3.07999999999998 0.0274
-3.08099999999998 0.0274
-3.08199999999998 0.0274
-3.0829999999999798 0.0274
-3.0839999999999796 0.0274
-3.0849999999999795 0.0274
-3.0859999999999794 0.0274
-3.0869999999999793 0.0274
-3.087999999999979 0.0274
-3.088999999999979 0.0274
-3.089999999999979 0.0274
-3.090999999999979 0.0274
-3.0919999999999788 0.0274
-3.0929999999999787 0.0274
-3.0939999999999785 0.0274
-3.0949999999999784 0.0274
-3.0959999999999783 0.0274
-3.096999999999978 0.0274
-3.097999999999978 0.0274
-3.098999999999978 0.0274
-3.099999999999978 0.0274
