-10 0.164712 0.164712 1 1 0
-9.96031 0.166099 0.166099 1 1 0
-9.94037 0.166145 0.166145 1 1 0
-9.92044 0.166191 0.166191 1 1 0
-9.9005 0.166237 0.166237 1 1 0
-9.88056 0.166283 0.166283 1 1 0
-9.86063 0.166329 0.166329 1 1 0
-9.84069 0.166375 0.166375 1 1 0
-9.82075 0.166421 0.166421 1 1 0
-9.80082 0.166467 0.166467 1 1 0
-9.78088 0.166513 0.166513 1 1 0
-9.76095 0.166559 0.166559 1 1 0
-9.74101 0.166605 0.166605 1 1 0
-9.72108 0.16665 0.16665 1 1 0
-9.70114 0.166696 0.166696 1 1 0
-9.68121 0.166741 0.166741 1 1 0
-9.66128 0.166787 0.166787 1 1 0
-9.64134 0.166832 0.166832 1 1 0
-9.62141 0.166878 0.166878 1 1 0
-9.60148 0.166923 0.166923 1 1 0
-9.58155 0.166968 0.166968 1 1 0
-9.56161 0.167014 0.167014 1 1 0
-9.54168 0.167059 0.167059 1 1 0
-9.52175 0.167104 0.167104 1 1 0
-9.50182 0.167149 0.167149 1 1 0
-9.48189 0.167194 0.167194 1 1 0
-9.46196 0.167239 0.167239 1 1 0
-9.44203 0.167284 0.167284 1 1 0
-9.4221 0.167329 0.167329 1 1 0
-9.40217 0.167373 0.167373 1 1 0
-9.38224 0.167418 0.167418 1 1 0
-9.36232 0.167463 0.167463 1 1 0
-9.34239 0.167507 0.167507 1 1 0
-9.32246 0.167552 0.167552 1 1 0
-9.30253 0.167596 0.167596 1 1 0
-9.28261 0.16764 0.16764 1 1 0
-9.26268 0.167685 0.167685 1 1 0
-9.24275 0.167729 0.167729 1 1 0
-9.22283 0.167773 0.167773 1 1 0
-9.2029 0.167817 0.167817 1 1 0
-9.18298 0.167861 0.167861 1 1 0
-9.16305 0.167905 0.167905 1 1 0
-9.14313 0.167949 0.167949 1 1 0
-9.12321 0.167993 0.167993 1 1 0
-9.10328 0.168036 0.168036 1 1 0
-9.08336 0.16808 0.16808 1 1 0
-9.06344 0.168124 0.168124 1 1 0
-9.04352 0.168167 0.168167 1 1 0
-9.0236 0.16821 0.16821 1 1 0
-9.00367 0.168254 0.168254 1 1 0
-8.98375 0.168297 0.168297 1 1 0
-8.96383 0.16834 0.16834 1 1 0
-8.94391 0.168383 0.168383 1 1 0
-8.92399 0.168426 0.168426 1 1 0
-8.90408 0.168469 0.168469 1 1 0
-8.88416 0.168512 0.168512 1 1 0
-8.86424 0.168554 0.168554 1 1 0
-8.84432 0.168597 0.168597 1 1 0
-8.82441 0.16864 0.16864 1 1 0
-8.80449 0.168682 0.168682 1 1 0
-8.78457 0.168724 0.168724 1 1 0
-8.76466 0.168766 0.168766 1 1 0
-8.74474 0.168809 0.168809 1 1 0
-8.72483 0.168851 0.168851 1 1 0
-8.70491 0.168893 0.168893 1 1 0
-8.685 0.168934 0.168934 1 1 0
-8.66509 0.168976 0.168976 1 1 0
-8.64518 0.169018 0.169018 1 1 0
-8.62526 0.169059 0.169059 1 1 0
-8.60535 0.169101 0.169101 1 1 0
-8.58544 0.169142 0.169142 1 1 0
-8.56553 0.169183 0.169183 1 1 0
-8.54562 0.169224 0.169224 1 1 0
-8.52571 0.169265 0.169265 1 1 0
-8.5058 0.169306 0.169306 1 1 0
-8.48589 0.169347 0.169347 1 1 0
-8.46599 0.169388 0.169388 1 1 0
-8.44608 0.169428 0.169428 1 1 0
-8.42617 0.169469 0.169469 1 1 0
-8.40627 0.169509 0.169509 1 1 0
-8.38636 0.169549 0.169549 1 1 0
-8.36646 0.169589 0.169589 1 1 0
-8.34655 0.169629 0.169629 1 1 0
-8.32665 0.169669 0.169669 1 1 0
-8.30675 0.169708 0.169708 1 1 0
-8.28684 0.169748 0.169748 1 1 0
-8.26694 0.169787 0.169787 1 1 0
-8.24704 0.169827 0.169827 1 1 0
-8.22714 0.169866 0.169866 1 1 0
-8.20724 0.169905 0.169905 1 1 0
-8.18734 0.169943 0.169943 1 1 0
-8.16744 0.169982 0.169982 1 1 0
-8.14755 0.170021 0.170021 1 1 0
-8.12765 0.170059 0.170059 1 1 0
-8.10775 0.170097 0.170097 1 1 0
-8.08786 0.170135 0.170135 1 1 0
-8.06796 0.170173 0.170173 1 1 0
-8.04807 0.170211 0.170211 1 1 0
-8.02817 0.170249 0.170249 1 1 0
-8.00828 0.170286 0.170286 1 1 0
-7.98839 0.170324 0.170324 1 1 0
-7.9685 0.170361 0.170361 1 1 0
-7.9486 0.170398 0.170398 1 1 0
-7.92871 0.170434 0.170434 1 1 0
-7.90883 0.170471 0.170471 1 1 0
-7.88894 0.170507 0.170507 1 1 0
-7.86905 0.170544 0.170544 1 1 0
-7.84916 0.17058 0.17058 1 1 0
-7.82928 0.170616 0.170616 1 1 0
-7.80939 0.170651 0.170651 1 1 0
-7.7895 0.170687 0.170687 1 1 0
-7.76962 0.170722 0.170722 1 1 0
-7.74974 0.170757 0.170757 1 1 0
-7.72986 0.170792 0.170792 1 1 0
-7.70997 0.170827 0.170827 1 1 0
-7.69009 0.170861 0.170861 1 1 0
-7.67021 0.170896 0.170896 1 1 0
-7.65034 0.17093 0.17093 1 1 0
-7.63046 0.170964 0.170964 1 1 0
-7.61058 0.170997 0.170997 1 1 0
-7.5907 0.171031 0.171031 1 1 0
-7.57083 0.171064 0.171064 1 1 0
-7.55095 0.171097 0.171097 1 1 0
-7.53108 0.17113 0.17113 1 1 0
-7.51121 0.171162 0.171162 1 1 0
-7.49134 0.171194 0.171194 1 1 0
-7.47147 0.171226 0.171226 1 1 0
-7.4516 0.171258 0.171258 1 1 0
-7.43173 0.17129 0.17129 1 1 0
-7.41186 0.171321 0.171321 1 1 0
-7.392 0.171352 0.171352 1 1 0
-7.37213 0.171383 0.171383 1 1 0
-7.35227 0.171413 0.171413 1 1 0
-7.3324 0.171443 0.171443 1 1 0
-7.31254 0.171473 0.171473 1 1 0
-7.29268 0.171503 0.171503 1 1 0
-7.27282 0.171532 0.171532 1 1 0
-7.25296 0.171561 0.171561 1 1 0
-7.2331 0.17159 0.17159 1 1 0
-7.21325 0.171618 0.171618 1 1 0
-7.19339 0.171646 0.171646 1 1 0
-7.17354 0.171674 0.171674 1 1 0
-7.15369 0.171701 0.171701 1 1 0
-7.13383 0.171728 0.171728 1 1 0
-7.11398 0.171755 0.171755 1 1 0
-7.09413 0.171781 0.171781 1 1 0
-7.07429 0.171807 0.171807 1 1 0
-7.05444 0.171833 0.171833 1 1 0
-7.0346 0.171858 0.171858 1 1 0
-7.01475 0.171883 0.171883 1 1 0
-6.99491 0.171908 0.171908 1 1 0
-6.97507 0.171932 0.171932 1 1 0
-6.95523 0.171956 0.171956 1 1 0
-6.93539 0.171979 0.171979 1 1 0
-6.91555 0.172002 0.172002 1 1 0
-6.89572 0.172025 0.172025 1 1 0
-6.87589 0.172047 0.172047 1 1 0
-6.85605 0.172069 0.172069 1 1 0
-6.83622 0.17209 0.17209 1 1 0
-6.81639 0.172111 0.172111 1 1 0
-6.79657 0.172131 0.172131 1 1 0
-6.77674 0.172151 0.172151 1 1 0
-6.75692 0.172171 0.172171 1 1 0
-6.73709 0.17219 0.17219 1 1 0
-6.71727 0.172208 0.172208 1 1 0
-6.69745 0.172226 0.172226 1 1 0
-6.67764 0.172244 0.172244 1 1 0
-6.65782 0.172261 0.172261 1 1 0
-6.63801 0.172277 0.172277 1 1 0
-6.6182 0.172293 0.172293 1 1 0
-6.59839 0.172308 0.172308 1 1 0
-6.57858 0.172323 0.172323 1 1 0
-6.55877 0.172337 0.172337 1 1 0
-6.53897 0.17235 0.17235 1 1 0
-6.51917 0.172363 0.172363 1 1 0
-6.49937 0.172376 0.172376 1 1 0
-6.47957 0.172387 0.172387 1 1 0
-6.45977 0.172398 0.172398 1 1 0
-6.43998 0.172409 0.172409 1 1 0
-6.42019 0.172418 0.172418 1 1 0
-6.4004 0.172427 0.172427 1 1 0
-6.38061 0.172435 0.172435 1 1 0
-6.36083 0.172443 0.172443 1 1 0
-6.34105 0.17245 0.17245 1 1 0
-6.32127 0.172456 0.172456 1 1 0
-6.30149 0.172461 0.172461 1 1 0
-6.28171 0.172465 0.172465 1 1 0
-6.26194 0.172469 0.172469 1 1 0
-6.24217 0.172472 0.172472 1 1 0
-6.22241 0.172474 0.172474 1 1 0
-6.20264 0.172475 0.172475 1 1 0
-6.18288 0.172475 0.172475 1 1 0
-6.16312 0.172474 0.172474 1 1 0
-6.14337 0.172472 0.172472 1 1 0
-6.12362 0.17247 0.17247 1 1 0
-6.10387 0.172466 0.172466 1 1 0
-6.08412 0.172461 0.172461 1 1 0
-6.06438 0.172456 0.172456 1 1 0
-6.04464 0.172449 0.172449 1 1 0
-6.02491 0.172441 0.172441 1 1 0
-6.02491 0.172441 0.172441 1 1 0
-5.98544 0.172422 0.172422 1 1 0
-5.96572 0.17241 0.17241 1 1 0
-5.946 0.172398 0.172398 1 1 0
-5.92628 0.172384 0.172384 1 1 0
-5.90656 0.172369 0.172369 1 1 0
-5.88685 0.172352 0.172352 1 1 0
-5.86715 0.172334 0.172334 1 1 0
-5.84745 0.172315 0.172315 1 1 0
-5.82775 0.172294 0.172294 1 1 0
-5.80805 0.172272 0.172272 1 1 0
-5.78837 0.172248 0.172248 1 1 0
-5.76868 0.172223 0.172223 1 1 0
-5.749 0.172196 0.172196 1 1 0
-5.72933 0.172168 0.172168 1 1 0
-5.70966 0.172138 0.172138 1 1 0
-5.68999 0.172105 0.172105 1 1 0
-5.67033 0.172072 0.172072 1 1 0
-5.65068 0.172036 0.172036 1 1 0
-5.63103 0.171998 0.171998 1 1 0
-5.61139 0.171959 0.171959 1 1 0
-5.59175 0.171917 0.171917 1 1 0
-5.57212 0.171873 0.171873 1 1 0
-5.55249 0.171827 0.171827 1 1 0
-5.53287 0.171779 0.171779 1 1 0
-5.51326 0.171728 0.171728 1 1 0
-5.49366 0.171675 0.171675 1 1 0
-5.47406 0.17162 0.17162 1 1 0
-5.45447 0.171562 0.171562 1 1 0
-5.43488 0.171501 0.171501 1 1 0
-5.41531 0.171437 0.171437 1 1 0
-5.39574 0.171371 0.171371 1 1 0
-5.37618 0.171301 0.171301 1 1 0
-5.35663 0.171229 0.171229 1 1 0
-5.33708 0.171153 0.171153 1 1 0
-5.31755 0.171074 0.171074 1 1 0
-5.29802 0.170992 0.170992 1 1 0
-5.27851 0.170906 0.170906 1 1 0
-5.259 0.170816 0.170816 1 1 0
-5.23951 0.170723 0.170723 1 1 0
-5.22002 0.170625 0.170625 1 1 0
-5.20055 0.170524 0.170524 1 1 0
-5.18108 0.170418 0.170418 1 1 0
-5.16163 0.170308 0.170308 1 1 0
-5.14219 0.170193 0.170193 1 1 0
-5.12277 0.170073 0.170073 1 1 0
-5.10335 0.169948 0.169948 1 1 0
-5.08395 0.169818 0.169818 1 1 0
-5.06457 0.169682 0.169682 1 1 0
-5.04519 0.169541 0.169541 1 1 0
-5.02584 0.169394 0.169394 1 1 0
-5.0065 0.169241 0.169241 1 1 0
-4.98717 0.169081 0.169081 1 1 0
-4.96786 0.168914 0.168914 1 1 0
-4.94857 0.168741 0.168741 1 1 0
-4.9293 0.16856 0.16856 1 1 0
-4.91005 0.168372 0.168372 1 1 0
-4.89081 0.168175 0.168175 1 1 0
-4.8716 0.167971 0.167971 1 1 0
-4.8524 0.167757 0.167757 1 1 0
-4.83323 0.167535 0.167535 1 1 0
-4.81408 0.167303 0.167303 1 1 0
-4.79495 0.167061 0.167061 1 1 0
-4.77585 0.16681 0.16681 1 1 0
-4.75677 0.166547 0.166547 1 1 0
-4.73771 0.166274 0.166274 1 1 0
-4.71868 0.165989 0.165989 1 1 0
-4.69967 0.165692 0.165692 1 1 0
-4.68069 0.165383 0.165383 1 1 0
-4.66174 0.165062 0.165062 1 1 0
-4.64281 0.164727 0.164727 1 1 0
-4.62391 0.16438 0.16438 1 1 0
-4.60503 0.164019 0.164019 1 1 0
-4.58618 0.163644 0.163644 1 1 0
-4.56734 0.163255 0.163255 1 1 0
-4.54853 0.162853 0.162853 1 1 0
-4.52974 0.162437 0.162437 1 1 0
-4.51097 0.162007 0.162007 1 1 0
-4.49221 0.161565 0.161565 1 1 0
-4.47345 0.16111 0.16111 1 1 0
-4.45471 0.160643 0.160643 1 1 0
-4.43596 0.160167 0.160167 1 1 0
-4.41721 0.15968 0.15968 1 1 0
-4.39845 0.159186 0.159186 1 1 0
-4.37968 0.158686 0.158686 1 1 0
-4.36088 0.158182 0.158182 1 1 0
-4.34206 0.157675 0.157675 1 1 0
-4.3232 0.157169 0.157169 1 1 0
-4.30431 0.156665 0.156665 1 1 0
-4.28538 0.156165 0.156165 1 1 0
-4.26639 0.155673 0.155673 1 1 0
-4.24737 0.155189 0.155189 1 1 0
-4.22829 0.154716 0.154716 1 1 0
-4.20916 0.154257 0.154257 1 1 0
-4.18997 0.153811 0.153811 1 1 0
-4.17074 0.153382 0.153382 1 1 0
-4.15146 0.15297 0.15297 1 1 0
-4.13212 0.152575 0.152575 1 1 0
-4.11275 0.1522 0.1522 1 1 0
-4.09333 0.151843 0.151843 1 1 0
-4.07386 0.151506 0.151506 1 1 0
-4.05436 0.151188 0.151188 1 1 0
-4.03483 0.150889 0.150889 1 1 0
-4.01526 0.15061 0.15061 1 1 0
-3.99566 0.150349 0.150349 1 1 0
-3.97603 0.150107 0.150107 1 1 0
-3.95638 0.149883 0.149883 1 1 0
-3.9367 0.149676 0.149676 1 1 0
-3.917 0.149487 0.149487 1 1 0
-3.89728 0.149314 0.149314 1 1 0
-3.87754 0.149157 0.149157 1 1 0
-3.85778 0.149016 0.149016 1 1 0
-3.83801 0.148889 0.148889 1 1 0
-3.81823 0.148777 0.148777 1 1 0
-3.79843 0.148679 0.148679 1 1 0
-3.77862 0.148594 0.148594 1 1 0
-3.7588 0.148522 0.148522 1 1 0
-3.73898 0.148463 0.148463 1 1 0
-3.71914 0.148415 0.148415 1 1 0
-3.69929 0.14838 0.14838 1 1 0
-3.67944 0.148355 0.148355 1 1 0
-3.65957 0.148341 0.148341 1 1 0
-3.63971 0.148337 0.148337 1 1 0
-3.61983 0.148344 0.148344 1 1 0
-3.59995 0.14836 0.14836 1 1 0
-3.58007 0.148385 0.148385 1 1 0
-3.56018 0.148419 0.148419 1 1 0
-3.54029 0.148462 0.148462 1 1 0
-3.52039 0.148514 0.148514 1 1 0
-3.50049 0.148574 0.148574 1 1 0
-3.48058 0.148641 0.148641 1 1 0
-3.46067 0.148716 0.148716 1 1 0
-3.44076 0.148799 0.148799 1 1 0
-3.42085 0.148889 0.148889 1 1 0
-3.40093 0.148986 0.148986 1 1 0
-3.38101 0.14909 0.14909 1 1 0
-3.36109 0.1492 0.1492 1 1 0
-3.34117 0.149317 0.149317 1 1 0
-3.32124 0.14944 0.14944 1 1 0
-3.30132 0.149569 0.149569 1 1 0
-3.28139 0.149704 0.149704 1 1 0
-3.26146 0.149845 0.149845 1 1 0
-3.24153 0.149992 0.149992 1 1 0
-3.22159 0.150144 0.150144 1 1 0
-3.20166 0.150302 0.150302 1 1 0
-3.18172 0.150465 0.150465 1 1 0
-3.16179 0.150633 0.150633 1 1 0
-3.14185 0.150806 0.150806 1 1 0
-3.12191 0.150984 0.150984 1 1 0
-3.10197 0.151167 0.151167 1 1 0
-3.08203 0.151355 0.151355 1 1 0
-3.06209 0.151547 0.151547 1 1 0
-3.04214 0.151744 0.151744 1 1 0
-3.0222 0.151945 0.151945 1 1 0
-3.00225 0.152151 0.152151 1 1 0
-2.98231 0.152361 0.152361 1 1 0
-2.96236 0.152576 0.152576 1 1 0
-2.94242 0.152794 0.152794 1 1 0
-2.92247 0.153017 0.153017 1 1 0
-2.91604 0.15309 0.15309 1 1 0
-2.8961 0.153318 0.153318 2 1 0
-2.87615 0.15355 0.15355 2 1 0
-2.8562 0.153786 0.153786 2 1 0
-2.83625 0.154026 0.154026 2 1 0
-2.8163 0.154269 0.154269 2 1 0
-2.79635 0.154517 0.154517 2 1 0
-2.7764 0.154768 0.154768 2 1 0
-2.75645 0.155022 0.155022 2 1 0
-2.7365 0.155281 0.155281 2 1 0
-2.71655 0.155543 0.155543 2 1 0
-2.6966 0.155808 0.155808 2 1 0
-2.67665 0.156077 0.156077 2 1 0
-2.6567 0.156349 0.156349 2 1 0
-2.63675 0.156625 0.156625 2 1 0
-2.6168 0.156904 0.156904 2 1 0
-2.59684 0.157187 0.157187 2 1 0
-2.57689 0.157473 0.157473 2 1 0
-2.55694 0.157762 0.157762 2 1 0
-2.53699 0.158054 0.158054 2 1 0
-2.51703 0.15835 0.15835 2 1 0
-2.49708 0.158648 0.158648 2 1 0
-2.47713 0.15895 0.15895 2 1 0
-2.45718 0.159255 0.159255 2 1 0
-2.43722 0.159563 0.159563 2 1 0
-2.41727 0.159875 0.159875 2 1 0
-2.39732 0.160189 0.160189 2 1 0
-2.37736 0.160506 0.160506 2 1 0
-2.35741 0.160827 0.160827 2 1 0
-2.33746 0.16115 0.16115 2 1 0
-2.3175 0.161476 0.161476 2 1 0
-2.29755 0.161806 0.161806 2 1 0
-2.2776 0.162138 0.162138 2 1 0
-2.25764 0.162473 0.162473 2 1 0
-2.23769 0.162811 0.162811 2 1 0
-2.21774 0.163153 0.163153 2 1 0
-2.19778 0.163496 0.163496 2 1 0
-2.17783 0.163843 0.163843 2 1 0
-2.15788 0.164193 0.164193 2 1 0
-2.13792 0.164545 0.164545 2 1 0
-2.11797 0.164901 0.164901 2 1 0
-2.11797 0.164901 0.164901 2 1 0
-2.07806 0.16562 0.16562 2 1 0
-2.05811 0.165984 0.165984 2 1 0
-2.03816 0.16635 0.16635 2 1 0
-2.0182 0.16672 0.16672 2 1 0
-1.99825 0.167092 0.167092 2 1 0
-1.9783 0.167467 0.167467 2 1 0
-1.95834 0.167844 0.167844 2 1 0
-1.93839 0.168225 0.168225 2 1 0
-1.91844 0.168608 0.168608 2 1 0
-1.89848 0.168994 0.168994 2 1 0
-1.87853 0.169382 0.169382 2 1 0
-1.85858 0.169773 0.169773 2 1 0
-1.83863 0.170167 0.170167 2 1 0
-1.81867 0.170564 0.170564 2 1 0
-1.79872 0.170963 0.170963 2 1 0
-1.77877 0.171366 0.171366 2 1 0
-1.75882 0.17177 0.17177 2 1 0
-1.73886 0.172178 0.172178 2 1 0
-1.71891 0.172588 0.172588 2 1 0
-1.69896 0.173001 0.173001 2 1 0
-1.67901 0.173416 0.173416 2 1 0
-1.65905 0.173835 0.173835 2 1 0
-1.6391 0.174255 0.174255 2 1 0
-1.61915 0.174679 0.174679 2 1 0
-1.5992 0.175105 0.175105 2 1 0
-1.57925 0.175534 0.175534 2 1 0
-1.5593 0.175965 0.175965 2 1 0
-1.53934 0.1764 0.1764 2 1 0
-1.51939 0.176836 0.176836 2 1 0
-1.49944 0.177276 0.177276 2 1 0
-1.47949 0.177718 0.177718 2 1 0
-1.45954 0.178163 0.178163 2 1 0
-1.43959 0.17861 0.17861 2 1 0
-1.41964 0.17906 0.17906 2 1 0
-1.39969 0.179513 0.179513 2 1 0
-1.37974 0.179968 0.179968 2 1 0
-1.35979 0.180426 0.180426 2 1 0
-1.33984 0.180887 0.180887 2 1 0
-1.31989 0.18135 0.18135 2 1 0
-1.29994 0.181816 0.181816 2 1 0
-1.27999 0.182285 0.182285 2 1 0
-1.26004 0.182756 0.182756 2 1 0
-1.24009 0.18323 0.18323 2 1 0
-1.22014 0.183707 0.183707 2 1 0
-1.20019 0.184186 0.184186 2 1 0
-1.18024 0.184668 0.184668 2 1 0
-1.16029 0.185152 0.185152 2 1 0
-1.14034 0.18564 0.18564 2 1 0
-1.1204 0.186129 0.186129 2 1 0
-1.10045 0.186622 0.186622 2 1 0
-1.0805 0.187117 0.187117 2 1 0
-1.06055 0.187615 0.187615 2 1 0
-1.0406 0.188116 0.188116 2 1 0
-1.02066 0.188619 0.188619 2 1 0
-1.00071 0.189125 0.189125 2 1 0
-0.980761 0.189633 0.189633 2 1 0
-0.960813 0.190144 0.190144 2 1 0
-0.940866 0.190658 0.190658 2 1 0
-0.92092 0.191175 0.191175 2 1 0
-0.900973 0.191694 0.191694 2 1 0
-0.881026 0.192216 0.192216 2 1 0
-0.86108 0.192741 0.192741 2 1 0
-0.841134 0.193268 0.193268 2 1 0
-0.821188 0.193798 0.193798 2 1 0
-0.801242 0.194331 0.194331 2 1 0
-0.781297 0.194867 0.194867 2 1 0
-0.761351 0.195405 0.195405 2 1 0
-0.741406 0.195946 0.195946 2 1 0
-0.721461 0.196489 0.196489 2 1 0
-0.701516 0.197036 0.197036 2 1 0
-0.681572 0.197585 0.197585 2 1 0
-0.661627 0.198136 0.198136 2 1 0
-0.641683 0.198691 0.198691 2 1 0
-0.621739 0.199248 0.199248 2 1 0
-0.601795 0.199808 0.199808 2 1 0
-0.581852 0.200371 0.200371 2 1 0
-0.561908 0.200936 0.200936 2 1 0
-0.541965 0.201504 0.201504 2 1 0
-0.522022 0.202075 0.202075 2 1 0
-0.502079 0.202649 0.202649 2 1 0
-0.482137 0.203226 0.203226 2 1 0
-0.462195 0.203805 0.203805 2 1 0
-0.442253 0.204387 0.204387 2 1 0
-0.422311 0.204972 0.204972 2 1 0
-0.402369 0.205559 0.205559 2 1 0
-0.382428 0.20615 0.20615 2 1 0
-0.362486 0.206743 0.206743 2 1 0
-0.342546 0.207339 0.207339 2 1 0
-0.322605 0.207938 0.207938 2 1 0
-0.302664 0.208539 0.208539 2 1 0
-0.282724 0.209143 0.209143 2 1 0
-0.262784 0.209751 0.209751 2 1 0
-0.242844 0.210361 0.210361 2 1 0
-0.222905 0.210973 0.210973 2 1 0
-0.202966 0.211589 0.211589 2 1 0
-0.183027 0.212207 0.212207 2 1 0
-0.163088 0.212829 0.212829 2 1 0
-0.143149 0.213453 0.213453 2 1 0
-0.123211 0.21408 0.21408 2 1 0
-0.103273 0.214709 0.214709 2 1 0
-0.0833355 0.215342 0.215342 2 1 0
-0.0633981 0.215978 0.215978 2 1 0
-0.0434609 0.216616 0.216616 2 1 0
-0.023524 0.217257 0.217257 2 1 0
-0.0035873 0.217901 0.217901 2 1 0
0.0163491 0.218548 0.218548 2 1 0
0.0362852 0.219198 0.219198 2 1 0
0.056221 0.219851 0.219851 2 1 0
0.0761566 0.220506 0.220506 2 1 0
0.0960919 0.221165 0.221165 2 1 0
0.116027 0.221826 0.221826 2 1 0
0.135962 0.222491 0.222491 2 1 0
0.155896 0.223158 0.223158 2 1 0
0.17583 0.223828 0.223828 2 1 0
0.195764 0.224501 0.224501 2 1 0
0.215698 0.225177 0.225177 2 1 0
0.235631 0.225856 0.225856 2 1 0
0.255564 0.226537 0.226537 2 1 0
0.275496 0.227222 0.227222 2 1 0
0.295429 0.22791 0.22791 2 1 0
0.315361 0.2286 0.2286 2 1 0
0.335293 0.229294 0.229294 2 1 0
0.355224 0.22999 0.22999 2 1 0
0.375155 0.23069 0.23069 2 1 0
0.395086 0.231392 0.231392 2 1 0
0.415016 0.232098 0.232098 2 1 0
0.434947 0.232806 0.232806 2 1 0
0.454876 0.233517 0.233517 2 1 0
0.474806 0.234231 0.234231 2 1 0
0.494735 0.234949 0.234949 2 1 0
0.514664 0.235669 0.235669 2 1 0
0.534593 0.236392 0.236392 2 1 0
0.554521 0.237118 0.237118 2 1 0
0.574449 0.237848 0.237848 2 1 0
0.594376 0.23858 0.23858 2 1 0
0.614303 0.239315 0.239315 2 1 0
0.63423 0.240053 0.240053 2 1 0
0.654157 0.240794 0.240794 2 1 0
0.674083 0.241539 0.241539 2 1 0
0.694009 0.242286 0.242286 2 1 0
0.713934 0.243036 0.243036 2 1 0
0.733859 0.24379 0.24379 2 1 0
0.753784 0.244546 0.244546 2 1 0
0.773708 0.245305 0.245305 2 1 0
0.793632 0.246068 0.246068 2 1 0
0.813556 0.246833 0.246833 2 1 0
0.833479 0.247602 0.247602 2 1 0
0.853402 0.248373 0.248373 2 1 0
0.873325 0.249148 0.249148 2 1 0
0.893247 0.249925 0.249925 2 1 0
0.913168 0.250706 0.250706 2 1 0
0.93309 0.25149 0.25149 2 1 0
0.953011 0.252277 0.252277 2 1 0
0.972931 0.253067 0.253067 2 1 0
0.992852 0.25386 0.25386 2 1 0
1.01277 0.254656 0.254656 2 1 0
1.03269 0.255455 0.255455 2 1 0
1.05261 0.256257 0.256257 2 1 0
1.07253 0.257062 0.257062 2 1 0
1.09245 0.257871 0.257871 2 1 0
1.11236 0.258682 0.258682 2 1 0
1.13228 0.259497 0.259497 2 1 0
1.1522 0.260314 0.260314 2 1 0
1.17212 0.261135 0.261135 2 1 0
1.19203 0.261959 0.261959 2 1 0
1.21195 0.262786 0.262786 2 1 0
1.23186 0.263616 0.263616 2 1 0
1.25178 0.264449 0.264449 2 1 0
1.27169 0.265285 0.265285 2 1 0
1.29161 0.266125 0.266125 2 1 0
1.31152 0.266967 0.266967 2 1 0
1.33143 0.267813 0.267813 2 1 0
1.35135 0.268662 0.268662 2 1 0
1.37126 0.269514 0.269514 2 1 0
1.39117 0.270369 0.270369 2 1 0
1.41108 0.271227 0.271227 2 1 0
1.43099 0.272088 0.272088 2 1 0
1.4509 0.272952 0.272952 2 1 0
1.47081 0.27382 0.27382 2 1 0
1.49072 0.27469 0.27469 2 1 0
1.51063 0.275564 0.275564 2 1 0
1.53054 0.276441 0.276441 2 1 0
1.55045 0.277321 0.277321 2 1 0
1.57036 0.278204 0.278204 2 1 0
1.59027 0.27909 0.27909 2 1 0
1.61017 0.27998 0.27998 2 1 0
1.63008 0.280873 0.280873 2 1 0
1.64999 0.281768 0.281768 2 1 0
1.66989 0.282667 0.282667 2 1 0
1.6898 0.283569 0.283569 2 1 0
1.7097 0.284474 0.284474 2 1 0
1.7296 0.285383 0.285383 2 1 0
1.74951 0.286294 0.286294 2 1 0
1.76941 0.287209 0.287209 2 1 0
1.78931 0.288126 0.288126 2 1 0
1.80922 0.289047 0.289047 2 1 0
1.82912 0.289971 0.289971 2 1 0
1.84902 0.290899 0.290899 2 1 0
1.86892 0.291829 0.291829 2 1 0
-2.91604 0.15309 0.15309 4 9 0
-2.91454 0.156641 0.149654 3 9 0
-2.91013 0.160253 0.146383 3 9 0
-2.90316 0.163806 0.143359 3 9 0
-2.89407 0.16727 0.140592 3 9 0
-2.8833 0.17061 0.138076 3 9 0
-2.8712 0.173833 0.135764 3 9 0
-2.85805 0.176916 0.133675 3 9 0
-2.84405 0.179877 0.131765 3 9 0
-2.82939 0.182724 0.130029 3 9 0
-2.81417 0.185466 0.12842 3 9 0
-2.79849 0.188112 0.126934 3 9 0
-2.78244 0.190666 0.125537 3 9 0
-2.76607 0.193139 0.124253 3 9 0
-2.74942 0.195536 0.123057 3 9 0
-2.73254 0.197844 0.12195 3 9 0
-2.71546 0.200101 0.120906 3 9 0
-2.6982 0.202295 0.119927 3 9 0
-2.68078 0.20444 0.119065 3 9 0
-2.66322 0.20652 0.118202 3 9 0
-2.64554 0.208548 0.117391 3 9 0
-2.62775 0.210509 0.116576 3 9 0
-2.60986 0.212448 0.115858 3 9 0
-2.59188 0.214342 0.115183 3 9 0
-2.57382 0.216205 0.114606 3 9 0
-2.55569 0.218014 0.114006 3 9 0
-2.53749 0.219784 0.113441 3 9 0
-2.51922 0.221498 0.112913 3 9 0
-2.5009 0.223192 0.112415 3 9 0
-2.48253 0.224849 0.111947 3 9 0
-2.46411 0.22648 0.111441 3 9 0
-2.44565 0.228068 0.111026 3 9 0
-2.42714 0.229623 0.110637 3 9 0
-2.4086 0.231145 0.110268 3 9 0
-2.39002 0.232636 0.109926 3 9 0
-2.3714 0.234097 0.109608 3 9 0
-2.35276 0.235508 0.109339 3 9 0
-2.33408 0.236909 0.109064 3 9 0
-2.31538 0.238281 0.108809 3 9 0
-2.29665 0.239614 0.108608 3 9 0
-2.2779 0.240931 0.108392 3 9 0
-2.25913 0.242219 0.108195 3 9 0
-2.24033 0.243481 0.107981 3 9 0
-2.22152 0.244716 0.107819 3 9 0
-2.20268 0.245924 0.107675 3 9 0
-2.18383 0.247027 0.107513 3 9 0
-2.16496 0.248187 0.107402 3 9 0
-2.14607 0.249322 0.107308 3 9 0
-2.12717 0.250415 0.107234 3 9 0
-2.10826 0.251501 0.107171 3 9 0
-2.08933 0.252563 0.107124 3 9 0
-2.07039 0.253563 0.107109 3 9 0
-2.05143 0.254561 0.107092 3 9 0
-2.03247 0.255535 0.107089 3 9 0
-2.01349 0.256537 0.107131 3 9 0
-1.9945 0.257466 0.107157 3 9 0
-1.9755 0.258373 0.107198 3 9 0
-1.9565 0.259282 0.107269 3 9 0
-1.93748 0.260143 0.107331 3 9 0
-1.91845 0.260981 0.107406 3 9 0
-1.89942 0.261823 0.107436 3 9 0
-1.88038 0.262618 0.107538 3 9 0
-1.86133 0.26339 0.107654 3 9 0
-1.84228 0.264146 0.10777 3 9 0
-1.82322 0.264874 0.107914 3 9 0
-1.80415 0.265595 0.108071 3 9 0
-1.78507 0.26631 0.108283 3 9 0
-1.766 0.266973 0.108467 3 9 0
-1.74691 0.267615 0.108665 3 9 0
-1.72782 0.268246 0.10891 3 9 0
-1.70873 0.268861 0.109126 3 9 0
-1.68963 0.269455 0.109354 3 9 0
-1.67053 0.270045 0.109536 3 9 0
-1.65142 0.270594 0.109791 3 9 0
-1.63231 0.271121 0.110059 3 9 0
-1.6132 0.271621 0.110329 3 9 0
-1.59408 0.272105 0.110626 3 9 0
-1.57496 0.272566 0.110935 3 9 0
-1.55584 0.272994 0.11128 3 9 0
-1.53672 0.273412 0.111618 3 9 0
-1.5176 0.273808 0.111969 3 9 0
-1.49847 0.274155 0.112392 3 9 0
-1.47934 0.274508 0.112772 3 9 0
-1.46021 0.274838 0.113166 3 9 0
-1.44108 0.275111 0.113504 3 9 0
-1.42195 0.275398 0.113915 3 9 0
-1.40282 0.275662 0.11434 3 9 0
-1.38368 0.275862 0.114758 3 9 0
-1.36455 0.276082 0.115213 3 9 0
-1.34542 0.276279 0.115683 3 9 0
-1.32629 0.276466 0.11616 3 9 0
-1.30716 0.276616 0.116661 3 9 0
-1.28803 0.276743 0.117176 3 9 0
-1.2689 0.276854 0.117717 3 9 0
-1.24977 0.276933 0.118265 3 9 0
-1.23064 0.276987 0.118829 3 9 0
-1.21152 0.277018 0.119446 3 9 0
-1.19239 0.277024 0.120045 3 9 0
-1.17327 0.277006 0.12066 3 9 0
-1.15415 0.276952 0.121338 3 9 0
-1.13504 0.276884 0.121988 3 9 0
-1.11593 0.276791 0.122649 3 9 0
-1.09682 0.276634 0.123303 3 9 0
-1.07771 0.276491 0.123994 3 9 0
-1.05861 0.276323 0.124703 3 9 0
-1.03951 0.276083 0.125411 3 9 0
-1.02042 0.275863 0.126159 3 9 0
-1.00133 0.275617 0.126927 3 9 0
-0.982247 0.275367 0.12768 3 9 0
-0.963169 0.275066 0.128491 3 9 0
-0.944096 0.274737 0.129324 3 9 0
-0.925029 0.274364 0.130176 3 9 0
-0.905969 0.27398 0.131055 3 9 0
-0.886915 0.273568 0.131956 3 9 0
-0.867868 0.27311 0.132914 3 9 0
-0.848828 0.272637 0.133866 3 9 0
-0.829796 0.272135 0.134842 3 9 0
-0.810773 0.271642 0.135845 3 9 0
-0.791757 0.271081 0.136873 3 9 0
-0.772751 0.270491 0.137927 3 9 0
-0.753754 0.269898 0.13899 3 9 0
-0.734766 0.269247 0.140098 3 9 0
-0.715789 0.268566 0.141236 3 9 0
-0.696823 0.267873 0.142424 3 9 0
-0.677868 0.26713 0.143622 3 9 0
-0.658924 0.266355 0.144852 3 9 0
-0.639993 0.265554 0.146138 3 9 0
-0.621075 0.264715 0.147433 3 9 0
-0.60217 0.263844 0.148762 3 9 0
-0.583279 0.262936 0.150161 3 9 0
-0.564403 0.262 0.151561 3 9 0
-0.545542 0.261031 0.152994 3 9 0
-0.526696 0.259995 0.154426 3 9 0
-0.507868 0.258962 0.155923 3 9 0
-0.489056 0.257895 0.157461 3 9 0
-0.470263 0.256814 0.158985 3 9 0
-0.451488 0.255679 0.160611 3 9 0
-0.432733 0.254511 0.162281 3 9 0
-0.413998 0.253296 0.163959 3 9 0
-0.395284 0.252061 0.165725 3 9 0
-0.376593 0.250793 0.16754 3 9 0
-0.357924 0.249484 0.169404 3 9 0
-0.339279 0.248149 0.171324 3 9 0
-0.320659 0.246781 0.173296 3 9 0
-0.302065 0.245375 0.175374 3 9 0
-0.283498 0.243942 0.177458 3 9 0
-0.264958 0.242476 0.1796 3 9 0
-0.246447 0.240967 0.181849 3 9 0
-0.227965 0.23944 0.184109 3 9 0
-0.209515 0.237881 0.186431 3 9 0
-0.191096 0.2363 0.188729 3 9 0
-0.17271 0.23468 0.191174 3 9 0
-0.154359 0.233031 0.193688 3 9 0
-0.136042 0.231364 0.196262 3 9 0
-0.117762 0.22966 0.198918 3 9 0
-0.0995183 0.22793 0.201648 3 9 0
-0.0813132 0.226177 0.204454 3 9 0
-0.0631474 0.224398 0.207336 3 9 0
-0.0450217 0.222597 0.210294 3 9 0
-0.0269371 0.220775 0.21333 3 9 0
-0.00889458 0.218934 0.216448 3 9 0
0.00910506 0.219647 0.217074 3 9 0
0.0270609 0.222912 0.215198 3 9 0
0.0449725 0.226269 0.213307 3 9 0
0.062839 0.229713 0.211402 3 9 0
0.0806596 0.23329 0.209486 3 9 0
0.0984344 0.236917 0.20756 3 9 0
0.116163 0.240632 0.205627 3 9 0
0.133844 0.244396 0.20369 3 9 0
0.151478 0.24829 0.201747 3 9 0
0.169065 0.252276 0.199801 3 9 0
0.186605 0.256286 0.197858 3 9 0
0.204097 0.26042 0.195914 3 9 0
0.221542 0.264638 0.193973 3 9 0
0.23894 0.269128 0.19204 3 9 0
0.25629 0.27355 0.190112 3 9 0
0.273595 0.278057 0.188193 3 9 0
0.290853 0.282699 0.186298 3 9 0
0.308066 0.287385 0.184402 3 9 0
0.325233 0.292154 0.18252 3 9 0
0.342356 0.296981 0.180655 3 9 0
0.359435 0.301901 0.178807 3 9 0
0.37647 0.306894 0.176977 3 9 0
0.393463 0.311871 0.175169 3 9 0
0.410414 0.316987 0.173381 3 9 0
0.427323 0.322164 0.171616 3 9 0
0.444192 0.327555 0.169877 3 9 0
0.46102 0.332868 0.168159 3 9 0
0.477809 0.338378 0.166467 3 9 0
0.494559 0.343998 0.1648 3 9 0
0.511271 0.349505 0.163161 3 9 0
0.527945 0.355244 0.16155 3 9 0
0.544582 0.361123 0.159961 3 9 0
0.561183 0.366813 0.158403 3 9 0
0.577747 0.372606 0.156874 3 9 0
0.594278 0.379248 0.155375 3 9 0
0.610772 0.385188 0.153904 3 9 0
0.627231 0.39116 0.152463 3 9 0
0.643658 0.39717 0.151037 3 9 0
0.660049 0.403195 0.149652 3 9 0
