0 0.18794 0.124198 -0.171066 1.06652 0.135139 0.0815635 
0.01 0.188245 0.125329 -0.174187 1.07439 0.135665 0.0819933 
0.02 0.188538 0.126481 -0.177357 1.08234 0.13619 0.0824303 
0.03 0.188818 0.127656 -0.180573 1.0904 0.136712 0.0828744 
0.04 0.189084 0.128853 -0.183837 1.09855 0.137232 0.0833259 
0.05 0.189337 0.130074 -0.187148 1.1068 0.137749 0.083785 
0.06 0.189576 0.131319 -0.190506 1.11515 0.138264 0.0842518 
0.07 0.189802 0.132589 -0.19391 1.12362 0.138776 0.0847264 
0.08 0.190014 0.133884 -0.19736 1.13219 0.139284 0.0852091 
0.09 0.190212 0.135207 -0.200855 1.14087 0.13979 0.0856999 
0.1 0.190396 0.136556 -0.204396 1.14968 0.140293 0.0861993 
0.11 0.190565 0.137934 -0.207982 1.1586 0.140792 0.0867072 
0.12 0.19072 0.139342 -0.211612 1.16764 0.141288 0.0872239 
0.13 0.190861 0.140779 -0.215286 1.17681 0.141781 0.0877496 
0.14 0.190986 0.142247 -0.219004 1.18611 0.14227 0.0882845 
0.15 0.191097 0.143748 -0.222766 1.19554 0.142755 0.0888289 
0.16 0.191193 0.145282 -0.226571 1.20511 0.143237 0.089383 
0.17 0.191274 0.14685 -0.230418 1.21482 0.143714 0.089947 
0.18 0.19134 0.148454 -0.234308 1.22468 0.144188 0.0905211 
0.19 0.191391 0.150095 -0.238239 1.23469 0.144657 0.0911057 
0.2 0.191426 0.151773 -0.242213 1.24485 0.145122 0.091701 
0.21 0.191446 0.153492 -0.246227 1.25516 0.145583 0.0923073 
0.22 0.191451 0.15525 -0.250283 1.26564 0.14604 0.0929248 
0.23 0.191439 0.157052 -0.254379 1.27629 0.146491 0.0935539 
0.24 0.191412 0.158896 -0.258516 1.28711 0.146939 0.0941949 
0.25 0.19137 0.160787 -0.262693 1.29811 0.147381 0.094848 
0.26 0.191311 0.162724 -0.26691 1.30928 0.147818 0.0955137 
0.27 0.191237 0.16471 -0.271166 1.32065 0.148251 0.0961924 
0.28 0.191147 0.166747 -0.275461 1.33221 0.148678 0.0968842 
0.29 0.191041 0.168837 -0.279796 1.34396 0.1491 0.0975897 
0.3 0.190919 0.170981 -0.284169 1.35592 0.149517 0.0983093 
0.31 0.190781 0.173181 -0.288581 1.36809 0.149928 0.0990433 
0.32 0.190626 0.175441 -0.293031 1.38048 0.150334 0.0997922 
0.33 0.190456 0.177762 -0.29752 1.39309 0.150734 0.100556 
0.34 0.19027 0.180147 -0.302047 1.40592 0.151128 0.101336 
0.35 0.190067 0.182598 -0.306611 1.41899 0.151517 0.102133 
0.36 0.189848 0.185118 -0.311214 1.43231 0.151899 0.102946 
0.37 0.189614 0.18771 -0.315855 1.44587 0.152276 0.103776 
0.38 0.189363 0.190377 -0.320534 1.45969 0.152646 0.104625 
0.39 0.189096 0.193121 -0.325251 1.47377 0.15301 0.105492 
0.4 0.188812 0.195947 -0.330006 1.48812 0.153368 0.106378 
0.41 0.188513 0.198858 -0.334799 1.50275 0.153719 0.107283 
0.42 0.188198 0.201858 -0.33963 1.51767 0.154063 0.108209 
0.43 0.187866 0.204949 -0.3445 1.53288 0.154401 0.109156 
0.44 0.187519 0.208137 -0.349408 1.5484 0.154733 0.110125 
0.45 0.187155 0.211426 -0.354356 1.56423 0.155057 0.111117 
0.46 0.186776 0.214821 -0.359343 1.58037 0.155375 0.112132 
0.47 0.186381 0.218325 -0.364369 1.59685 0.155685 0.113171 
0.48 0.185969 0.221944 -0.369436 1.61366 0.155988 0.114235 
0.49 0.185542 0.225685 -0.374543 1.63082 0.156285 0.115326 
0.5 0.185099 0.229551 -0.379692 1.64833 0.156574 0.116443 
0.51 0.184641 0.233549 -0.384883 1.66622 0.156855 0.117588 
0.52 0.184167 0.237687 -0.390116 1.68447 0.157129 0.118762 
0.53 0.183677 0.241969 -0.395393 1.70311 0.157396 0.119967 
0.54 0.183172 0.246404 -0.400714 1.72215 0.157655 0.121203 
0.55 0.182651 0.250999 -0.40608 1.74159 0.157906 0.122471 
0.56 0.182115 0.255762 -0.411492 1.76144 0.15815 0.123774 
0.57 0.181563 0.260702 -0.416952 1.78171 0.158385 0.125112 
0.58 0.180996 0.265827 -0.42246 1.80242 0.158613 0.126486 
0.59 0.180414 0.271147 -0.428018 1.82357 0.158833 0.127899 
0.6 0.179817 0.276673 -0.433627 1.84517 0.159045 0.129352 
0.61 0.179205 0.282414 -0.439288 1.86723 0.159249 0.130846 
0.62 0.178578 0.288383 -0.445005 1.88975 0.159444 0.132384 
0.63 0.177937 0.294592 -0.450777 1.91276 0.159631 0.133967 
0.64 0.17728 0.301053 -0.456607 1.93624 0.15981 0.135597 
0.65 0.176609 0.307781 -0.462498 1.96021 0.159981 0.137276 
0.66 0.175923 0.31479 -0.46845 1.98467 0.160143 0.139008 
0.67 0.175222 0.322095 -0.474467 2.00964 0.160296 0.140793 
0.68 0.174507 0.329713 -0.480551 2.0351 0.160441 0.142635 
0.69 0.173778 0.337662 -0.486704 2.06106 0.160577 0.144535 
0.7 0.173034 0.34596 -0.492929 2.08752 0.160705 0.146498 
0.71 0.172276 0.354628 -0.49923 2.11448 0.160824 0.148526 
0.72 0.171503 0.363687 -0.50561 2.14193 0.160934 0.150621 
0.73 0.170717 0.373158 -0.512071 2.16986 0.161035 0.152788 
0.74 0.169917 0.383066 -0.518617 2.19825 0.161128 0.15503 
0.75 0.169102 0.393437 -0.525253 2.2271 0.161211 0.15735 
0.76 0.168274 0.404297 -0.531982 2.25638 0.161286 0.159753 
0.77 0.167431 0.415675 -0.538808 2.28605 0.161351 0.162242 
0.78 0.166575 0.4276 -0.545737 2.31609 0.161407 0.164823 
0.79 0.165705 0.440106 -0.552773 2.34646 0.161454 0.1675 
0.8 0.164821 0.453225 -0.55992 2.3771 0.161492 0.170277 
0.81 0.163923 0.466993 -0.567186 2.40796 0.161521 0.17316 
0.82 0.163012 0.481448 -0.574574 2.43896 0.16154 0.176155 
0.83 0.162087 0.496628 -0.582092 2.47001 0.16155 0.179268 
0.84 0.161148 0.512574 -0.589746 2.50103 0.161551 0.182505 
0.85 0.160195 0.529328 -0.597543 2.53189 0.161542 0.185872 
0.86 0.159229 0.546933 -0.605489 2.56246 0.161524 0.189376 
0.87 0.158248 0.565435 -0.613594 2.59259 0.161496 0.193026 
0.88 0.157254 0.584878 -0.621864 2.62209 0.161459 0.196827 
0.89 0.156247 0.605309 -0.630309 2.65076 0.161412 0.200789 
0.9 0.155225 0.626772 -0.638938 2.67836 0.161356 0.20492 
0.91 0.154189 0.649311 -0.647759 2.70462 0.161289 0.209229 
0.92 0.15314 0.672968 -0.656783 2.72925 0.161214 0.213725 
0.93 0.152076 0.697782 -0.666021 2.75187 0.161128 0.218417 
0.94 0.150998 0.723785 -0.675484 2.77212 0.161033 0.223316 
0.95 0.149906 0.751005 -0.685182 2.78954 0.160927 0.22843 
0.96 0.148799 0.779457 -0.695129 2.80365 0.160812 0.233771 
0.97 0.147678 0.809149 -0.705337 2.81389 0.160687 0.239347 
0.98 0.146543 0.840069 -0.715818 2.81967 0.160552 0.24517 
0.99 0.145392 0.872192 -0.726587 2.82032 0.160407 0.251248 
1 0.144227 0.905465 -0.737657 2.81514 0.160252 0.257592 
1.01 0.143046 0.939813 -0.749042 2.80336 0.160086 0.264208 
1.02 0.141851 0.975126 -0.760757 2.78415 0.159911 0.271106 
1.03 0.14064 1.01126 -0.772817 2.75669 0.159725 0.278291 
1.04 0.139413 1.04802 -0.785234 2.72008 0.159529 0.285767 
1.05 0.138171 1.08519 -0.798025 2.67347 0.159323 0.293536 
1.06 0.136912 1.12247 -0.811202 2.616 0.159106 0.301599 
1.07 0.135638 1.15954 -0.82478 2.54688 0.158879 0.309952 
1.08 0.134347 1.19599 -0.838769 2.4654 0.158641 0.318588 
1.09 0.13304 1.23139 -0.853181 2.37099 0.158393 0.327496 
1.1 0.131717 1.26526 -0.868026 2.26325 0.158134 0.33666 
1.11 0.130377 1.29706 -0.883311 2.14202 0.157865 0.34606 
1.12 0.12902 1.32623 -0.899041 2.00737 0.157584 0.35567 
1.13 0.127647 1.35222 -0.915218 1.85972 0.157293 0.36546 
1.14 0.126257 1.37446 -0.931842 1.69978 0.156991 0.375393 
1.15 0.124851 1.39243 -0.948908 1.52864 0.156679 0.385427 
1.16 0.123428 1.40567 -0.966409 1.34769 0.156355 0.395517 
1.17 0.121989 1.41378 -0.984332 1.15868 0.15602 0.405613 
1.18 0.120535 1.41648 -1.00266 0.963573 0.155674 0.415662 
1.19 0.119065 1.41359 -1.02138 0.764574 0.155317 0.425611 
1.2 0.117581 1.40508 -1.04045 0.563989 0.154949 0.435403 
1.21 0.116082 1.39105 -1.05986 0.364154 0.15457 0.444986 
1.22 0.114569 1.37171 -1.07956 0.167342 0.154179 0.454308 
1.23 0.113044 1.3474 -1.09952 -0.0243177 0.153778 0.463319 
1.24 0.111508 1.31857 -1.11971 -0.208922 0.153365 0.471976 
1.25 0.10996 1.28573 -1.14007 -0.384843 0.15294 0.480239 
1.26 0.108404 1.24946 -1.16057 -0.550765 0.152505 0.488075 
1.27 0.106838 1.21034 -1.18115 -0.705702 0.152058 0.495459 
1.28 0.105266 1.16899 -1.20178 -0.848994 0.151601 0.502367 
1.29 0.103688 1.12598 -1.2224 -0.980286 0.151132 0.508787 
1.3 0.102107 1.08188 -1.24296 -1.0995 0.150652 0.514709 
1.31 0.100522 1.0372 -1.26343 -1.20678 0.150161 0.52013 
1.32 0.0989369 0.992382 -1.28375 -1.3025 0.149659 0.525052 
1.33 0.0973522 0.947833 -1.30388 -1.38713 0.149147 0.529479 
1.34 0.0957699 0.903891 -1.32378 -1.46131 0.148623 0.533423 
1.35 0.0941915 0.860837 -1.34341 -1.52572 0.148089 0.536893 
1.36 0.0926188 0.818898 -1.36273 -1.58108 0.147545 0.539907 
1.37 0.0910533 0.778252 -1.38171 -1.62815 0.146991 0.542479 
1.38 0.0894968 0.739031 -1.40032 -1.66766 0.146427 0.544628 
1.39 0.0879508 0.701328 -1.41853 -1.70034 0.145852 0.546373 
1.4 0.0864167 0.665203 -1.43631 -1.72688 0.145269 0.547734 
1.41 0.0848963 0.630687 -1.45363 -1.74793 0.144676 0.548729 
1.42 0.0833907 0.597789 -1.47049 -1.76409 0.144073 0.54938 
1.43 0.0819016 0.566497 -1.48686 -1.77594 0.143462 0.549704 
1.44 0.08043 0.536785 -1.50272 -1.78397 0.142842 0.549722 
1.45 0.0789772 0.508617 -1.51807 -1.78865 0.142214 0.549451 
1.46 0.0775445 0.481944 -1.53288 -1.79042 0.141577 0.548911 
1.47 0.0761328 0.456715 -1.54716 -1.78963 0.140933 0.548118 
1.48 0.0747431 0.432872 -1.5609 -1.78663 0.140282 0.547088 
1.49 0.0733763 0.410354 -1.57408 -1.78173 0.139623 0.545839 
1.5 0.0720332 0.389101 -1.58672 -1.77518 0.138957 0.544384 
1.51 0.0707145 0.369051 -1.5988 -1.76723 0.138284 0.542738 
1.52 0.0694209 0.350141 -1.61034 -1.75808 0.137605 0.540914 
1.53 0.0681529 0.332312 -1.62132 -1.74791 0.136921 0.538926 
1.54 0.066911 0.315505 -1.63175 -1.73689 0.13623 0.536786 
1.55 0.0656956 0.299663 -1.64165 -1.72517 0.135534 0.534504 
1.56 0.064507 0.284732 -1.65101 -1.71286 0.134833 0.532092 
1.57 0.0633455 0.270658 -1.65983 -1.70006 0.134128 0.52956 
1.58 0.0622112 0.257394 -1.66813 -1.68689 0.133418 0.526917 
1.59 0.0611043 0.244889 -1.67592 -1.67341 0.132704 0.524173 
1.6 0.0600248 0.233101 -1.6832 -1.6597 0.131986 0.521335 
1.61 0.0589728 0.221986 -1.68999 -1.64582 0.131265 0.518411 
1.62 0.0579481 0.211505 -1.69628 -1.63182 0.13054 0.515408 
1.63 0.0569507 0.201618 -1.7021 -1.61776 0.129813 0.512335 
1.64 0.0559805 0.192291 -1.70745 -1.60366 0.129083 0.509196 
1.65 0.0550372 0.183491 -1.71234 -1.58956 0.128351 0.505999 
1.66 0.0541206 0.175185 -1.71678 -1.57549 0.127617 0.502748 
1.67 0.0532304 0.167344 -1.72079 -1.56148 0.126881 0.499449 
1.68 0.0523664 0.15994 -1.72438 -1.54755 0.126144 0.496107 
1.69 0.0515282 0.152947 -1.72755 -1.53371 0.125406 0.492727 
1.7 0.0507154 0.146341 -1.73033 -1.51997 0.124667 0.489313 
1.71 0.0499277 0.140098 -1.73271 -1.50636 0.123927 0.485869 
1.72 0.0491647 0.134198 -1.73471 -1.49287 0.123187 0.482399 
1.73 0.048426 0.12862 -1.73635 -1.47952 0.122446 0.478906 
1.74 0.0477111 0.123345 -1.73763 -1.46632 0.121706 0.475394 
1.75 0.0470195 0.118356 -1.73856 -1.45326 0.120967 0.471866 
1.76 0.0463509 0.113636 -1.73916 -1.44035 0.120228 0.468325 
1.77 0.0457048 0.109168 -1.73944 -1.4276 0.119489 0.464773 
1.78 0.0450806 0.10494 -1.7394 -1.41501 0.118752 0.461214 
1.79 0.0444779 0.100937 -1.73906 -1.40257 0.118016 0.457649 
1.8 0.0438963 0.0971454 -1.73843 -1.39029 0.117281 0.45408 
1.81 0.0433352 0.0935544 -1.73752 -1.37816 0.116548 0.450511 
1.82 0.0427942 0.0901521 -1.73634 -1.36619 0.115817 0.446942 
1.83 0.0422727 0.0869281 -1.73489 -1.35437 0.115088 0.443375 
1.84 0.0417703 0.0838723 -1.73319 -1.34271 0.114361 0.439813 
1.85 0.0412866 0.0809754 -1.73125 -1.3312 0.113636 0.436257 
1.86 0.0408209 0.0782286 -1.72907 -1.31983 0.112914 0.432708 
1.87 0.040373 0.0756235 -1.72666 -1.30861 0.112194 0.429168 
1.88 0.0399422 0.0731525 -1.72404 -1.29754 0.111477 0.425638 
1.89 0.0395282 0.0708082 -1.72121 -1.2866 0.110764 0.422119 
1.9 0.0391305 0.0685837 -1.71818 -1.2758 0.110053 0.418612 
1.91 0.0387486 0.0664726 -1.71495 -1.26514 0.109345 0.415118 
1.92 0.0383821 0.0644688 -1.71154 -1.25461 0.108641 0.411639 
1.93 0.0380306 0.0625665 -1.70795 -1.24421 0.10794 0.408175 
1.94 0.0376936 0.0607604 -1.70419 -1.23394 0.107243 0.404727 
1.95 0.0373708 0.0590454 -1.70027 -1.22379 0.106549 0.401296 
1.96 0.0370617 0.0574166 -1.69619 -1.21376 0.105859 0.397883 
1.97 0.036766 0.0558695 -1.69196 -1.20385 0.105173 0.394487 
1.98 0.0364832 0.0543999 -1.68758 -1.19405 0.104491 0.39111 
1.99 0.036213 0.0530038 -1.68306 -1.18437 0.103813 0.387753 
2 0.035955 0.0516774 -1.67842 -1.17479 0.103139 0.384416 
2.01 0.0357088 0.050417 -1.67364 -1.16533 0.102469 0.381098 
2.02 0.0354742 0.0492194 -1.66875 -1.15596 0.101804 0.377802 
2.03 0.0352507 0.0480812 -1.66374 -1.1467 0.101143 0.374527 
2.04 0.035038 0.0469996 -1.65862 -1.13754 0.100486 0.371273 
2.05 0.0348359 0.0459716 -1.65339 -1.12847 0.0998339 0.368042 
2.06 0.0346439 0.0449946 -1.64806 -1.1195 0.0991862 0.364832 
2.07 0.0344618 0.044066 -1.64264 -1.11062 0.098543 0.361645 
2.08 0.0342893 0.0431834 -1.63712 -1.10183 0.0979046 0.35848 
2.09 0.0341261 0.0423446 -1.63152 -1.09313 0.0972708 0.355339 
2.1 0.033972 0.0415473 -1.62583 -1.08451 0.0966417 0.352221 
2.11 0.0338266 0.0407895 -1.62007 -1.07597 0.0960174 0.349126 
2.12 0.0336897 0.0400694 -1.61423 -1.06752 0.0953979 0.346054 
2.13 0.0335611 0.039385 -1.60832 -1.05914 0.0947832 0.343006 
2.14 0.0334404 0.0387347 -1.60234 -1.05084 0.0941734 0.339982 
2.15 0.0333275 0.0381168 -1.5963 -1.04262 0.0935686 0.336981 
2.16 0.0332222 0.0375298 -1.59019 -1.03447 0.0929686 0.334004 
2.17 0.0331241 0.0369721 -1.58403 -1.02639 0.0923736 0.331052 
2.18 0.0330332 0.0364424 -1.57781 -1.01838 0.0917837 0.328123 
2.19 0.0329491 0.0359393 -1.57155 -1.01044 0.0911986 0.325218 
2.2 0.0328717 0.0354617 -1.56523 -1.00256 0.0906187 0.322337 
2.21 0.0328008 0.0350082 -1.55887 -0.994752 0.0900437 0.31948 
2.22 0.0327362 0.0345779 -1.55246 -0.987005 0.0894738 0.316648 
2.23 0.0326778 0.0341695 -1.54601 -0.979319 0.088909 0.313839 
2.24 0.0326252 0.0337821 -1.53953 -0.971694 0.0883492 0.311054 
2.25 0.0325785 0.0334147 -1.53301 -0.964128 0.0877945 0.308294 
2.26 0.0325373 0.0330664 -1.52645 -0.956619 0.0872449 0.305557 
2.27 0.0325016 0.0327363 -1.51987 -0.949167 0.0867003 0.302844 
2.28 0.0324712 0.0324237 -1.51325 -0.941769 0.0861609 0.300155 
2.29 0.0324459 0.0321276 -1.50661 -0.934426 0.0856265 0.297489 
2.3 0.0324257 0.0318473 -1.49994 -0.927135 0.0850973 0.294847 
2.31 0.0324103 0.0315822 -1.49325 -0.919895 0.0845731 0.292229 
2.32 0.0323996 0.0313316 -1.48654 -0.912706 0.084054 0.289634 
2.33 0.0323936 0.0310948 -1.47981 -0.905565 0.08354 0.287063 
2.34 0.032392 0.0308711 -1.47306 -0.898473 0.0830311 0.284515 
2.35 0.0323948 0.0306601 -1.46629 -0.891429 0.0825272 0.28199 
2.36 0.0324018 0.0304612 -1.45951 -0.88443 0.0820284 0.279488 
2.37 0.032413 0.0302737 -1.45272 -0.877476 0.0815347 0.27701 
2.38 0.0324282 0.0300973 -1.44591 -0.870567 0.081046 0.274554 
2.39 0.0324473 0.0299315 -1.43909 -0.863701 0.0805623 0.27212 
2.4 0.0324702 0.0297757 -1.43226 -0.856878 0.0800837 0.26971 
2.41 0.0324969 0.0296296 -1.42543 -0.850096 0.0796101 0.267322 
2.42 0.0325271 0.0294927 -1.41859 -0.843355 0.0791414 0.264956 
2.43 0.032561 0.0293647 -1.41174 -0.836653 0.0786778 0.262612 
2.44 0.0325983 0.0292451 -1.40489 -0.829992 0.0782191 0.260291 
2.45 0.0326389 0.0291337 -1.39803 -0.823368 0.0777654 0.257991 
2.46 0.0326829 0.02903 -1.39118 -0.816782 0.0773166 0.255714 
2.47 0.0327301 0.0289338 -1.38432 -0.810234 0.0768727 0.253458 
2.48 0.0327804 0.0288447 -1.37746 -0.803721 0.0764337 0.251223 
2.49 0.0328338 0.0287625 -1.3706 -0.797244 0.0759996 0.24901 
2.5 0.0328901 0.0286868 -1.36374 -0.790802 0.0755704 0.246818 
2.51 0.0329494 0.0286173 -1.35689 -0.784395 0.075146 0.244647 
2.52 0.0330116 0.0285539 -1.35004 -0.778021 0.0747264 0.242497 
2.53 0.0330766 0.0284963 -1.34319 -0.771681 0.0743117 0.240368 
2.54 0.0331443 0.0284443 -1.33634 -0.765372 0.0739017 0.23826 
2.55 0.0332148 0.0283975 -1.3295 -0.759096 0.0734965 0.236172 
2.56 0.0332878 0.0283559 -1.32267 -0.752851 0.0730961 0.234104 
2.57 0.0333634 0.0283192 -1.31585 -0.746638 0.0727004 0.232057 
2.58 0.0334416 0.0282872 -1.30903 -0.740454 0.0723093 0.23003 
2.59 0.0335222 0.0282597 -1.30222 -0.7343 0.071923 0.228022 
2.6 0.0336053 0.0282365 -1.29541 -0.728176 0.0715413 0.226034 
2.61 0.0336908 0.0282176 -1.28862 -0.72208 0.0711643 0.224066 
2.62 0.0337786 0.0282026 -1.28184 -0.716013 0.0707918 0.222117 
2.63 0.0338687 0.0281915 -1.27506 -0.709974 0.070424 0.220188 
2.64 0.033961 0.0281842 -1.2683 -0.703962 0.0700607 0.218277 
2.65 0.0340556 0.0281804 -1.26155 -0.697977 0.069702 0.216386 
2.66 0.0341524 0.02818 -1.2548 -0.692019 0.0693478 0.214513 
2.67 0.0342513 0.0281829 -1.24807 -0.686087 0.0689981 0.212659 
2.68 0.0343523 0.0281891 -1.24136 -0.680181 0.0686528 0.210824 
2.69 0.0344554 0.0281982 -1.23465 -0.6743 0.0683121 0.209006 
2.7 0.0345605 0.0282104 -1.22796 -0.668444 0.0679757 0.207207 
2.71 0.0346677 0.0282254 -1.22128 -0.662613 0.0676438 0.205426 
2.72 0.0347768 0.0282431 -1.21462 -0.656806 0.0673162 0.203663 
2.73 0.0348879 0.0282635 -1.20797 -0.651023 0.066993 0.201918 
2.74 0.0350009 0.0282864 -1.20133 -0.645263 0.0666741 0.20019 
2.75 0.0351159 0.0283118 -1.19471 -0.639527 0.0663595 0.19848 
2.76 0.0352327 0.0283395 -1.1881 -0.633814 0.0660492 0.196787 
2.77 0.0353513 0.0283695 -1.18151 -0.628123 0.0657431 0.195111 
2.78 0.0354718 0.0284018 -1.17493 -0.622454 0.0654413 0.193452 
2.79 0.0355941 0.0284361 -1.16837 -0.616807 0.0651437 0.19181 
2.8 0.0357182 0.0284726 -1.16183 -0.611182 0.0648503 0.190184 
2.81 0.035844 0.028511 -1.1553 -0.605578 0.0645611 0.188576 
2.82 0.0359716 0.0285513 -1.14879 -0.599995 0.064276 0.186983 
2.83 0.0361009 0.0285936 -1.14229 -0.594432 0.063995 0.185407 
2.84 0.0362319 0.0286376 -1.13581 -0.58889 0.0637181 0.183847 
2.85 0.0363646 0.0286833 -1.12935 -0.583368 0.0634453 0.182303 
2.86 0.036499 0.0287308 -1.12291 -0.577866 0.0631765 0.180774 
2.87 0.0366351 0.0287798 -1.11648 -0.572384 0.0629117 0.179262 
2.88 0.0367728 0.0288305 -1.11007 -0.566921 0.0626509 0.177765 
2.89 0.0369121 0.0288827 -1.10368 -0.561477 0.0623941 0.176283 
2.9 0.0370531 0.0289363 -1.0973 -0.556052 0.0621413 0.174817 
2.91 0.0371957 0.0289915 -1.09094 -0.550646 0.0618924 0.173365 
2.92 0.0373398 0.029048 -1.0846 -0.545258 0.0616473 0.171929 
2.93 0.0374856 0.0291058 -1.07828 -0.539887 0.0614062 0.170508 
2.94 0.0376329 0.029165 -1.07198 -0.534535 0.0611689 0.169101 
2.95 0.0377817 0.0292255 -1.06569 -0.529201 0.0609355 0.167709 
2.96 0.0379322 0.0292872 -1.05943 -0.523884 0.0607058 0.166331 
2.97 0.0380841 0.0293501 -1.05318 -0.518584 0.06048 0.164968 
2.98 0.0382376 0.0294142 -1.04695 -0.513301 0.0602579 0.163619 
2.99 0.0383927 0.0294795 -1.04074 -0.508035 0.0600396 0.162284 
3 0.0385492 0.0295458 -1.03454 -0.502785 0.059825 0.160963 
3.01 0.0387073 0.0296133 -1.02837 -0.497552 0.0596141 0.159655 
3.02 0.0388669 0.0296818 -1.02222 -0.492335 0.0594068 0.158362 
3.03 0.0390279 0.0297513 -1.01608 -0.487134 0.0592033 0.157082 
3.04 0.0391905 0.0298219 -1.00996 -0.481949 0.0590033 0.155815 
3.05 0.0393546 0.0298934 -1.00386 -0.476779 0.058807 0.154562 
3.06 0.0395201 0.0299659 -0.997782 -0.471625 0.0586143 0.153322 
3.07 0.0396871 0.0300393 -0.991721 -0.466486 0.0584251 0.152095 
3.08 0.0398556 0.0301137 -0.985679 -0.461361 0.0582395 0.150881 
3.09 0.0400256 0.0301889 -0.979656 -0.456252 0.0580574 0.149679 
3.1 0.040197 0.030265 -0.973652 -0.451157 0.0578789 0.148491 
3.11 0.0403699 0.030342 -0.967668 -0.446077 0.0577038 0.147315 
3.12 0.0405443 0.0304198 -0.961702 -0.441011 0.0575322 0.146151 
3.13 0.0407201 0.0304984 -0.955755 -0.43596 0.057364 0.145 
3.14 0.0408974 0.0305779 -0.949828 -0.430922 0.0571993 0.143861 
3.15 0.0410762 0.0306581 -0.94392 -0.425898 0.057038 0.142734 
3.16 0.0412564 0.0307391 -0.938031 -0.420888 0.05688 0.14162 
3.17 0.041438 0.0308209 -0.932161 -0.415891 0.0567255 0.140517 
3.18 0.0416212 0.0309034 -0.92631 -0.410908 0.0565743 0.139426 
3.19 0.0418057 0.0309866 -0.920479 -0.405937 0.0564264 0.138346 
3.2 0.0419918 0.0310706 -0.914666 -0.40098 0.0562819 0.137278 
3.21 0.0421793 0.0311553 -0.908873 -0.396036 0.0561406 0.136222 
3.22 0.0423682 0.0312407 -0.903099 -0.391104 0.0560026 0.135177 
3.23 0.0425586 0.0313268 -0.897344 -0.386185 0.0558679 0.134143 
3.24 0.0427505 0.0314136 -0.891608 -0.381278 0.0557364 0.133121 
3.25 0.0429438 0.031501 -0.885892 -0.376383 0.0556082 0.132109 
3.26 0.0431386 0.0315892 -0.880194 -0.371501 0.0554832 0.131109 
3.27 0.0433348 0.0316779 -0.874516 -0.366631 0.0553613 0.130119 
3.28 0.0435326 0.0317673 -0.868856 -0.361772 0.0552426 0.12914 
3.29 0.0437318 0.0318574 -0.863216 -0.356925 0.0551271 0.128171 
3.3 0.0439324 0.0319481 -0.857595 -0.35209 0.0550147 0.127213 
3.31 0.0441346 0.0320394 -0.851993 -0.347266 0.0549054 0.126266 
3.32 0.0443382 0.0321313 -0.846409 -0.342453 0.0547993 0.125329 
3.33 0.0445433 0.0322238 -0.840845 -0.337652 0.0546962 0.124402 
3.34 0.0447499 0.032317 -0.8353 -0.332862 0.0545962 0.123485 
3.35 0.044958 0.0324107 -0.829773 -0.328082 0.0544993 0.122579 
3.36 0.0451676 0.0325051 -0.824266 -0.323313 0.0544054 0.121682 
3.37 0.0453786 0.0326 -0.818777 -0.318555 0.0543145 0.120795 
3.38 0.0455912 0.0326955 -0.813307 -0.313808 0.0542267 0.119918 
3.39 0.0458053 0.0327916 -0.807856 -0.309071 0.0541418 0.11905 
3.4 0.0460209 0.0328883 -0.802424 -0.304344 0.0540599 0.118193 
3.41 0.046238 0.0329856 -0.79701 -0.299627 0.053981 0.117344 
3.42 0.0464567 0.0330834 -0.791615 -0.29492 0.0539051 0.116505 
3.43 0.0466769 0.0331818 -0.786239 -0.290223 0.0538321 0.115676 
3.44 0.0468986 0.0332808 -0.780882 -0.285536 0.053762 0.114856 
3.45 0.0471218 0.0333803 -0.775543 -0.280859 0.0536948 0.114044 
3.46 0.0473466 0.0334805 -0.770223 -0.276191 0.0536305 0.113242 
3.47 0.047573 0.0335811 -0.764921 -0.271533 0.0535691 0.112449 
3.48 0.0478009 0.0336823 -0.759638 -0.266884 0.0535106 0.111665 
3.49 0.0480304 0.0337841 -0.754373 -0.262244 0.0534549 0.110889 
3.5 0.0482615 0.0338864 -0.749126 -0.257613 0.0534021 0.110123 
3.51 0.0484941 0.0339893 -0.743898 -0.252991 0.0533521 0.109365 
3.52 0.0487284 0.0340928 -0.738689 -0.248378 0.0533049 0.108615 
3.53 0.0489642 0.0341968 -0.733498 -0.243774 0.0532605 0.107874 
3.54 0.0492016 0.0343013 -0.728325 -0.239178 0.053219 0.107142 
3.55 0.0494406 0.0344064 -0.72317 -0.234591 0.0531802 0.106417 
3.56 0.0496813 0.034512 -0.718033 -0.230013 0.0531442 0.105701 
3.57 0.0499236 0.0346182 -0.712915 -0.225442 0.0531109 0.104994 
3.58 0.0501675 0.034725 -0.707815 -0.22088 0.0530804 0.104294 
3.59 0.0504131 0.0348323 -0.702733 -0.216326 0.0530527 0.103602 
3.6 0.0506603 0.0349402 -0.697669 -0.21178 0.0530276 0.102918 
3.61 0.0509092 0.0350486 -0.692623 -0.207242 0.0530053 0.102243 
3.62 0.0511597 0.0351575 -0.687595 -0.202712 0.0529857 0.101575 
3.63 0.051412 0.0352671 -0.682585 -0.198189 0.0529688 0.100914 
3.64 0.0516659 0.0353771 -0.677593 -0.193674 0.0529546 0.100262 
3.65 0.0519215 0.0354878 -0.672619 -0.189167 0.052943 0.0996165 
3.66 0.0521788 0.035599 -0.667663 -0.184666 0.0529341 0.098979 
3.67 0.0524378 0.0357107 -0.662724 -0.180173 0.0529279 0.0983489 
3.68 0.0526986 0.035823 -0.657804 -0.175688 0.0529243 0.0977262 
3.69 0.0529611 0.0359359 -0.652901 -0.171209 0.0529234 0.0971108 
3.7 0.0532253 0.0360493 -0.648015 -0.166737 0.0529251 0.0965027 
3.71 0.0534913 0.0361634 -0.643148 -0.162273 0.0529294 0.0959017 
3.72 0.0537591 0.0362779 -0.638298 -0.157815 0.0529363 0.0953079 
3.73 0.0540286 0.0363931 -0.633466 -0.153363 0.0529458 0.0947211 
3.74 0.0542999 0.0365088 -0.628651 -0.148919 0.052958 0.0941413 
3.75 0.054573 0.0366251 -0.623855 -0.14448 0.0529727 0.0935684 
3.76 0.054848 0.036742 -0.619075 -0.140049 0.05299 0.0930024 
3.77 0.0551247 0.0368595 -0.614313 -0.135623 0.0530098 0.0924432 
3.78 0.0554033 0.0369775 -0.609569 -0.131204 0.0530323 0.0918907 
3.79 0.0556837 0.0370962 -0.604842 -0.126791 0.0530573 0.0913449 
3.8 0.0559659 0.0372154 -0.600132 -0.122383 0.0530848 0.0908057 
3.81 0.0562501 0.0373352 -0.59544 -0.117982 0.0531149 0.0902731 
3.82 0.0565361 0.0374557 -0.590765 -0.113587 0.0531475 0.0897469 
3.83 0.0568239 0.0375767 -0.586108 -0.109197 0.0531827 0.0892272 
3.84 0.0571137 0.0376983 -0.581468 -0.104813 0.0532203 0.0887139 
3.85 0.0574054 0.0378206 -0.576845 -0.100434 0.0532605 0.0882069 
3.86 0.057699 0.0379434 -0.572239 -0.0960613 0.0533032 0.0877062 
3.87 0.0579946 0.0380669 -0.567651 -0.0916937 0.0533484 0.0872116 
3.88 0.0582921 0.038191 -0.56308 -0.0873313 0.0533961 0.0867232 
3.89 0.0585915 0.0383157 -0.558526 -0.0829741 0.0534463 0.086241 
3.9 0.0588929 0.0384411 -0.553989 -0.078622 0.053499 0.0857647 
3.91 0.0591963 0.038567 -0.54947 -0.0742749 0.0535542 0.0852945 
3.92 0.0595017 0.0386937 -0.544967 -0.0699327 0.0536119 0.0848302 
3.93 0.0598091 0.0388209 -0.540482 -0.0655954 0.053672 0.0843717 
3.94 0.0601186 0.0389488 -0.536014 -0.0612628 0.0537346 0.0839191 
3.95 0.06043 0.0390774 -0.531563 -0.0569349 0.0537997 0.0834723 
3.96 0.0607435 0.0392066 -0.527129 -0.0526115 0.0538672 0.0830312 
3.97 0.0610591 0.0393365 -0.522713 -0.0482926 0.0539372 0.0825958 
3.98 0.0613767 0.039467 -0.518313 -0.0439781 0.0540097 0.082166 
3.99 0.0616965 0.0395982 -0.51393 -0.0396679 0.0540846 0.0817418 
4 0.0620183 0.0397301 -0.509565 -0.0353619 0.0541619 0.0813231 
4.01 0.0623422 0.0398627 -0.505216 -0.03106 0.0542417 0.0809099 
4.02 0.0626683 0.0399959 -0.500885 -0.0267622 0.0543239 0.0805022 
4.03 0.0629965 0.0401299 -0.49657 -0.0224683 0.0544086 0.0800998 
4.04 0.0633269 0.0402645 -0.492273 -0.0181783 0.0544957 0.0797027 
4.05 0.0636594 0.0403999 -0.487992 -0.0138921 0.0545852 0.079311 
4.06 0.0639941 0.0405359 -0.483729 -0.00960956 0.0546772 0.0789245 
4.07 0.0643311 0.0406727 -0.479483 -0.00533064 0.0547715 0.0785432 
4.08 0.0646702 0.0408102 -0.475253 -0.00105524 0.0548683 0.0781671 
4.09 0.0650115 0.0409485 -0.471041 0.00321671 0.0549676 0.0777961 
4.1 0.0653551 0.0410874 -0.466846 0.00748532 0.0550692 0.0774301 
4.11 0.065701 0.0412271 -0.462668 0.0117507 0.0551733 0.0770692 
4.12 0.0660491 0.0413676 -0.458506 0.0160128 0.0552798 0.0767133 
4.13 0.0663995 0.0415088 -0.454362 0.0202719 0.0553887 0.0763623 
4.14 0.0667522 0.0416507 -0.450235 0.0245279 0.0555 0.0760162 
4.15 0.0671072 0.0417935 -0.446125 0.028781 0.0556137 0.0756749 
4.16 0.0674645 0.041937 -0.442032 0.0330313 0.0557299 0.0753385 
4.17 0.0678242 0.0420813 -0.437956 0.0372788 0.0558484 0.0750069 
4.18 0.0681862 0.0422263 -0.433898 0.0415236 0.0559694 0.07468 
4.19 0.0685506 0.0423722 -0.429856 0.0457658 0.0560927 0.0743578 
4.2 0.0689174 0.0425189 -0.425832 0.0500055 0.0562185 0.0740403 
4.21 0.0692866 0.0426664 -0.421824 0.0542428 0.0563467 0.0737274 
4.22 0.0696582 0.0428147 -0.417834 0.0584778 0.0564773 0.073419 
4.23 0.0700322 0.0429638 -0.413861 0.0627105 0.0566103 0.0731153 
4.24 0.0704087 0.0431137 -0.409906 0.066941 0.0567458 0.072816 
4.25 0.0707876 0.0432645 -0.405967 0.0711694 0.0568836 0.0725212 
4.26 0.0711691 0.0434162 -0.402046 0.0753958 0.0570238 0.0722309 
4.27 0.071553 0.0435687 -0.398142 0.0796203 0.0571665 0.0719449 
4.28 0.0719394 0.0437221 -0.394256 0.0838429 0.0573116 0.0716633 
4.29 0.0723283 0.0438763 -0.390387 0.0880638 0.0574591 0.0713861 
4.3 0.0727198 0.0440314 -0.386535 0.092283 0.057609 0.0711131 
4.31 0.0731139 0.0441874 -0.382701 0.0965006 0.0577613 0.0708444 
4.32 0.0735105 0.0443444 -0.378884 0.100717 0.057916 0.07058 
4.33 0.0739096 0.0445022 -0.375085 0.104931 0.0580732 0.0703197 
4.34 0.0743114 0.0446609 -0.371304 0.109145 0.0582327 0.0700636 
4.35 0.0747158 0.0448206 -0.36754 0.113357 0.0583947 0.0698116 
4.36 0.0751228 0.0449812 -0.363794 0.117568 0.0585592 0.0695638 
4.37 0.0755325 0.0451427 -0.360065 0.121778 0.058726 0.06932 
4.38 0.0759448 0.0453052 -0.356354 0.125986 0.0588953 0.0690802 
4.39 0.0763599 0.0454687 -0.352661 0.130194 0.059067 0.0688445 
4.4 0.0767775 0.0456331 -0.348986 0.134401 0.0592412 0.0686127 
4.41 0.0771979 0.0457986 -0.345329 0.138608 0.0594177 0.0683849 
4.42 0.0776211 0.045965 -0.34169 0.142813 0.0595968 0.068161 
4.43 0.0780469 0.0461324 -0.338069 0.147018 0.0597782 0.0679409 
4.44 0.0784755 0.0463008 -0.334466 0.151223 0.0599621 0.0677248 
4.45 0.0789069 0.0464703 -0.330881 0.155427 0.0601485 0.0675124 
4.46 0.079341 0.0466408 -0.327315 0.15963 0.0603373 0.0673039 
4.47 0.079778 0.0468123 -0.323767 0.163834 0.0605286 0.0670992 
4.48 0.0802177 0.0469849 -0.320237 0.168037 0.0607223 0.0668982 
4.49 0.0806603 0.0471586 -0.316726 0.17224 0.0609185 0.0667009 
4.5 0.0811057 0.0473334 -0.313233 0.176443 0.0611171 0.0665073 
4.51 0.081554 0.0475092 -0.309759 0.180647 0.0613183 0.0663174 
4.52 0.0820051 0.0476862 -0.306304 0.18485 0.0615218 0.0661312 
4.53 0.0824591 0.0478642 -0.302867 0.189054 0.0617279 0.0659485 
4.54 0.082916 0.0480434 -0.29945 0.193258 0.0619365 0.0657695 
4.55 0.0833758 0.0482237 -0.296051 0.197462 0.0621475 0.065594 
4.56 0.0838385 0.0484052 -0.292671 0.201667 0.062361 0.065422 
4.57 0.0843042 0.0485879 -0.289311 0.205873 0.0625771 0.0652536 
4.58 0.0847728 0.0487717 -0.28597 0.210079 0.0627956 0.0650887 
4.59 0.0852443 0.0489567 -0.282648 0.214286 0.0630166 0.0649273 
4.6 0.0857189 0.0491429 -0.279345 0.218494 0.0632401 0.0647693 
4.61 0.0861964 0.0493303 -0.276063 0.222703 0.0634662 0.0646148 
4.62 0.0866769 0.049519 -0.272799 0.226912 0.0636947 0.0644636 
4.63 0.0871604 0.0497089 -0.269556 0.231123 0.0639258 0.0643158 
4.64 0.087647 0.0499001 -0.266333 0.235335 0.0641594 0.0641715 
4.65 0.0881366 0.0500925 -0.263129 0.239549 0.0643956 0.0640304 
4.66 0.0886292 0.0502862 -0.259946 0.243764 0.0646343 0.0638927 
4.67 0.0891249 0.0504812 -0.256783 0.24798 0.0648755 0.0637583 
4.68 0.0896236 0.0506776 -0.25364 0.252198 0.0651192 0.0636271 
4.69 0.0901254 0.0508752 -0.250518 0.256417 0.0653656 0.0634993 
4.7 0.0906304 0.0510742 -0.247417 0.260638 0.0656144 0.0633747 
4.71 0.0911384 0.0512746 -0.244336 0.264861 0.0658659 0.0632533 
4.72 0.0916495 0.0514763 -0.241276 0.269086 0.0661199 0.0631351 
4.73 0.0921637 0.0516795 -0.238237 0.273313 0.0663765 0.0630201 
4.74 0.0926811 0.051884 -0.23522 0.277542 0.0666356 0.0629083 
4.75 0.0932016 0.05209 -0.232223 0.281774 0.0668974 0.0627996 
4.76 0.0937252 0.0522974 -0.229249 0.286007 0.0671617 0.0626941 
4.77 0.094252 0.0525062 -0.226296 0.290243 0.0674287 0.0625917 
4.78 0.0947819 0.0527166 -0.223364 0.294481 0.0676982 0.0624924 
4.79 0.095315 0.0529284 -0.220455 0.298722 0.0679703 0.0623961 
4.8 0.0958513 0.0531417 -0.217567 0.302966 0.0682451 0.062303 
4.81 0.0963907 0.0533566 -0.214702 0.307213 0.0685225 0.0622129 
4.82 0.0969333 0.053573 -0.21186 0.311462 0.0688025 0.0621259 
4.83 0.0974791 0.053791 -0.20904 0.315714 0.0690851 0.0620418 
4.84 0.0980281 0.0540105 -0.206242 0.319969 0.0693703 0.0619608 
4.85 0.0985803 0.0542317 -0.203468 0.324228 0.0696582 0.0618828 
4.86 0.0991356 0.0544545 -0.200717 0.328489 0.0699488 0.0618078 
4.87 0.0996942 0.0546789 -0.197989 0.332755 0.070242 0.0617358 
4.88 0.100256 0.054905 -0.195285 0.337023 0.0705378 0.0616667 
4.89 0.100821 0.0551327 -0.192604 0.341295 0.0708363 0.0616005 
4.9 0.101389 0.0553622 -0.189947 0.345571 0.0711375 0.0615373 
4.91 0.10196 0.0555934 -0.187314 0.34985 0.0714414 0.061477 
4.92 0.102535 0.0558263 -0.184706 0.354134 0.0717479 0.0614196 
4.93 0.103113 0.056061 -0.182122 0.358421 0.0720571 0.0613651 
4.94 0.103694 0.0562975 -0.179563 0.362713 0.072369 0.0613135 
4.95 0.104278 0.0565358 -0.177028 0.367008 0.0726836 0.0612648 
4.96 0.104865 0.0567759 -0.174519 0.371308 0.0730009 0.061219 
4.97 0.105456 0.0570178 -0.172035 0.375613 0.0733209 0.061176 
4.98 0.106049 0.0572617 -0.169576 0.379922 0.0736436 0.0611358 
4.99 0.106646 0.0575074 -0.167144 0.384235 0.073969 0.0610985 
5 0.107246 0.0577551 -0.164737 0.388554 0.0742971 0.061064 
5.01 0.107849 0.0580047 -0.162357 0.392877 0.074628 0.0610323 
5.02 0.108456 0.0582563 -0.160002 0.397205 0.0749616 0.0610034 
5.03 0.109065 0.0585099 -0.157675 0.401539 0.0752979 0.0609773 
5.04 0.109678 0.0587656 -0.155375 0.405877 0.0756369 0.0609541 
5.05 0.110293 0.0590232 -0.153101 0.410221 0.0759787 0.0609336 
5.06 0.110912 0.059283 -0.150855 0.414571 0.0763232 0.0609159 
5.07 0.111534 0.0595449 -0.148637 0.418926 0.0766705 0.0609009 
5.08 0.112159 0.0598089 -0.146447 0.423287 0.0770205 0.0608887 
5.09 0.112787 0.060075 -0.144285 0.427653 0.0773732 0.0608793 
5.1 0.113418 0.0603434 -0.142151 0.432026 0.0777287 0.0608726 
5.11 0.114052 0.060614 -0.140046 0.436405 0.078087 0.0608687 
5.12 0.114689 0.0608868 -0.13797 0.44079 0.078448 0.0608676 
5.13 0.115329 0.0611619 -0.135923 0.445181 0.0788118 0.0608691 
5.14 0.115971 0.0614393 -0.133905 0.449579 0.0791784 0.0608734 
5.15 0.116617 0.0617191 -0.131918 0.453984 0.0795477 0.0608804 
5.16 0.117266 0.0620012 -0.12996 0.458395 0.0799198 0.0608902 
5.17 0.117917 0.0622857 -0.128033 0.462814 0.0802946 0.0609026 
5.18 0.118572 0.0625727 -0.126136 0.467239 0.0806722 0.0609178 
5.19 0.119229 0.0628622 -0.12427 0.471672 0.0810526 0.0609357 
5.2 0.119889 0.0631541 -0.122436 0.476112 0.0814358 0.0609564 
5.21 0.120552 0.0634486 -0.120633 0.48056 0.0818217 0.0609797 
5.22 0.121217 0.0637457 -0.118861 0.485016 0.0822104 0.0610057 
5.23 0.121885 0.0640453 -0.117122 0.489479 0.0826018 0.0610345 
5.24 0.122556 0.0643477 -0.115415 0.49395 0.082996 0.061066 
5.25 0.123229 0.0646527 -0.113741 0.49843 0.083393 0.0611001 
5.26 0.123905 0.0649604 -0.1121 0.502918 0.0837928 0.061137 
5.27 0.124584 0.0652709 -0.110492 0.507415 0.0841953 0.0611766 
5.28 0.125264 0.0655842 -0.108917 0.51192 0.0846005 0.0612189 
5.29 0.125948 0.0659004 -0.107377 0.516434 0.0850085 0.0612639 
5.3 0.126633 0.0662194 -0.105871 0.520958 0.0854193 0.0613116 
5.31 0.127321 0.0665414 -0.104399 0.52549 0.0858328 0.0613621 
5.32 0.128011 0.0668663 -0.102962 0.530032 0.0862491 0.0614152 
5.33 0.128704 0.0671943 -0.101561 0.534584 0.0866681 0.0614711 
5.34 0.129398 0.0675253 -0.100195 0.539146 0.0870898 0.0615297 
5.35 0.130095 0.0678594 -0.0988644 0.543718 0.0875142 0.061591 
5.36 0.130794 0.0681966 -0.0975703 0.548299 0.0879414 0.0616551 
5.37 0.131495 0.0685371 -0.0963128 0.552892 0.0883713 0.0617218 
5.38 0.132197 0.0688808 -0.095092 0.557495 0.0888039 0.0617914 
5.39 0.132902 0.0692277 -0.0939085 0.562109 0.0892391 0.0618636 
5.4 0.133608 0.0695781 -0.0927624 0.566734 0.0896771 0.0619386 
5.41 0.134316 0.0699318 -0.0916542 0.571371 0.0901178 0.0620164 
5.42 0.135025 0.070289 -0.0905841 0.576019 0.0905611 0.0620969 
5.43 0.135736 0.0706496 -0.0895526 0.580679 0.091007 0.0621803 
5.44 0.136449 0.0710138 -0.0885598 0.585351 0.0914556 0.0622663 
5.45 0.137163 0.0713817 -0.0876063 0.590035 0.0919069 0.0623552 
5.46 0.137878 0.0717532 -0.0866923 0.594732 0.0923607 0.0624469 
5.47 0.138594 0.0721284 -0.0858181 0.599442 0.0928172 0.0625413 
5.48 0.139312 0.0725074 -0.0849842 0.604165 0.0932763 0.0626386 
5.49 0.140031 0.0728902 -0.0841907 0.608902 0.0937379 0.0627387 
5.5 0.14075 0.073277 -0.0834382 0.613652 0.0942021 0.0628417 
5.51 0.141471 0.0736677 -0.0827269 0.618416 0.0946689 0.0629474 
5.52 0.142192 0.0740624 -0.0820571 0.623194 0.0951382 0.0630561 
5.53 0.142914 0.0744613 -0.0814292 0.627987 0.09561 0.0631676 
5.54 0.143636 0.0748643 -0.0808435 0.632794 0.0960842 0.0632819 
5.55 0.144359 0.0752715 -0.0803003 0.637617 0.096561 0.0633992 
5.56 0.145082 0.0756831 -0.0798001 0.642455 0.0970402 0.0635194 
5.57 0.145806 0.076099 -0.0793431 0.647309 0.0975218 0.0636425 
5.58 0.146529 0.0765194 -0.0789296 0.65218 0.0980059 0.0637685 
5.59 0.147253 0.0769443 -0.0785601 0.657067 0.0984923 0.0638975 
5.6 0.147977 0.0773738 -0.0782347 0.66197 0.0989811 0.0640295 
5.61 0.1487 0.077808 -0.0779538 0.666891 0.0994722 0.0641644 
5.62 0.149423 0.078247 -0.0777178 0.67183 0.0999656 0.0643023 
5.63 0.150145 0.0786908 -0.077527 0.676786 0.100461 0.0644433 
5.64 0.150867 0.0791395 -0.0773816 0.681761 0.100959 0.0645873 
5.65 0.151588 0.0795932 -0.0772821 0.686755 0.101459 0.0647344 
5.66 0.152308 0.0800521 -0.0772286 0.691768 0.101962 0.0648845 
5.67 0.153027 0.0805161 -0.0772216 0.696801 0.102466 0.0650377 
5.68 0.153745 0.0809855 -0.0772612 0.701853 0.102973 0.0651941 
5.69 0.154462 0.0814602 -0.0773478 0.706927 0.103482 0.0653536 
5.7 0.155177 0.0819404 -0.0774818 0.712021 0.103993 0.0655162 
5.71 0.155891 0.0824262 -0.0776633 0.717137 0.104506 0.065682 
5.72 0.156603 0.0829177 -0.0778927 0.722274 0.10502 0.0658511 
5.73 0.157313 0.083415 -0.0781702 0.727434 0.105537 0.0660234 
5.74 0.158021 0.0839181 -0.078496 0.732617 0.106056 0.0661989 
5.75 0.158726 0.0844273 -0.0788706 0.737824 0.106576 0.0663778 
5.76 0.15943 0.0849427 -0.0792941 0.743055 0.107099 0.0665599 
5.77 0.16013 0.0854642 -0.0797667 0.74831 0.107623 0.0667454 
5.78 0.160829 0.0859921 -0.0802888 0.753591 0.108149 0.0669343 
5.79 0.161524 0.0865265 -0.0808605 0.758897 0.108677 0.0671266 
5.8 0.162216 0.0870676 -0.0814822 0.764229 0.109206 0.0673223 
5.81 0.162905 0.0876153 -0.0821539 0.769589 0.109737 0.0675215 
5.82 0.16359 0.08817 -0.0828759 0.774976 0.110269 0.0677242 
5.83 0.164272 0.0887316 -0.0836485 0.780392 0.110803 0.0679304 
5.84 0.164951 0.0893004 -0.0844718 0.785836 0.111339 0.0681403 
5.85 0.165625 0.0898765 -0.085346 0.79131 0.111875 0.0683537 
5.86 0.166295 0.0904601 -0.0862713 0.796815 0.112414 0.0685707 
5.87 0.166961 0.0910512 -0.0872479 0.80235 0.112953 0.0687915 
5.88 0.167622 0.0916501 -0.0882759 0.807917 0.113494 0.0690159 
5.89 0.168279 0.092257 -0.0893554 0.813517 0.114036 0.0692442 
5.9 0.16893 0.0928719 -0.0904868 0.819151 0.114579 0.0694762 
5.91 0.169577 0.0934951 -0.0916699 0.824818 0.115123 0.0697121 
5.92 0.170218 0.0941267 -0.0929051 0.830521 0.115668 0.0699519 
5.93 0.170854 0.0947669 -0.0941923 0.83626 0.116214 0.0701956 
5.94 0.171484 0.0954159 -0.0955317 0.842035 0.11676 0.0704433 
5.95 0.172109 0.0960739 -0.0969235 0.847849 0.117308 0.0706951 
5.96 0.172727 0.0967411 -0.0983675 0.8537 0.117856 0.0709509 
5.97 0.173339 0.0974177 -0.099864 0.859592 0.118405 0.0712109 
5.98 0.173944 0.0981039 -0.101413 0.865524 0.118955 0.0714751 
5.99 0.174543 0.0987999 -0.103015 0.871498 0.119505 0.0717435 
6 0.175135 0.099506 -0.104669 0.877515 0.120056 0.0720162 
6.01 0.17572 0.100222 -0.106375 0.883575 0.120607 0.0722933 
6.02 0.176297 0.100949 -0.108135 0.889681 0.121158 0.0725748 
6.03 0.176867 0.101687 -0.109946 0.895832 0.121709 0.0728608 
6.04 0.177429 0.102435 -0.111811 0.902031 0.122261 0.0731514 
6.05 0.177983 0.103195 -0.113728 0.908278 0.122813 0.0734465 
6.06 0.178529 0.103967 -0.115697 0.914575 0.123365 0.0737464 
6.07 0.179067 0.10475 -0.117719 0.920923 0.123916 0.0740509 
6.08 0.179596 0.105545 -0.119793 0.927324 0.124467 0.0743604 
6.09 0.180116 0.106353 -0.12192 0.933778 0.125019 0.0746747 
6.1 0.180627 0.107174 -0.124099 0.940287 0.125569 0.074994 
6.11 0.181129 0.108007 -0.126329 0.946853 0.12612 0.0753183 
6.12 0.181622 0.108854 -0.128612 0.953477 0.12667 0.0756478 
6.13 0.182105 0.109715 -0.130947 0.96016 0.127219 0.0759825 
6.14 0.182578 0.110589 -0.133333 0.966905 0.127767 0.0763224 
6.15 0.183041 0.111478 -0.135771 0.973712 0.128315 0.0766678 
6.16 0.183493 0.112382 -0.138261 0.980584 0.128862 0.0770187 
6.17 0.183936 0.113301 -0.140801 0.987522 0.129408 0.0773751 
6.18 0.184367 0.114235 -0.143393 0.994529 0.129952 0.0777372 
6.19 0.184788 0.115186 -0.146035 1.0016 0.130496 0.0781051 
6.2 0.185198 0.116153 -0.148728 1.00875 0.131038 0.0784789 
6.21 0.185596 0.117137 -0.151471 1.01597 0.131579 0.0788586 
6.22 0.185983 0.118138 -0.154265 1.02327 0.132118 0.0792445 
6.23 0.186358 0.119157 -0.157108 1.03064 0.132656 0.0796365 
6.24 0.186721 0.120194 -0.160001 1.0381 0.133192 0.0800349 
6.25 0.187073 0.12125 -0.162943 1.04563 0.133727 0.0804397 
6.26 0.187412 0.122325 -0.165934 1.05325 0.134259 0.0808512 
6.27 0.187739 0.12342 -0.168974 1.06096 0.13479 0.0812693 
6.28 0.188053 0.124536 -0.172063 1.06876 0.135318 0.0816942 
