-1.55 0.0327 0.1926
-1.5510050251256282 0.0327 0.1927
-1.5520100502512564 0.0327 0.1927
-1.5530150753768845 0.0327 0.1927
-1.5540201005025127 0.0327 0.1927
-1.5550251256281407 0.0327 0.1927
-1.5560301507537688 0.0327 0.1927
-1.557035175879397 0.0327 0.1928
-1.5580402010050252 0.0327 0.1928
-1.5590452261306533 0.0327 0.1928
-1.5600502512562815 0.0327 0.1928
-1.5610552763819097 0.0327 0.1928
-1.5620603015075378 0.0327 0.1928
-1.5630653266331658 0.0328 0.1929
-1.564070351758794 0.0328 0.1929
-1.565075376884422 0.0328 0.1929
-1.5660804020100503 0.0328 0.1929
-1.5670854271356784 0.0328 0.1929
-1.5680904522613066 0.0328 0.1929
-1.5690954773869348 0.0328 0.1929
-1.570100502512563 0.0328 0.193
-1.571105527638191 0.0328 0.193
-1.572110552763819 0.0328 0.193
-1.5731155778894472 0.0328 0.193
-1.5741206030150754 0.0328 0.193
-1.5751256281407036 0.0328 0.193
-1.5761306532663317 0.0329 0.193
-1.57713567839196 0.0329 0.1931
-1.578140703517588 0.0329 0.1931
-1.5791457286432162 0.0329 0.1931
-1.5801507537688442 0.0329 0.1931
-1.5811557788944723 0.0329 0.1931
-1.5821608040201005 0.0329 0.1931
-1.5831658291457287 0.0329 0.1931
-1.5841708542713568 0.0329 0.1931
-1.585175879396985 0.0329 0.1932
-1.5861809045226132 0.0329 0.1932
-1.5871859296482413 0.0329 0.1932
-1.5881909547738693 0.033 0.1932
-1.5891959798994975 0.033 0.1932
-1.5902010050251256 0.033 0.1932
-1.5912060301507538 0.033 0.1932
-1.592211055276382 0.033 0.1932
-1.5932160804020101 0.033 0.1933
-1.5942211055276383 0.033 0.1932 0.1933
-1.5952261306532665 0.0329 0.0332 0.1926 0.1927 0.1938
-1.5962311557788944 0.0327 0.0334 0.1918 0.1945
-1.5972361809045226 0.0326 0.0335 0.1913 0.1948
-1.5982412060301507 0.0325 0.0337 0.1908 0.1951
-1.599246231155779 0.0325 0.0338 0.1904 0.1953
-1.600251256281407 0.0324 0.0339 0.19   0.1955
-1.6012562814070352 0.0324 0.0339 0.1896 0.1957
-1.6022613065326634 0.0323 0.034  0.1893 0.1958
-1.6032663316582916 0.0323 0.0341 0.1889 0.1959
-1.6042713567839195 0.0323 0.0342 0.1886 0.196 
-1.6052763819095477 0.0322 0.0342 0.1883 0.1961
-1.6062814070351759 0.0322 0.0343 0.188  0.1962
-1.607286432160804 0.0322 0.0344 0.1878 0.1963
-1.6082914572864322 0.0322 0.0344 0.1875 0.1964
-1.6092964824120604 0.0322 0.0345 0.1872 0.1965
-1.6103015075376885 0.0321 0.0346 0.1869 0.1965
-1.6113065326633167 0.0321 0.0346 0.1867 0.1966
-1.6123115577889449 0.0321 0.0347 0.1864 0.1967
-1.6133165829145728 0.0321 0.0347 0.1862 0.1967
-1.614321608040201 0.0321 0.0348 0.1859 0.1968
-1.6153266331658291 0.0321 0.0349 0.1857 0.1968
-1.6163316582914573 0.032  0.0349 0.1855 0.1969
-1.6173366834170855 0.032 0.035 0.1852 0.1969
-1.6183417085427136 0.032 0.035 0.185 0.197
-1.6193467336683418 0.032  0.0351 0.1848 0.197 
-1.62035175879397 0.032  0.0351 0.1845 0.1971
-1.6213567839195981 0.032  0.0352 0.1843 0.1971
-1.622361809045226 0.032  0.0352 0.1841 0.1971
-1.6233668341708543 0.032  0.0353 0.1839 0.1972
-1.6243718592964824 0.0319 0.0353 0.1836 0.1972
-1.6253768844221106 0.0319 0.0354 0.1834 0.1972
-1.6263819095477388 0.0319 0.0354 0.1832 0.1973
-1.627386934673367 0.0319 0.0355 0.183  0.1973
-1.628391959798995 0.0319 0.0355 0.1828 0.1973
-1.629396984924623 0.0319 0.0355 0.1826 0.1974
-1.6304020100502512 0.0319 0.0356 0.1824 0.1974
-1.6314070351758794 0.0319 0.0356 0.1821 0.1974
-1.6324120603015075 0.0319 0.0357 0.1819 0.1974
-1.6334170854271357 0.0319 0.0357 0.1817 0.1975
-1.6344221105527639 0.0319 0.0358 0.1815 0.1975
-1.635427135678392 0.0319 0.0358 0.1813 0.1975
-1.6364321608040202 0.0318 0.0319 0.0357 0.036  0.18   0.1823 0.1974 0.1976
-1.6374371859296484 0.0318 0.032  0.0355 0.0362 0.1789 0.1833 0.1973 0.1977
-1.6384422110552763 0.0317 0.032  0.0354 0.0363 0.1781 0.1839 0.1973 0.1977
-1.6394472361809045 0.0317 0.032  0.0354 0.0364 0.1775 0.1844 0.1972 0.1977
-1.6404522613065327 0.0317 0.032  0.0353 0.0365 0.1769 0.1848 0.1972 0.1977
-1.6414572864321608 0.0317 0.0321 0.0353 0.0365 0.1764 0.1851 0.1971 0.1978
-1.642462311557789 0.0317 0.0321 0.0352 0.0366 0.176  0.1854 0.1971 0.1978
-1.6434673366834172 0.0317 0.0321 0.0352 0.0367 0.1755 0.1857 0.1971 0.1978
-1.6444723618090453 0.0317 0.032  0.0322 0.035  0.0354 0.0366 0.0368 0.1745 0.1762 0.1846 0.1868 0.1969 0.1972 0.1977 0.1979
-1.6454773869346735 0.0316 0.0317 0.032  0.0322 0.0323 0.0349 0.035  0.0354 0.0356 0.0365
 0.0366 0.0369 0.1738 0.1741 0.176  0.1767 0.1835 0.1845 0.187  0.1874 0.1968 0.1969
 0.1972 0.1973 0.1976 0.1977 0.1979
-1.6464824120603017 0.0316 0.0317 0.0319 0.032  0.0321 0.0322 0.0323 0.0348 0.0349 0.035
 0.0351 0.0352 0.0353 0.0355 0.0356 0.0358 0.0359 0.0364 0.0365 0.0366
 0.0367 0.0368 0.0369 0.037  0.1731 0.1734 0.1736 0.1737 0.1739 0.1741 0.1745 0.1747 0.1749 0.175
 0.1751 0.1754 0.1755 0.176  0.1761 0.1762 0.1765 0.1767 0.1773 0.1774
 0.1776 0.1818 0.1821 0.1822 0.1832 0.1835 0.1839 0.184  0.1843 0.185
 0.1851 0.1855 0.1856 0.1858 0.186  0.1862 0.1867 0.187  0.1871 0.1873
 0.1874 0.1876 0.1879 0.188  0.1967 0.1968 0.1969 0.197  0.1971 0.1972
 0.1973 0.1974 0.1975 0.1976 0.1977 0.1978 0.1979 0.198 
-1.6474874371859296 0.0316 0.0317 0.0318 0.0319 0.032  0.0321 0.0322 0.0323 0.0324 0.0347
 0.0348 0.0349 0.035  0.0351 0.0352 0.0353 0.0354 0.0355 0.0356 0.0357
 0.0358 0.0359 0.0361 0.0362 0.0363 0.0364 0.0365 0.0366 0.0367 0.0368
 0.0369 0.037  0.0371 0.1723 0.1724 0.1725 0.1727 0.1732 0.1733 0.1734 0.1735 0.1739 0.1743
 0.1744 0.1745 0.1751 0.1753 0.1756 0.1758 0.176  0.1761 0.1763 0.1767
 0.1768 0.1771 0.1773 0.1774 0.1776 0.1782 0.1783 0.1784 0.1787 0.1788
 0.1789 0.1791 0.1793 0.1794 0.1799 0.18   0.1801 0.1802 0.1803 0.1813
 0.1817 0.1818 0.1822 0.1827 0.1828 0.1834 0.1837 0.1838 0.1842 0.1844
 0.1848 0.1852 0.1861 0.1862 0.1863 0.1868 0.1873 0.1874 0.1875 0.1876
 0.1877 0.1882 0.1884 0.1885 0.1886 0.1887 0.1966 0.1967 0.1968 0.1969
 0.197  0.1972 0.1973 0.1974 0.1975 0.1976 0.1977 0.1978 0.1979 0.198 
-1.6484924623115578 0.0316 0.0317 0.0318 0.0319 0.032  0.0321 0.0323 0.0324 0.0325 0.0346
 0.0347 0.0348 0.035  0.0352 0.0353 0.0354 0.0355 0.0356 0.0357 0.0358
 0.0359 0.036  0.0361 0.0362 0.0363 0.0364 0.0365 0.0366 0.0367 0.0368
 0.0369 0.037  0.0371 0.0372 0.1715 0.1716 0.1718 0.1721 0.1722 0.1723 0.1726 0.1728 0.1733 0.1744
 0.1747 0.1748 0.175  0.1752 0.1756 0.1758 0.1763 0.1766 0.1767 0.1769
 0.1774 0.1775 0.1776 0.1778 0.178  0.1781 0.1783 0.1784 0.1785 0.1792
 0.1794 0.1795 0.1796 0.18   0.1801 0.1802 0.1804 0.1806 0.1808 0.1809
 0.1811 0.1813 0.1821 0.1825 0.1826 0.183  0.1831 0.1838 0.1841 0.1848
 0.185  0.1854 0.1859 0.1873 0.1879 0.1881 0.1884 0.1886 0.1887 0.189
 0.1892 0.1893 0.1965 0.1966 0.1967 0.1968 0.1971 0.1972 0.1973 0.1974
 0.1975 0.1976 0.1977 0.1978 0.1979 0.198 
-1.649497487437186 0.0316 0.0317 0.0318 0.0319 0.032  0.0321 0.0322 0.0323 0.0324 0.0325
 0.0326 0.0344 0.0345 0.0346 0.0347 0.0348 0.0349 0.035  0.0351 0.0352
 0.0353 0.0354 0.0356 0.0357 0.0358 0.0359 0.036  0.0361 0.0362 0.0363
 0.0364 0.0365 0.0366 0.0367 0.0368 0.0369 0.037  0.0371 0.0372 0.0373 0.1706 0.1708 0.1709 0.1711 0.1712 0.1713 0.1716 0.1718 0.1719 0.1724
 0.1725 0.1728 0.1732 0.1737 0.1741 0.1744 0.1746 0.1751 0.1756 0.1759
 0.1761 0.1763 0.1771 0.1773 0.1778 0.1782 0.1785 0.1786 0.1787 0.1788
 0.179  0.1793 0.1794 0.18   0.1802 0.1807 0.1808 0.181  0.1813 0.1815
 0.1818 0.182  0.1824 0.1826 0.1831 0.1833 0.1838 0.1846 0.1853 0.1856
 0.186  0.1865 0.1871 0.1877 0.188  0.1881 0.1887 0.1889 0.189  0.1893
 0.1895 0.1897 0.1898 0.19   0.1963 0.1964 0.1965 0.1966 0.1967 0.1968
 0.1969 0.197  0.1971 0.1972 0.1973 0.1974 0.1976 0.1977 0.1978 0.1979
 0.198  0.1981
-1.650502512562814 0.0316 0.032  0.0321 0.0327 0.0328 0.0343 0.0353 0.0354 0.0374 0.0375 0.1695 0.1698 0.1844 0.1853 0.1906 0.1909 0.1961 0.1962 0.1964 0.1966
 0.1981
-1.6515075376884423 0.0315 0.0316 0.0317 0.0319 0.032  0.0321 0.0322 0.0323 0.0324 0.0327
 0.0328 0.0329 0.0341 0.0342 0.0343 0.0344 0.0347 0.0348 0.0349 0.035
 0.0351 0.0352 0.0353 0.0354 0.0355 0.0356 0.0359 0.036  0.0366 0.0369
 0.037  0.0371 0.0372 0.0374 0.0375 0.0376 0.1686 0.1687 0.1689 0.169  0.1691 0.1692 0.1695 0.1696 0.1697 0.1698
 0.1699 0.1717 0.1723 0.1724 0.1728 0.1738 0.1739 0.174  0.1741 0.1743
 0.1765 0.1767 0.1812 0.1815 0.1834 0.1836 0.1839 0.1841 0.1843 0.1846
 0.1852 0.1854 0.1855 0.1857 0.1859 0.186  0.1861 0.1865 0.1871 0.1872
 0.1873 0.1875 0.1877 0.1878 0.1879 0.1885 0.1886 0.1904 0.1905 0.1906
 0.1907 0.191  0.1911 0.1913 0.1914 0.1915 0.1959 0.196  0.1961 0.1962
 0.1963 0.1964 0.1966 0.1967 0.1968 0.1969 0.1971 0.1972 0.1975 0.1976
 0.1977 0.1978 0.1979 0.198  0.1981 0.1982
-1.6525125628140704 0.0315 0.0316 0.0317 0.0318 0.0319 0.032  0.0321 0.0322 0.0323 0.0324
 0.0325 0.0328 0.0329 0.033  0.0331 0.034  0.0341 0.0342 0.0343 0.0345
 0.0346 0.0347 0.0348 0.0349 0.0351 0.0352 0.0353 0.0354 0.0355 0.0358
 0.036  0.0361 0.0362 0.0363 0.0364 0.0365 0.0366 0.0367 0.0368 0.0369
 0.037  0.0372 0.0373 0.0374 0.0375 0.0376 0.0377 0.1676 0.1678 0.1679 0.1681 0.1682 0.1688 0.1691 0.1692 0.1708 0.171
 0.1714 0.172  0.1735 0.174  0.1741 0.1744 0.1746 0.1757 0.1763 0.1764
 0.1766 0.1772 0.1776 0.1782 0.1789 0.179  0.1791 0.1798 0.1809 0.1812
 0.1814 0.1815 0.1826 0.1844 0.1848 0.1852 0.1853 0.186  0.1863 0.1879
 0.188  0.1881 0.1883 0.1887 0.1888 0.189  0.1891 0.1893 0.1895 0.1908
 0.191  0.1912 0.1917 0.1918 0.1919 0.192  0.1922 0.1955 0.1956 0.1957
 0.1958 0.1959 0.196  0.1961 0.1962 0.1964 0.1965 0.1966 0.1967 0.1968
 0.1971 0.1972 0.1973 0.1974 0.1975 0.1976 0.1977 0.1978 0.1979 0.198
 0.1981 0.1982
-1.6535175879396986 0.0315 0.0316 0.0317 0.0318 0.0319 0.032  0.0321 0.0322 0.0323 0.0325
 0.0326 0.0327 0.0328 0.0329 0.0332 0.0333 0.0339 0.034  0.0341 0.0342
 0.0343 0.0344 0.0345 0.0346 0.035  0.0351 0.0352 0.0353 0.0354 0.0355
 0.0356 0.0357 0.0358 0.0359 0.0362 0.0364 0.0366 0.0368 0.0371 0.0374
 0.0375 0.0376 0.0378 0.1665 0.1667 0.1668 0.1671 0.1683 0.1684 0.1686 0.1691 0.1692 0.1693
 0.1695 0.1698 0.1703 0.1708 0.1732 0.1759 0.1774 0.178  0.1787 0.1799
 0.1817 0.1818 0.1819 0.1824 0.1832 0.1833 0.1837 0.1841 0.1844 0.1845
 0.1846 0.1853 0.1862 0.1863 0.1868 0.187  0.1871 0.1873 0.1892 0.1897
 0.1901 0.1902 0.1903 0.1905 0.1906 0.1907 0.1908 0.1909 0.1911 0.1913
 0.1915 0.1916 0.1924 0.1926 0.1927 0.1928 0.1929 0.1948 0.1949 0.195
 0.1952 0.1953 0.1955 0.1956 0.1957 0.196  0.1961 0.1962 0.1963 0.1964
 0.1965 0.1966 0.1967 0.1969 0.197  0.1971 0.1973 0.1975 0.1977 0.1978
 0.1979 0.198  0.1981 0.1982
-1.6545226130653266 0.0315 0.0316 0.0317 0.0318 0.0319 0.032  0.0321 0.0322 0.0323 0.0324
 0.0326 0.0327 0.0328 0.0329 0.033  0.0331 0.0332 0.0333 0.0334 0.0335
 0.0337 0.0338 0.0339 0.034  0.0341 0.0342 0.0343 0.0344 0.0345 0.0348
 0.035  0.0351 0.0352 0.0353 0.0355 0.0356 0.0357 0.0359 0.036  0.0363
 0.0364 0.0365 0.0366 0.0368 0.0369 0.0372 0.0375 0.0376 0.0377 0.0378
 0.0379 0.038  0.1654 0.1657 0.1659 0.166  0.1662 0.1663 0.1664 0.1668 0.1678 0.1681
 0.1682 0.1683 0.169  0.1692 0.1693 0.1697 0.1725 0.1746 0.1756 0.177
 0.1779 0.1785 0.179  0.1813 0.1819 0.1829 0.183  0.1833 0.1838 0.1843
 0.1852 0.186  0.1865 0.1867 0.187  0.1871 0.1872 0.1881 0.1896 0.1901
 0.1903 0.1905 0.1906 0.1908 0.1911 0.1914 0.1915 0.1917 0.1918 0.1923
 0.1925 0.1926 0.1928 0.1929 0.1931 0.1932 0.1933 0.1934 0.1935 0.1939
 0.1942 0.1943 0.1944 0.1947 0.1948 0.1949 0.1951 0.1952 0.1953 0.1954
 0.1955 0.1956 0.1958 0.1959 0.196  0.1961 0.1962 0.1963 0.1964 0.1966
 0.1967 0.1968 0.1969 0.197  0.1973 0.1975 0.1977 0.1978 0.1979 0.198
 0.1981 0.1982 0.1983
-1.6555276381909547 0.0315 0.0316 0.0317 0.0318 0.0319 0.032  0.0321 0.0322 0.0323 0.0324
 0.0325 0.0328 0.0329 0.033  0.0331 0.0333 0.0334 0.0336 0.0337 0.0338
 0.0339 0.034  0.0341 0.0342 0.0343 0.0346 0.0347 0.0348 0.0349 0.035
 0.0351 0.0352 0.0354 0.0355 0.0356 0.0359 0.036  0.0363 0.0367 0.0368
 0.037  0.0372 0.0373 0.0374 0.0376 0.0378 0.0379 0.038  0.0381 0.1642 0.1643 0.1644 0.1645 0.1646 0.166  0.1665 0.1685 0.1686 0.1708
 0.1715 0.1717 0.1722 0.1741 0.1752 0.1757 0.1765 0.1796 0.1812 0.1823
 0.1843 0.1845 0.1848 0.1849 0.185  0.1851 0.1852 0.1862 0.1864 0.187
 0.1871 0.1877 0.1879 0.188  0.1886 0.1888 0.189  0.1892 0.191  0.1911
 0.1914 0.1915 0.1917 0.1919 0.1921 0.1922 0.1927 0.1928 0.1929 0.193
 0.1931 0.1932 0.1939 0.194  0.1941 0.1945 0.1946 0.1947 0.1948 0.1949
 0.195  0.1951 0.1955 0.1956 0.1957 0.1958 0.196  0.1961 0.1962 0.1964
 0.1965 0.1966 0.1968 0.1969 0.1973 0.1974 0.1975 0.1976 0.1977 0.1978
 0.1979 0.198  0.1981 0.1982 0.1983
-1.6565326633165829 0.0314 0.0315 0.0316 0.0317 0.0318 0.0319 0.032  0.0321 0.0322 0.0323
 0.0324 0.0325 0.0326 0.0327 0.0328 0.0329 0.033  0.0331 0.0332 0.0333
 0.0334 0.0335 0.0336 0.0337 0.0338 0.0339 0.034  0.0341 0.0342 0.0343
 0.0345 0.0346 0.0347 0.0348 0.0349 0.035  0.0352 0.0353 0.0354 0.0357
 0.0359 0.036  0.0361 0.0362 0.0363 0.0364 0.0365 0.0367 0.0368 0.0369
 0.037  0.0371 0.0372 0.0373 0.0374 0.0375 0.0376 0.0377 0.0378 0.0379
 0.038  0.0381 0.0382 0.1636 0.1637 0.1638 0.1642 0.1653 0.166  0.1664 0.1671 0.1674 0.1681
 0.1693 0.1699 0.1703 0.1709 0.1715 0.1723 0.173  0.1734 0.1743 0.1751
 0.1755 0.1756 0.176  0.1762 0.1764 0.1777 0.1782 0.1785 0.1793 0.1798
 0.1802 0.1809 0.1813 0.1819 0.1831 0.1834 0.185  0.1857 0.1858 0.1864
 0.1866 0.1876 0.1878 0.1882 0.1885 0.1891 0.1892 0.1896 0.1897 0.1903
 0.1908 0.1913 0.1914 0.1915 0.1919 0.1921 0.1923 0.1924 0.1926 0.1929
 0.193  0.1931 0.1934 0.194  0.1941 0.1943 0.1944 0.1945 0.1946 0.1948
 0.1949 0.195  0.1951 0.1953 0.1954 0.1955 0.1956 0.1957 0.1958 0.1959
 0.196  0.1962 0.1963 0.1965 0.1966 0.1967 0.1968 0.1969 0.197  0.1971
 0.1972 0.1973 0.1974 0.1975 0.1976 0.1977 0.1978 0.1979 0.198  0.1981
 0.1982 0.1983
-1.657537688442211 0.0314 0.0315 0.0316 0.0317 0.0318 0.0319 0.032  0.0321 0.0322 0.0323
 0.0325 0.0326 0.0327 0.0328 0.0329 0.033  0.0331 0.0332 0.0333 0.0334
 0.0335 0.0337 0.0338 0.0339 0.034  0.0341 0.0342 0.0343 0.0344 0.0345
 0.0346 0.0349 0.035  0.0351 0.0352 0.0353 0.0354 0.0355 0.0356 0.0357
 0.036  0.0361 0.0363 0.0364 0.0369 0.0372 0.0373 0.0376 0.0377 0.0378
 0.0379 0.038  0.0381 0.0382 0.0383 0.0384 0.1617 0.1618 0.1621 0.1627 0.163  0.1645 0.1646 0.1652 0.1653 0.1654
 0.1665 0.1669 0.1675 0.1679 0.169  0.1717 0.1724 0.173  0.175  0.1787
 0.1789 0.1792 0.1805 0.1811 0.1816 0.1817 0.1835 0.1839 0.1847 0.1849
 0.1853 0.1859 0.1863 0.1865 0.1867 0.1873 0.1878 0.1891 0.1899 0.19
 0.1903 0.1904 0.1905 0.1909 0.191  0.1912 0.1914 0.1916 0.1917 0.1919
 0.1922 0.1925 0.1927 0.1928 0.1929 0.193  0.1931 0.1933 0.1934 0.1935
 0.1938 0.1941 0.1942 0.1943 0.1945 0.1946 0.1947 0.1948 0.1949 0.195
 0.1951 0.1952 0.1954 0.1956 0.1957 0.1958 0.1959 0.196  0.1961 0.1963
 0.1964 0.1965 0.1966 0.1969 0.197  0.1971 0.1972 0.1975 0.1979 0.198
 0.1981 0.1982 0.1983 0.1984
-1.6585427135678392 0.0314 0.0315 0.0316 0.0317 0.0318 0.0319 0.032  0.0321 0.0322 0.0323
 0.0324 0.0325 0.0326 0.0327 0.0328 0.0329 0.033  0.0331 0.0332 0.0333
 0.0334 0.0335 0.0336 0.0337 0.0339 0.034  0.0341 0.0342 0.0343 0.0344
 0.0345 0.0346 0.0347 0.0348 0.0349 0.0351 0.0354 0.0356 0.0357 0.0358
 0.0359 0.036  0.0361 0.0362 0.0364 0.0365 0.0369 0.037  0.0372 0.0376
 0.0377 0.0378 0.0379 0.0381 0.0383 0.0384 0.0385 0.1603 0.1605 0.1612 0.1613 0.1619 0.1625 0.1628 0.1643 0.1647 0.1661
 0.1672 0.1674 0.1675 0.1683 0.1684 0.1694 0.1726 0.1729 0.1744 0.1745
 0.1749 0.1752 0.1777 0.1784 0.1785 0.18   0.1803 0.1809 0.1814 0.1823
 0.1824 0.1826 0.1831 0.1837 0.1842 0.1853 0.1857 0.1868 0.1869 0.1876
 0.1877 0.1881 0.1891 0.1892 0.1893 0.1898 0.1899 0.1902 0.1903 0.1908
 0.1909 0.1911 0.1916 0.1917 0.1918 0.1923 0.1925 0.1926 0.1927 0.1932
 0.1933 0.1935 0.1936 0.1937 0.1938 0.1939 0.194  0.1941 0.1942 0.1943
 0.1944 0.1945 0.1946 0.1947 0.1948 0.195  0.1951 0.1952 0.1953 0.1954
 0.1955 0.1956 0.1957 0.1958 0.1959 0.196  0.1961 0.1962 0.1964 0.1965
 0.1966 0.1967 0.197  0.1971 0.1972 0.1973 0.1975 0.1976 0.1979 0.198
 0.1981 0.1982 0.1983 0.1984
-1.6595477386934674 0.0314 0.0315 0.0316 0.0317 0.0318 0.0319 0.032  0.0321 0.0322 0.0323
 0.0324 0.0325 0.0326 0.0328 0.0329 0.033  0.0331 0.0332 0.0333 0.0335
 0.0336 0.034  0.0341 0.0342 0.0344 0.0346 0.0347 0.0348 0.0349 0.035
 0.0351 0.0352 0.0353 0.0354 0.0355 0.0356 0.0357 0.0358 0.0359 0.0363
 0.0365 0.0368 0.037  0.0371 0.0372 0.0374 0.0375 0.0376 0.0377 0.0379
 0.0382 0.0383 0.0384 0.0385 0.0386 0.1589 0.1591 0.1592 0.1593 0.1595 0.1597 0.1598 0.1603 0.1606 0.161
 0.1611 0.1612 0.1627 0.1628 0.1629 0.1633 0.1666 0.1668 0.1683 0.1692
 0.1697 0.1711 0.1724 0.1727 0.1733 0.1734 0.1738 0.1742 0.1755 0.178
 0.1797 0.1825 0.1826 0.1834 0.1839 0.1841 0.1851 0.1852 0.1854 0.1855
 0.1857 0.1858 0.1861 0.1862 0.1867 0.1868 0.1869 0.1875 0.1877 0.1883
 0.1886 0.1889 0.1891 0.1892 0.1893 0.1898 0.1907 0.1915 0.1916 0.1918
 0.1921 0.1922 0.1923 0.1938 0.1939 0.194  0.1941 0.1942 0.1943 0.1944
 0.1946 0.1947 0.1948 0.1949 0.195  0.1954 0.1955 0.1956 0.1957 0.1958
 0.196  0.1961 0.1962 0.1963 0.1964 0.1965 0.1967 0.1968 0.1971 0.1972
 0.1973 0.1974 0.1975 0.1976 0.1977 0.1978 0.1979 0.198  0.1982 0.1983
 0.1984
-1.6605527638190956 0.0313 0.0314 0.0315 0.0316 0.0317 0.0318 0.0319 0.032  0.0321 0.0322
 0.0323 0.0324 0.0325 0.0326 0.0327 0.0328 0.0329 0.033  0.0331 0.0332
 0.0333 0.0334 0.0335 0.0337 0.0338 0.0339 0.0341 0.0342 0.0343 0.0344
 0.0345 0.0346 0.0347 0.0348 0.0349 0.035  0.0351 0.0352 0.0353 0.0355
 0.0356 0.0358 0.0359 0.036  0.0361 0.0363 0.0366 0.0367 0.0369 0.037
 0.0372 0.0376 0.0378 0.0379 0.038  0.0382 0.0383 0.0384 0.0385 0.0386
 0.0387 0.0388 0.1572 0.1573 0.1577 0.1588 0.1597 0.1602 0.1606 0.161  0.1613 0.1618
 0.1619 0.1622 0.1625 0.164  0.1651 0.1664 0.1672 0.1674 0.1676 0.1687
 0.173  0.1742 0.1745 0.1753 0.1763 0.1773 0.1796 0.1797 0.1807 0.1811
 0.1812 0.1813 0.1814 0.1815 0.182  0.1823 0.1828 0.1844 0.1845 0.1848
 0.1858 0.1863 0.1867 0.1876 0.1878 0.1883 0.1891 0.1893 0.1895 0.1897
 0.1902 0.1903 0.1905 0.1909 0.1912 0.1913 0.1915 0.1916 0.192  0.1923
 0.1925 0.1932 0.1933 0.1934 0.1938 0.1939 0.194  0.1941 0.1943 0.1944
 0.1945 0.1946 0.1947 0.1948 0.1949 0.195  0.1951 0.1952 0.1953 0.1954
 0.1955 0.1956 0.1958 0.196  0.1961 0.1962 0.1963 0.1964 0.1965 0.1967
 0.1968 0.197  0.1971 0.1973 0.1974 0.1975 0.1976 0.1977 0.1978 0.1979
 0.198  0.1981 0.1982 0.1983 0.1984 0.1985
-1.6615577889447237 0.0313 0.0314 0.0315 0.0316 0.0317 0.0318 0.0319 0.032  0.0321 0.0322
 0.0323 0.0324 0.0325 0.0326 0.0327 0.0328 0.0329 0.033  0.0331 0.0332
 0.0333 0.0334 0.0335 0.0336 0.0337 0.0338 0.0339 0.034  0.0341 0.0343
 0.0344 0.0345 0.0346 0.0347 0.0348 0.0349 0.0351 0.0352 0.0355 0.0356
 0.0357 0.0358 0.0359 0.0361 0.0362 0.0363 0.0364 0.0365 0.0367 0.0368
 0.037  0.0374 0.0375 0.0376 0.0377 0.0378 0.0381 0.0382 0.0383 0.0385
 0.0387 0.0389 0.039  0.1556 0.1563 0.1566 0.1569 0.1581 0.1584 0.1606 0.1627 0.1637 0.164
 0.1641 0.1648 0.1675 0.1678 0.1686 0.1687 0.1694 0.1699 0.1702 0.1709
 0.1711 0.1743 0.1748 0.1761 0.1762 0.1769 0.1784 0.1785 0.1787 0.1789
 0.1791 0.1792 0.18   0.1803 0.1804 0.1815 0.1823 0.1829 0.1831 0.1832
 0.1839 0.1845 0.1862 0.1872 0.1874 0.1883 0.1885 0.1887 0.1889 0.1893
 0.1901 0.1902 0.1909 0.191  0.1912 0.1917 0.1923 0.1929 0.193  0.1931
 0.1932 0.1933 0.1934 0.1936 0.1937 0.1938 0.1939 0.194  0.1942 0.1943
 0.1944 0.1946 0.1949 0.195  0.1951 0.1952 0.1953 0.1954 0.1956 0.1961
 0.1962 0.1964 0.1965 0.1966 0.1967 0.1969 0.197  0.1971 0.1972 0.1975
 0.1976 0.1977 0.1979 0.198  0.1981 0.1982 0.1983 0.1984 0.1985
-1.662562814070352 0.0313 0.0314 0.0315 0.0316 0.0317 0.0318 0.032  0.0321 0.0322 0.0323
 0.0324 0.0325 0.0326 0.0327 0.0328 0.0329 0.033  0.0331 0.0332 0.0333
 0.0334 0.0336 0.0337 0.0339 0.034  0.0341 0.0342 0.0344 0.0346 0.0347
 0.0348 0.0349 0.035  0.0351 0.0352 0.0353 0.0355 0.0357 0.0358 0.0359
 0.0362 0.0363 0.0365 0.0369 0.0371 0.0372 0.0373 0.0374 0.0375 0.0376
 0.0378 0.0379 0.038  0.0381 0.0382 0.0383 0.0384 0.0385 0.0386 0.0387
 0.0388 0.0389 0.039  0.0391 0.1538 0.1544 0.1549 0.1554 0.1562 0.1569 0.157  0.1586 0.1599 0.1601
 0.1609 0.1613 0.1626 0.1627 0.1631 0.1634 0.1651 0.166  0.1664 0.1677
 0.1696 0.1702 0.1706 0.1711 0.1717 0.1728 0.1735 0.1752 0.1754 0.1781
 0.1783 0.1789 0.1796 0.1801 0.1803 0.1826 0.1828 0.1831 0.184  0.1846
 0.186  0.1862 0.1867 0.1868 0.1869 0.187  0.1872 0.1873 0.1876 0.1881
 0.1882 0.1889 0.189  0.1893 0.1897 0.1905 0.1909 0.1917 0.1918 0.1919
 0.1921 0.1924 0.1926 0.1927 0.1928 0.1929 0.1931 0.1933 0.1938 0.1941
 0.1942 0.1943 0.1944 0.1945 0.1946 0.1949 0.195  0.1951 0.1952 0.1954
 0.1955 0.1956 0.1957 0.1958 0.1959 0.196  0.1961 0.1962 0.1963 0.1966
 0.1967 0.1968 0.1969 0.197  0.1971 0.1973 0.1974 0.1975 0.1976 0.1977
 0.1978 0.198  0.1981 0.1982 0.1983 0.1984 0.1985
-1.6635678391959798 0.0313 0.0314 0.0315 0.0316 0.0317 0.0318 0.0319 0.032  0.0321 0.0322
 0.0323 0.0324 0.0325 0.0326 0.0327 0.0328 0.0329 0.033  0.0331 0.0332
 0.0333 0.0334 0.0335 0.0336 0.0337 0.0338 0.0339 0.034  0.0341 0.0342
 0.0344 0.0345 0.0347 0.0349 0.0351 0.0352 0.0353 0.0354 0.0356 0.0358
 0.0361 0.0362 0.0363 0.0364 0.0365 0.0369 0.0373 0.0374 0.0377 0.0379
 0.038  0.0381 0.0382 0.0385 0.0386 0.0387 0.0388 0.0389 0.0392 0.1526 0.1527 0.1533 0.1566 0.157  0.1572 0.1573 0.1581 0.159  0.1595
 0.161  0.1633 0.1636 0.1639 0.164  0.1641 0.1649 0.165  0.1656 0.1659
 0.1666 0.1688 0.1711 0.1723 0.1749 0.1782 0.1791 0.1793 0.1795 0.1803
 0.1809 0.1812 0.1832 0.1845 0.1852 0.1855 0.1865 0.1866 0.1867 0.1872
 0.1882 0.1892 0.1894 0.1896 0.1903 0.1905 0.1916 0.1918 0.1919 0.192
 0.1921 0.1922 0.1923 0.1926 0.1928 0.1931 0.1932 0.1933 0.1934 0.1935
 0.1936 0.1937 0.1938 0.1939 0.194  0.1941 0.1942 0.1943 0.1945 0.1946
 0.1947 0.1951 0.1952 0.1953 0.1955 0.1956 0.1957 0.1958 0.1959 0.196
 0.1961 0.1963 0.1965 0.1967 0.1968 0.197  0.1971 0.1972 0.1974 0.1976
 0.1977 0.1978 0.1979 0.198  0.1981 0.1982 0.1983 0.1984 0.1985 0.1986
-1.664572864321608 0.0298 0.031  0.0312 0.0313 0.0314 0.0315 0.0316 0.0317 0.0318 0.0319
 0.032  0.0321 0.0322 0.0324 0.0325 0.0326 0.0327 0.0328 0.0329 0.033
 0.0331 0.0333 0.0334 0.0335 0.0336 0.0337 0.0339 0.0341 0.0343 0.0344
 0.0345 0.0346 0.0349 0.035  0.0352 0.0353 0.0354 0.0357 0.0358 0.0359
 0.0361 0.0362 0.0363 0.0365 0.0366 0.0367 0.0368 0.0369 0.037  0.0371
 0.0372 0.0375 0.0376 0.0378 0.0379 0.038  0.0381 0.0383 0.0384 0.0385
 0.0388 0.0389 0.039  0.0391 0.0392 0.0394 0.0395 0.0402 0.0435 0.0959 0.1402 0.1487 0.1501 0.1507 0.1524 0.1525 0.1532 0.1541 0.1547
 0.155  0.1555 0.1562 0.1573 0.1581 0.1612 0.1617 0.1625 0.1632 0.1655
 0.1656 0.1671 0.1676 0.1695 0.17   0.171  0.1711 0.1716 0.1725 0.1735
 0.1739 0.1747 0.1749 0.1753 0.1764 0.1773 0.1777 0.1783 0.1788 0.1799
 0.1808 0.1809 0.1812 0.1818 0.1822 0.1833 0.1838 0.1839 0.1861 0.1864
 0.1865 0.1879 0.1881 0.1885 0.1898 0.1899 0.1901 0.1902 0.1907 0.1909
 0.191  0.1913 0.1915 0.1919 0.192  0.1921 0.1923 0.1925 0.1926 0.1927
 0.1928 0.193  0.1932 0.1935 0.1937 0.1942 0.1945 0.1946 0.1947 0.1949
 0.195  0.1951 0.1952 0.1953 0.1957 0.1961 0.1962 0.1965 0.1967 0.1968
 0.1969 0.197  0.1971 0.1972 0.1973 0.1974 0.1975 0.1976 0.1977 0.1978
 0.1979 0.198  0.1981 0.1982 0.1983 0.1984 0.1985 0.1986 0.1993
-1.6655778894472362 0.0294 0.0295 0.0296 0.0302 0.0305 0.0306 0.0309 0.031  0.0311 0.0312
 0.0313 0.0314 0.0315 0.0316 0.0317 0.0318 0.0319 0.032  0.0321 0.0322
 0.0323 0.0324 0.0325 0.0326 0.0327 0.0328 0.0329 0.033  0.0332 0.0333
 0.0334 0.0335 0.0337 0.0339 0.034  0.0343 0.0344 0.0345 0.0346 0.0347
 0.0348 0.0349 0.035  0.0352 0.0354 0.0356 0.0358 0.0359 0.0362 0.0363
 0.0364 0.0366 0.0368 0.037  0.0371 0.0372 0.0375 0.0379 0.0381 0.0383
 0.0385 0.0386 0.0389 0.0391 0.0394 0.0395 0.0396 0.0397 0.0398 0.0399
 0.0403 0.0405 0.0406 0.0408 0.0415 0.0416 0.0419 0.0426 0.0439 0.044
 0.0442 0.0443 0.0858 0.0868 0.0894 0.0903 0.1073 0.118  0.1219 0.123  0.1328 0.1356
 0.1371 0.1393 0.1397 0.1439 0.1463 0.1479 0.1483 0.1485 0.1496 0.1499
 0.1502 0.1505 0.1512 0.1543 0.1566 0.1568 0.16   0.1604 0.1611 0.1633
 0.1645 0.1668 0.1675 0.1676 0.1679 0.169  0.1693 0.1704 0.1712 0.1727
 0.1738 0.1748 0.1759 0.1762 0.178  0.179  0.1796 0.1798 0.1802 0.1807
 0.1817 0.1821 0.1825 0.1831 0.1834 0.1841 0.1856 0.1858 0.1871 0.1878
 0.1879 0.188  0.1885 0.1888 0.1894 0.1895 0.1898 0.19   0.1902 0.1906
 0.1907 0.1908 0.1909 0.1911 0.1912 0.1913 0.1914 0.1915 0.1917 0.1924
 0.1927 0.193  0.1932 0.1933 0.1934 0.194  0.1943 0.1944 0.1946 0.1949
 0.1952 0.1955 0.1956 0.1957 0.1961 0.1962 0.1963 0.1965 0.1966 0.1967
 0.1969 0.197  0.1971 0.1973 0.1974 0.1975 0.1976 0.1978 0.1979 0.198
 0.1982 0.1983 0.1984 0.1985 0.1986 0.1987 0.1989 0.199  0.1991 0.1992
 0.1993 0.1994 0.1995
-1.6665829145728643 0.0292 0.0296 0.0298 0.0299 0.0302 0.0303 0.0305 0.0306 0.0307 0.0308
 0.031  0.0312 0.0313 0.0314 0.0315 0.0316 0.0317 0.0318 0.0319 0.032
 0.0321 0.0323 0.0324 0.0325 0.0326 0.0327 0.0329 0.033  0.0333 0.0334
 0.0335 0.034  0.0341 0.0342 0.0343 0.0345 0.0347 0.0348 0.035  0.0351
 0.0352 0.0354 0.0356 0.0357 0.0361 0.0362 0.0367 0.0368 0.0369 0.037
 0.0372 0.0374 0.0375 0.0376 0.0377 0.0379 0.0381 0.0383 0.0385 0.0386
 0.039  0.0391 0.0392 0.0395 0.0396 0.0397 0.0398 0.0405 0.0411 0.0413
 0.0414 0.0415 0.0416 0.0417 0.0418 0.0425 0.0427 0.0432 0.0435 0.044
 0.0447 0.0817 0.0904 0.0968 0.1001 0.1074 0.1099 0.1196 0.12   0.1212 0.1216
 0.1238 0.1243 0.1261 0.127  0.1289 0.1374 0.1464 0.1466 0.147  0.1473
 0.1489 0.1505 0.1535 0.155  0.1555 0.1556 0.1605 0.1613 0.1639 0.1654
 0.1659 0.1664 0.1694 0.1696 0.1697 0.1702 0.1703 0.1715 0.1719 0.1721
 0.173  0.1734 0.175  0.1751 0.1754 0.1756 0.1763 0.1765 0.1767 0.177
 0.1772 0.1809 0.1811 0.1815 0.1817 0.1819 0.1825 0.1827 0.1833 0.1836
 0.1842 0.1843 0.1845 0.1851 0.1853 0.1854 0.187  0.1871 0.1873 0.1879
 0.188  0.1887 0.1892 0.1894 0.1903 0.1904 0.1905 0.191  0.1916 0.1917
 0.1925 0.1929 0.193  0.1931 0.1945 0.1947 0.1951 0.1954 0.1955 0.1956
 0.1958 0.196  0.1963 0.1966 0.1968 0.1969 0.1972 0.1973 0.1974 0.1975
 0.1976 0.1977 0.1979 0.198  0.1981 0.1982 0.1983 0.1985 0.1986 0.1987
 0.1988 0.1989 0.1991 0.1992 0.1993 0.1994 0.1995
-1.6675879396984925 0.0292 0.0294 0.0297 0.03   0.0301 0.0302 0.0308 0.031  0.0311 0.0312
 0.0313 0.0314 0.0315 0.0316 0.0317 0.0318 0.0319 0.032  0.0321 0.0322
 0.0323 0.0324 0.0325 0.0326 0.0327 0.0328 0.0329 0.033  0.0331 0.0333
 0.0334 0.0335 0.0336 0.0339 0.034  0.0343 0.0344 0.0345 0.0346 0.0349
 0.0352 0.0354 0.0355 0.0356 0.0358 0.0361 0.0363 0.0364 0.0365 0.0366
 0.0367 0.0368 0.0369 0.037  0.0371 0.0372 0.0374 0.0376 0.0379 0.038
 0.0382 0.0385 0.0386 0.0387 0.0388 0.039  0.0392 0.0394 0.0395 0.0396
 0.0399 0.04   0.0402 0.0409 0.0426 0.0428 0.0429 0.0431 0.0436 0.0443
 0.0448 0.0804 0.0857 0.0945 0.101  0.1035 0.1043 0.1049 0.1077 0.131  0.1409
 0.1429 0.144  0.1444 0.1446 0.1451 0.1482 0.1496 0.1498 0.1508 0.1536
 0.1553 0.1579 0.1594 0.1602 0.1611 0.1647 0.1653 0.1662 0.1663 0.1676
 0.1677 0.1699 0.1712 0.1715 0.1734 0.1738 0.174  0.1744 0.1745 0.1748
 0.1751 0.1753 0.1758 0.1764 0.1768 0.1778 0.1781 0.1791 0.1793 0.1796
 0.1806 0.1812 0.183  0.1834 0.1847 0.185  0.1851 0.1855 0.1861 0.1866
 0.1873 0.1883 0.1885 0.1892 0.1895 0.1897 0.1899 0.1901 0.1902 0.1904
 0.1909 0.191  0.1913 0.1914 0.1916 0.1917 0.1925 0.1928 0.1929 0.193
 0.1934 0.1938 0.1942 0.1944 0.1947 0.1949 0.1951 0.1955 0.1956 0.1957
 0.1959 0.196  0.1962 0.1963 0.1964 0.1965 0.1968 0.1969 0.1971 0.1972
 0.1973 0.1974 0.1976 0.1977 0.1978 0.198  0.1981 0.1982 0.1983 0.1984
 0.1985 0.1986 0.1987 0.199  0.1991 0.1992 0.1993 0.1995
-1.6685929648241207 0.0292 0.0294 0.0296 0.0297 0.0298 0.03   0.0311 0.0312 0.0313 0.0314
 0.0315 0.0316 0.0317 0.0318 0.0319 0.032  0.0321 0.0322 0.0323 0.0324
 0.0325 0.0327 0.0328 0.0329 0.033  0.0331 0.0333 0.0334 0.0335 0.0336
 0.0337 0.0338 0.034  0.0341 0.0342 0.0344 0.0345 0.0346 0.0347 0.0348
 0.0351 0.0352 0.0353 0.0354 0.0356 0.0357 0.0358 0.0359 0.036  0.0363
 0.0365 0.0366 0.0368 0.0369 0.037  0.0372 0.0375 0.0377 0.0379 0.0381
 0.0382 0.0383 0.0384 0.0386 0.0389 0.0392 0.0393 0.0395 0.04   0.0401
 0.0402 0.0431 0.0434 0.0435 0.0436 0.0437 0.0438 0.0444 0.0447 0.0818 0.0855 0.0856 0.0857 0.0922 0.093  0.095  0.0964 0.0974 0.1011
 0.1418 0.1431 0.1433 0.1436 0.1439 0.144  0.1446 0.1499 0.1531 0.1538
 0.1565 0.1608 0.1622 0.1633 0.1649 0.166  0.1673 0.1676 0.1694 0.1703
 0.1706 0.1714 0.172  0.1724 0.1733 0.1739 0.1746 0.1749 0.1756 0.1762
 0.1767 0.1778 0.1784 0.1786 0.1803 0.1822 0.1824 0.1825 0.1829 0.184
 0.1844 0.1852 0.1858 0.1868 0.1874 0.1877 0.1889 0.1893 0.1895 0.1896
 0.1898 0.1901 0.1902 0.1904 0.1905 0.1911 0.1912 0.1915 0.1919 0.1924
 0.1925 0.1927 0.1934 0.1938 0.1943 0.1945 0.1947 0.195  0.1951 0.1952
 0.1953 0.1955 0.1957 0.1958 0.1961 0.1962 0.1963 0.1966 0.1967 0.1968
 0.1969 0.197  0.1971 0.1972 0.1973 0.1974 0.1975 0.1976 0.1977 0.1978
 0.1979 0.198  0.1981 0.1982 0.1983 0.1984 0.1985 0.1986 0.1987 0.1991
 0.1992 0.1993
-1.6695979899497488 0.0288 0.0289 0.029  0.0291 0.0293 0.0294 0.0297 0.0298 0.0304 0.0309
 0.031  0.0311 0.0312 0.0314 0.0315 0.0317 0.0318 0.0319 0.032  0.0321
 0.0322 0.0323 0.0324 0.0325 0.0326 0.0327 0.0328 0.0329 0.033  0.0331
 0.0332 0.0333 0.0335 0.0336 0.0337 0.0339 0.0342 0.0343 0.0345 0.0346
 0.0347 0.0348 0.035  0.0353 0.0354 0.0355 0.0356 0.036  0.0363 0.0366
 0.0367 0.0371 0.0377 0.038  0.0381 0.0383 0.0385 0.0395 0.0398 0.04
 0.0401 0.0402 0.0403 0.0404 0.0409 0.042  0.0436 0.0437 0.0438 0.0443
 0.0447 0.0449 0.0453 0.0454 0.0456 0.0461 0.0687 0.0729 0.0742 0.076  0.0792 0.082  0.0821 0.0869 0.0927 0.0934
 0.094  0.095  0.1162 0.1329 0.1393 0.1398 0.1404 0.1419 0.1429 0.1439
 0.144  0.1441 0.1442 0.147  0.1502 0.1604 0.161  0.1623 0.1628 0.1636
 0.1637 0.165  0.1656 0.1658 0.1661 0.1662 0.1667 0.1682 0.1688 0.1706
 0.1708 0.1711 0.1715 0.1742 0.1773 0.1777 0.1798 0.1804 0.1823 0.1848
 0.1851 0.1855 0.1856 0.1859 0.1861 0.1863 0.1864 0.1866 0.188  0.1882
 0.1884 0.1885 0.1889 0.1892 0.1893 0.1895 0.1896 0.1897 0.1902 0.1903
 0.1906 0.1909 0.1913 0.1916 0.1917 0.1919 0.192  0.1925 0.1931 0.1932
 0.1934 0.1935 0.194  0.1941 0.1944 0.1946 0.1947 0.1948 0.1949 0.1951
 0.1952 0.1954 0.1955 0.1958 0.1959 0.196  0.1961 0.1962 0.1964 0.1966
 0.1967 0.1969 0.1971 0.1972 0.1973 0.1974 0.1977 0.1978 0.1981 0.1983
 0.1984 0.1985 0.1986 0.1987 0.1988 0.1989 0.1991 0.1992 0.1993 0.1994
 0.1995 0.1996
-1.670603015075377 0.0287 0.0288 0.0289 0.0292 0.0296 0.03   0.0308 0.031  0.0311 0.0312
 0.0313 0.0314 0.0315 0.0316 0.0317 0.0318 0.0319 0.032  0.0321 0.0322
 0.0323 0.0324 0.0325 0.0326 0.0327 0.0328 0.033  0.0331 0.0333 0.0334
 0.0336 0.0337 0.0341 0.0342 0.0343 0.0345 0.0347 0.0348 0.0349 0.0351
 0.0353 0.0355 0.0357 0.0358 0.036  0.0361 0.0363 0.0364 0.0368 0.0369
 0.037  0.0371 0.0375 0.0376 0.0378 0.0379 0.0381 0.0384 0.0385 0.0388
 0.039  0.0393 0.0395 0.0396 0.0399 0.04   0.0401 0.0403 0.0404 0.0405
 0.0406 0.0409 0.0431 0.044  0.0448 0.0455 0.0458 0.0464 0.0465 0.0466 0.0647 0.0648 0.0651 0.0658 0.0659 0.0706 0.0738 0.0814 0.0903 0.1022
 0.1317 0.1364 0.1365 0.1369 0.1374 0.1398 0.1408 0.1425 0.144  0.1457
 0.1491 0.1496 0.1505 0.1524 0.153  0.1558 0.1576 0.1587 0.1589 0.1591
 0.1592 0.1613 0.1616 0.162  0.1627 0.1649 0.1659 0.1677 0.1682 0.1696
 0.1698 0.1709 0.1713 0.1744 0.1745 0.1748 0.1757 0.1758 0.1766 0.1795
 0.1796 0.1801 0.1802 0.1815 0.1819 0.1821 0.1839 0.1847 0.1854 0.1855
 0.1868 0.1871 0.1872 0.1873 0.1875 0.1876 0.188  0.1883 0.1886 0.1889
 0.1891 0.1892 0.1895 0.1896 0.1897 0.1902 0.1906 0.1913 0.1915 0.1917
 0.1919 0.1923 0.1924 0.1925 0.1926 0.1933 0.1936 0.1937 0.1938 0.1945
 0.1947 0.1949 0.195  0.1951 0.1953 0.1955 0.1957 0.1958 0.1962 0.1965
 0.1966 0.1967 0.1968 0.197  0.1971 0.1972 0.1973 0.1976 0.1977 0.1979
 0.198  0.1981 0.1982 0.1983 0.1984 0.1985 0.1986 0.1987 0.1988 0.199
 0.1992 0.1993 0.1994 0.1995 0.1996 0.1997
-1.671608040201005 0.0287 0.0309 0.0313 0.0316 0.032  0.0321 0.0322 0.0329 0.0356 0.0357
 0.0358 0.0375 0.0376 0.0407 0.0408 0.0472 0.0607 0.0608 0.0609 0.061  0.1337 0.1339 0.134  0.1341 0.1344 0.1347
 0.1348 0.1349 0.1354 0.1357 0.1358 0.1567 0.1568 0.1704 0.1705 0.1706
 0.1707 0.1708 0.1711 0.1712 0.1838 0.1839 0.1845 0.1846 0.1848 0.185
 0.1851 0.1852 0.1853 0.1862 0.1863 0.1864 0.1865 0.1866 0.1867 0.1868
 0.1869 0.187  0.1931 0.1972 0.1973 0.1974 0.1987 0.1988 0.1997
-1.6726130653266331 0.0287 0.0288 0.0289 0.0292 0.0308 0.0309 0.0311 0.0312 0.0313 0.0314
 0.0315 0.0316 0.0317 0.0318 0.0319 0.032  0.0321 0.0322 0.0323 0.0324
 0.0325 0.0326 0.0327 0.0328 0.0329 0.033  0.0331 0.0332 0.0334 0.0335
 0.0336 0.0339 0.0341 0.0342 0.0343 0.0347 0.0348 0.035  0.0351 0.0352
 0.0356 0.0359 0.036  0.0363 0.0366 0.0367 0.0371 0.0373 0.0378 0.038
 0.0383 0.0384 0.0386 0.0387 0.0389 0.0392 0.0394 0.0396 0.0401 0.0402
 0.0408 0.041  0.0411 0.0412 0.0447 0.0457 0.0458 0.0459 0.0466 0.0468
 0.0471 0.0473 0.0476 0.0478 0.0578 0.0588 0.0601 0.0613 0.0637 0.0649 0.0707 0.0714 0.0717 0.0817
 0.128  0.1285 0.1298 0.1306 0.1318 0.1338 0.1418 0.142  0.1438 0.1491
 0.1492 0.1515 0.154  0.155  0.1556 0.1564 0.1571 0.1575 0.1577 0.1583
 0.1589 0.1593 0.1596 0.1601 0.1615 0.1618 0.1619 0.1627 0.1639 0.1662
 0.1668 0.1685 0.1687 0.1723 0.1733 0.1743 0.1747 0.178  0.1803 0.1807
 0.1822 0.1827 0.1832 0.1843 0.1845 0.1849 0.1852 0.1856 0.1863 0.187
 0.1871 0.1879 0.1882 0.1889 0.189  0.1891 0.1892 0.1897 0.1903 0.1914
 0.1916 0.1918 0.1921 0.1926 0.1928 0.1929 0.193  0.1931 0.1932 0.1936
 0.1938 0.1939 0.194  0.1944 0.1945 0.1946 0.1947 0.1953 0.1954 0.1956
 0.1958 0.1959 0.196  0.1963 0.1964 0.1965 0.1967 0.1968 0.1969 0.1973
 0.1975 0.1976 0.1977 0.1978 0.1979 0.198  0.1982 0.1983 0.1984 0.1985
 0.1986 0.1988 0.1989 0.1993 0.1994 0.1997
-1.6736180904522613 0.0287 0.0288 0.0289 0.029  0.0296 0.0307 0.0308 0.0309 0.031  0.0311
 0.0313 0.0314 0.0315 0.0316 0.0317 0.0318 0.0319 0.032  0.0321 0.0322
 0.0323 0.0324 0.0325 0.0326 0.0327 0.0328 0.0329 0.033  0.0331 0.0332
 0.0333 0.0334 0.0335 0.0336 0.0337 0.0338 0.0339 0.034  0.0342 0.0343
 0.0349 0.0351 0.0354 0.0356 0.0357 0.0358 0.0359 0.0361 0.0362 0.0366
 0.0369 0.0374 0.0378 0.0379 0.0383 0.0384 0.0385 0.0387 0.0388 0.039
 0.0392 0.0393 0.0399 0.0401 0.0402 0.0405 0.0407 0.0409 0.0411 0.0413
 0.0414 0.044  0.0455 0.0462 0.0466 0.0468 0.047  0.0477 0.0479 0.048
 0.0483 0.0552 0.0554 0.0566 0.0575 0.0578 0.0583 0.0626 0.0637 0.065  0.0676
 0.0743 0.0908 0.1264 0.1269 0.1273 0.1302 0.133  0.135  0.1374 0.1386
 0.1419 0.1432 0.1455 0.1525 0.153  0.1531 0.1534 0.1542 0.1543 0.1548
 0.155  0.1551 0.1554 0.1564 0.1578 0.1584 0.159  0.1595 0.1602 0.1618
 0.1629 0.1631 0.1632 0.1676 0.1682 0.17   0.1718 0.1758 0.1781 0.1782
 0.1807 0.1815 0.1817 0.1832 0.1838 0.1839 0.1841 0.1844 0.1848 0.1851
 0.1857 0.1861 0.1866 0.1868 0.1876 0.1877 0.188  0.1883 0.1891 0.1892
 0.1895 0.1903 0.1914 0.1917 0.1918 0.192  0.1924 0.1925 0.1926 0.1927
 0.1928 0.193  0.1931 0.1932 0.1935 0.1936 0.1937 0.1938 0.1939 0.194
 0.1941 0.1942 0.1944 0.1945 0.1946 0.1948 0.1951 0.1954 0.1955 0.1956
 0.1961 0.1963 0.1964 0.1966 0.1967 0.1968 0.1969 0.1971 0.1973 0.1975
 0.1978 0.1979 0.198  0.1981 0.1982 0.1983 0.1984 0.1986 0.1988 0.1989
 0.1991 0.1993 0.1994 0.1996 0.1997 0.1998
-1.6746231155778895 0.0287 0.0288 0.029  0.0293 0.0294 0.0303 0.0304 0.0306 0.0307 0.0308
 0.0309 0.031  0.0311 0.0312 0.0313 0.0314 0.0315 0.0316 0.0317 0.0318
 0.0319 0.032  0.0321 0.0322 0.0323 0.0324 0.0325 0.0326 0.0327 0.0328
 0.0329 0.033  0.0331 0.0332 0.0333 0.0334 0.0336 0.0337 0.0338 0.0339
 0.034  0.0342 0.0343 0.0345 0.0346 0.0353 0.0354 0.0355 0.0356 0.0358
 0.0363 0.0364 0.0366 0.0367 0.0368 0.037  0.0372 0.0373 0.0376 0.0382
 0.0384 0.0386 0.039  0.0397 0.0399 0.0403 0.0405 0.0407 0.0409 0.0413
 0.0415 0.0416 0.0421 0.0423 0.0424 0.0446 0.0456 0.0462 0.0463 0.0467
 0.0469 0.0471 0.0476 0.0477 0.0482 0.0489 0.049  0.0532 0.0533 0.0557 0.0586 0.059  0.0613 0.063  0.0646 0.0676 0.0678
 0.0682 0.0742 0.0837 0.1122 0.1134 0.1137 0.1159 0.1226 0.1241 0.1242
 0.1243 0.1252 0.1257 0.1274 0.1276 0.1338 0.1353 0.1385 0.141  0.145
 0.1481 0.1504 0.1506 0.1534 0.1556 0.1559 0.1568 0.1572 0.158  0.1588
 0.1602 0.1603 0.1605 0.1608 0.1629 0.1631 0.1647 0.1671 0.1704 0.1726
 0.1736 0.1757 0.1769 0.1775 0.1785 0.1789 0.179  0.1791 0.1799 0.1803
 0.1824 0.183  0.1834 0.1836 0.1841 0.1842 0.185  0.1853 0.1858 0.1864
 0.1869 0.188  0.1889 0.1901 0.1902 0.1905 0.1908 0.1912 0.1913 0.1919
 0.1921 0.1922 0.1929 0.1933 0.1935 0.1936 0.1937 0.1938 0.1939 0.1942
 0.1943 0.1944 0.1949 0.1951 0.1952 0.1955 0.1959 0.196  0.1961 0.1962
 0.1963 0.1967 0.197  0.1971 0.1973 0.1975 0.1977 0.1979 0.1983 0.1985
 0.1986 0.1987 0.1988 0.1989 0.199  0.1991 0.1992 0.1993 0.1995 0.1996
 0.1997 0.1998
-1.6756281407035176 0.0287 0.0288 0.0292 0.0293 0.0294 0.0295 0.0297 0.0299 0.0301 0.0303
 0.0305 0.0306 0.0307 0.0308 0.0309 0.031  0.0311 0.0312 0.0313 0.0314
 0.0315 0.0316 0.0317 0.0318 0.0319 0.032  0.0321 0.0322 0.0323 0.0324
 0.0325 0.0326 0.0328 0.0329 0.033  0.0331 0.0333 0.0334 0.0335 0.0337
 0.0338 0.0339 0.034  0.0342 0.0344 0.0345 0.0346 0.0347 0.0348 0.0349
 0.035  0.0352 0.0353 0.0358 0.036  0.0362 0.0364 0.0365 0.0366 0.0369
 0.0374 0.0375 0.0379 0.038  0.0381 0.0382 0.0383 0.0391 0.0392 0.0397
 0.0398 0.0402 0.0403 0.0406 0.0407 0.0409 0.0412 0.0414 0.0416 0.0417
 0.0419 0.0425 0.043  0.0441 0.0445 0.0446 0.0448 0.0462 0.0465 0.047
 0.0475 0.0488 0.0491 0.0494 0.0496 0.0518 0.0521 0.0528 0.054  0.0594 0.0597 0.0624 0.0664 0.0688 0.0815
 0.0842 0.0851 0.0891 0.104  0.11   0.1195 0.1197 0.1228 0.1234 0.1256
 0.1288 0.1328 0.1363 0.1375 0.1412 0.1421 0.1475 0.148  0.1483 0.1492
 0.1498 0.1517 0.154  0.1549 0.1562 0.1563 0.1578 0.1597 0.1608 0.1642
 0.1654 0.1658 0.1663 0.1664 0.1674 0.1676 0.1678 0.1694 0.1709 0.1719
 0.1725 0.1754 0.1758 0.1777 0.1784 0.1786 0.1794 0.1803 0.1813 0.1814
 0.1825 0.1828 0.1836 0.1847 0.1861 0.1869 0.1872 0.1873 0.1877 0.1887
 0.1888 0.189  0.1893 0.1898 0.1902 0.1903 0.1906 0.191  0.1912 0.1913
 0.1916 0.1917 0.1925 0.193  0.1931 0.1933 0.1936 0.1938 0.1941 0.1942
 0.1945 0.1948 0.1955 0.1958 0.1961 0.1962 0.1963 0.1964 0.1965 0.1967
 0.1969 0.197  0.1974 0.1975 0.1976 0.1977 0.1981 0.1982 0.1983 0.1984
 0.1986 0.1987 0.1988 0.1989 0.199  0.1991 0.1992 0.1995 0.1997 0.1998
-1.6766331658291458 0.0289 0.029  0.0292 0.0294 0.0295 0.0297 0.0298 0.0299 0.03   0.0301
 0.0303 0.0305 0.0307 0.0308 0.0309 0.031  0.0311 0.0312 0.0313 0.0314
 0.0315 0.0316 0.0317 0.0318 0.0319 0.032  0.0321 0.0322 0.0323 0.0324
 0.0325 0.0326 0.0328 0.0329 0.033  0.0331 0.0333 0.0334 0.0337 0.0338
 0.0339 0.034  0.0341 0.0343 0.0344 0.0345 0.0346 0.035  0.0352 0.0354
 0.0358 0.036  0.0362 0.0363 0.0367 0.0372 0.0377 0.0378 0.0381 0.0391
 0.0393 0.0396 0.0397 0.0398 0.0405 0.0409 0.0411 0.0412 0.0413 0.0415
 0.0419 0.0421 0.0424 0.0426 0.0428 0.0432 0.0438 0.0442 0.0448 0.0449
 0.045  0.0453 0.048  0.0482 0.0491 0.0494 0.0495 0.0496 0.0497 0.0503 0.051  0.0518 0.0519 0.0522 0.053  0.0532 0.0562 0.0567 0.0762 0.0798
 0.0814 0.0818 0.0882 0.0944 0.1016 0.1058 0.1099 0.1118 0.1171 0.1191
 0.1258 0.1278 0.128  0.1294 0.1297 0.1332 0.1381 0.1385 0.1436 0.1473
 0.1475 0.1477 0.1479 0.1484 0.1486 0.1502 0.1503 0.1505 0.1526 0.154
 0.1544 0.1554 0.1562 0.1641 0.1656 0.1663 0.1665 0.1689 0.1691 0.1702
 0.1716 0.1735 0.1745 0.1762 0.1774 0.1777 0.1779 0.1785 0.1805 0.1807
 0.1812 0.1814 0.1825 0.1837 0.184  0.1844 0.1845 0.185  0.1851 0.1863
 0.1865 0.1867 0.1871 0.1875 0.188  0.1881 0.1884 0.1891 0.1903 0.1904
 0.1905 0.1907 0.191  0.1911 0.1912 0.1913 0.1915 0.1919 0.1922 0.1924
 0.1926 0.1931 0.1934 0.1935 0.1936 0.1937 0.1938 0.1939 0.1943 0.1955
 0.1956 0.1958 0.196  0.1962 0.1963 0.1965 0.1967 0.1969 0.197  0.1972
 0.1973 0.1976 0.198  0.1981 0.1982 0.1983 0.1985 0.1986 0.1987 0.1988
 0.1989 0.199  0.1991 0.1992 0.1994 0.1995 0.1996 0.1997 0.1998 0.1999
-1.677638190954774 0.0287 0.0288 0.0289 0.0291 0.0293 0.0294 0.0295 0.0296 0.0297 0.0299
 0.03   0.0303 0.0304 0.0305 0.0306 0.0307 0.031  0.0311 0.0312 0.0313
 0.0314 0.0315 0.0316 0.0317 0.0318 0.032  0.0321 0.0322 0.0323 0.0325
 0.0326 0.0327 0.0328 0.0329 0.033  0.0331 0.0332 0.0334 0.0337 0.0338
 0.0342 0.0343 0.0344 0.0346 0.0349 0.035  0.0355 0.0357 0.0361 0.0365
 0.0366 0.0368 0.0369 0.0371 0.0374 0.0375 0.0376 0.038  0.0382 0.0386
 0.0387 0.0388 0.0391 0.0395 0.0398 0.0401 0.0404 0.0406 0.0416 0.0419
 0.042  0.0421 0.0422 0.0424 0.0432 0.0434 0.0441 0.0442 0.0446 0.0452
 0.0459 0.047  0.0473 0.0479 0.0488 0.0493 0.05   0.0505 0.0509 0.0512 0.0523 0.0537 0.0581 0.0605 0.0626 0.0716 0.0787 0.0851
 0.0891 0.0905 0.0981 0.0996 0.1022 0.1123 0.115  0.1154 0.1168 0.1177
 0.1188 0.1201 0.1237 0.137  0.1407 0.1423 0.1433 0.1452 0.1475 0.149
 0.1514 0.1515 0.1554 0.1559 0.1569 0.158  0.1584 0.1606 0.1609 0.1613
 0.1622 0.1652 0.1656 0.1673 0.1679 0.1695 0.1701 0.1707 0.172  0.1732
 0.1738 0.1748 0.1749 0.176  0.1768 0.1787 0.1789 0.1793 0.1798 0.1799
 0.1804 0.1807 0.1811 0.1817 0.1824 0.183  0.1846 0.185  0.1854 0.1863
 0.1877 0.1885 0.1887 0.1889 0.1892 0.1897 0.1898 0.1905 0.1908 0.1909
 0.1911 0.1913 0.1916 0.1917 0.192  0.1923 0.1925 0.1929 0.1934 0.1937
 0.1944 0.1947 0.1949 0.195  0.1951 0.1952 0.1955 0.1959 0.196  0.1962
 0.1963 0.1967 0.1968 0.1969 0.197  0.1971 0.1973 0.1974 0.1975 0.1977
 0.1978 0.198  0.1982 0.1983 0.1984 0.1985 0.1986 0.1987 0.1988 0.1989
 0.199  0.1991 0.1992 0.1994 0.1995 0.1996 0.1997 0.1998
-1.6786432160804021 0.031  0.0315 0.032  0.1375 0.1871 0.1999
-1.67964824120603 0.031  0.0317 0.032  0.1371 0.187  0.2   
-1.6806532663316582 0.031  0.0317 0.0321 0.138  0.1874 0.2   
-1.6816582914572864 0.031  0.0316 0.0317 0.0321 0.0322 0.1375 0.1406 0.1873 0.1883 0.1999 0.2   
-1.6826633165829146 0.031  0.0311 0.0312 0.0313 0.0314 0.0315 0.0316 0.0317 0.0321 0.0322
 0.0323 0.1374 0.1375 0.1376 0.1377 0.1378 0.1384 0.1385 0.1387 0.1388 0.1389
 0.139  0.1392 0.1395 0.1396 0.1397 0.1398 0.1406 0.1408 0.1409 0.141
 0.1415 0.1416 0.1418 0.1419 0.142  0.1421 0.1424 0.1425 0.1431 0.1432
 0.1434 0.1435 0.1873 0.1874 0.1876 0.1877 0.1878 0.1879 0.188  0.1881
 0.1884 0.1885 0.1887 0.1888 0.1889 0.189  0.1892 0.1893 0.1894 0.1997
 0.1998 0.1999 0.2   
-1.6836683417085427 0.0295 0.0315 0.0321 0.0359 0.0443 0.0886 0.1696 0.1839 0.1974 0.1992
-1.684673366834171 0.0287 0.0291 0.0292 0.0293 0.0294 0.0295 0.0297 0.0299 0.03   0.0301
 0.0303 0.0304 0.0307 0.0308 0.0309 0.031  0.0311 0.0312 0.0313 0.0314
 0.0315 0.0316 0.0317 0.0318 0.0319 0.032  0.0321 0.0322 0.0323 0.0324
 0.0325 0.0326 0.0327 0.0328 0.033  0.0331 0.0332 0.0333 0.0338 0.034
 0.0343 0.0344 0.0345 0.0346 0.0348 0.035  0.0352 0.0353 0.0354 0.0357
 0.0358 0.0359 0.036  0.0362 0.0364 0.0369 0.0371 0.0374 0.0375 0.0379
 0.0383 0.0384 0.0393 0.0398 0.0399 0.0405 0.0407 0.0409 0.0411 0.0424
 0.0427 0.043  0.0434 0.0436 0.0439 0.0444 0.0446 0.0447 0.0448 0.045
 0.0453 0.0455 0.0469 0.0475 0.0506 0.051  0.0602 0.0642 0.0769 0.0775 0.0778 0.0803 0.0831 0.0844 0.0846
 0.085  0.0876 0.0885 0.0936 0.0985 0.1012 0.1052 0.1098 0.1131 0.1308
 0.1343 0.1378 0.1383 0.1387 0.1405 0.1431 0.1451 0.1475 0.1477 0.1481
 0.1485 0.1494 0.1545 0.1571 0.1642 0.1643 0.1648 0.1651 0.1652 0.1658
 0.1663 0.1674 0.168  0.1681 0.1682 0.1693 0.1697 0.1717 0.172  0.1736
 0.1737 0.1748 0.1761 0.1763 0.1768 0.177  0.1781 0.1794 0.1807 0.182
 0.1834 0.1844 0.1845 0.1849 0.1852 0.1858 0.1869 0.1871 0.1872 0.1874
 0.1877 0.1878 0.1882 0.1884 0.1891 0.1893 0.19   0.1902 0.1908 0.191
 0.1912 0.1914 0.1916 0.1917 0.192  0.1922 0.1934 0.1936 0.1938 0.1944
 0.1961 0.1962 0.1965 0.1966 0.1968 0.1969 0.197  0.1971 0.1972 0.1973
 0.1974 0.1977 0.1979 0.198  0.1981 0.1983 0.1984 0.1985 0.1987 0.1988
 0.1989 0.199  0.1991 0.1992 0.1993 0.1994 0.1996 0.1998 0.2    0.2001
 0.2002
-1.685678391959799 0.0288 0.0289 0.0291 0.0292 0.0293 0.0299 0.0302 0.0304 0.0305 0.0306
 0.0307 0.0308 0.031  0.0311 0.0312 0.0313 0.0314 0.0315 0.0316 0.0317
 0.0318 0.032  0.0321 0.0322 0.0323 0.0324 0.0325 0.0326 0.0327 0.0328
 0.0329 0.033  0.0331 0.0332 0.0337 0.0338 0.0342 0.0344 0.0345 0.0346
 0.0348 0.0349 0.035  0.0351 0.0354 0.0361 0.037  0.0376 0.0381 0.0382
 0.0383 0.0385 0.0386 0.0388 0.0393 0.0396 0.04   0.0406 0.0407 0.0412
 0.0419 0.042  0.0421 0.0429 0.0435 0.0449 0.045  0.0478 0.048  0.0483
 0.0488 0.0503 0.0505 0.0511 0.0511 0.0513 0.0549 0.056  0.0577 0.0585 0.0811 0.0819 0.0981 0.1067
 0.1069 0.1168 0.1195 0.12   0.1299 0.1378 0.1381 0.1386 0.1403 0.1405
 0.1411 0.1412 0.1427 0.144  0.1451 0.1453 0.1456 0.1457 0.1459 0.1473
 0.1476 0.1477 0.1501 0.151  0.1515 0.1532 0.1538 0.1543 0.1556 0.1562
 0.16   0.162  0.1635 0.1647 0.1648 0.1654 0.1666 0.1669 0.167  0.171
 0.1736 0.1768 0.177  0.1808 0.1818 0.182  0.1824 0.1826 0.1856 0.1873
 0.1876 0.1883 0.1884 0.1886 0.1887 0.1889 0.1892 0.1895 0.1896 0.1897
 0.19   0.1902 0.1903 0.1904 0.1905 0.1908 0.1909 0.1918 0.1919 0.1921
 0.1923 0.1924 0.1926 0.1929 0.1932 0.1933 0.1934 0.1935 0.1945 0.1947
 0.1951 0.1957 0.1961 0.1964 0.1965 0.1966 0.1967 0.1969 0.1973 0.1975
 0.1976 0.1977 0.1978 0.198  0.1981 0.1983 0.1984 0.1985 0.1987 0.1988
 0.1989 0.1992 0.1993 0.1994 0.1996 0.1998 0.1999 0.2    0.2001 0.2002
-1.6866834170854272 0.0287 0.0288 0.029  0.0291 0.0292 0.0293 0.0295 0.0299 0.0301 0.0302
 0.0304 0.0305 0.0306 0.0307 0.0308 0.0309 0.031  0.0311 0.0312 0.0313
 0.0314 0.0315 0.0316 0.0317 0.0318 0.0319 0.032  0.0321 0.0322 0.0324
 0.0325 0.0326 0.0327 0.0328 0.0329 0.033  0.0332 0.0333 0.0335 0.0336
 0.0338 0.0343 0.0345 0.0346 0.0348 0.0349 0.035  0.0356 0.0359 0.0362
 0.0365 0.0367 0.0372 0.0375 0.0376 0.0378 0.0383 0.0385 0.039  0.0392
 0.0396 0.0401 0.0402 0.0412 0.0414 0.0416 0.0418 0.0424 0.0429 0.043
 0.0431 0.0437 0.0443 0.045  0.0452 0.0457 0.0463 0.0476 0.0484 0.0488
 0.049  0.051  0.0511 0.0511 0.0536 0.0545 0.0559 0.0605 0.0681 0.0743 0.0791 0.0808 0.0884
 0.0976 0.1042 0.1043 0.1067 0.1077 0.1143 0.1211 0.1238 0.1272 0.1303
 0.1317 0.14   0.1408 0.1414 0.1434 0.145  0.1452 0.1457 0.1475 0.149
 0.1505 0.1509 0.1511 0.1515 0.1517 0.1529 0.1541 0.1542 0.1545 0.1551
 0.1574 0.158  0.1611 0.1632 0.1638 0.1651 0.1659 0.1666 0.1697 0.1702
 0.1719 0.1723 0.1735 0.1743 0.1761 0.177  0.1774 0.1791 0.1799 0.18
 0.1824 0.1825 0.1835 0.184  0.1847 0.1858 0.1863 0.1884 0.1886 0.1888
 0.1893 0.1898 0.1902 0.1903 0.1904 0.1907 0.1908 0.1909 0.1914 0.1916
 0.1918 0.192  0.1921 0.1922 0.1924 0.1925 0.1926 0.1928 0.1929 0.193
 0.1931 0.1938 0.1939 0.1946 0.195  0.1951 0.1952 0.1958 0.1959 0.196
 0.1962 0.1965 0.1967 0.197  0.1971 0.1975 0.1976 0.1977 0.1979 0.198
 0.1981 0.1982 0.1983 0.1984 0.1985 0.1987 0.1989 0.199  0.1992 0.1993
 0.1994 0.1996 0.1997 0.2    0.2001 0.2002
-1.6876884422110554 0.0288 0.0289 0.029  0.0291 0.0292 0.0293 0.0294 0.0296 0.0298 0.03
 0.0302 0.0303 0.0304 0.0305 0.0307 0.0308 0.0309 0.031  0.0311 0.0312
 0.0313 0.0314 0.0315 0.0316 0.0317 0.0318 0.0319 0.032  0.0321 0.0322
 0.0323 0.0325 0.0327 0.0328 0.0329 0.033  0.0331 0.0332 0.0333 0.0335
 0.0337 0.0338 0.0339 0.034  0.0341 0.0342 0.0343 0.0344 0.0345 0.0347
 0.0349 0.0351 0.0357 0.036  0.0366 0.0367 0.037  0.0377 0.0379 0.038
 0.0381 0.0386 0.0393 0.0395 0.0397 0.0398 0.0403 0.0405 0.0407 0.041
 0.0415 0.0423 0.0426 0.0427 0.0428 0.0435 0.0437 0.0438 0.0441 0.0452
 0.0454 0.0456 0.046  0.0461 0.049  0.0494 0.0534 0.0538 0.0706 0.0714 0.0721 0.0758 0.0779 0.0798 0.0917 0.095
 0.0957 0.1004 0.1006 0.1078 0.1106 0.111  0.1156 0.127  0.1335 0.1368
 0.1385 0.1386 0.1399 0.1426 0.1474 0.149  0.15   0.1508 0.1513 0.1516
 0.152  0.1537 0.1538 0.1539 0.1548 0.1563 0.1614 0.1623 0.1627 0.163
 0.1645 0.1654 0.1662 0.1674 0.1682 0.1705 0.1711 0.1725 0.1727 0.1746
 0.1747 0.1754 0.1766 0.1772 0.1775 0.1784 0.1786 0.1787 0.1793 0.1805
 0.1831 0.1835 0.1841 0.1847 0.1858 0.1869 0.1879 0.188  0.1883 0.1887
 0.1891 0.1897 0.19   0.1908 0.1909 0.1916 0.1917 0.1919 0.192  0.1921
 0.1923 0.1927 0.1928 0.1929 0.193  0.1933 0.1934 0.1935 0.1937 0.1938
 0.194  0.1941 0.1944 0.1946 0.1955 0.1956 0.1957 0.1961 0.1963 0.1964
 0.1966 0.1967 0.1968 0.1971 0.1973 0.1976 0.1978 0.1979 0.198  0.1981
 0.1982 0.1983 0.1986 0.1987 0.1988 0.1989 0.199  0.1991 0.1992 0.1993
 0.1994 0.1996 0.1997 0.1999 0.2    0.2001 0.2002 0.2003
-1.6886934673366834 0.0287 0.0288 0.0289 0.0291 0.0292 0.0294 0.0296 0.0297 0.0299 0.03
 0.0301 0.0302 0.0304 0.0305 0.0306 0.0308 0.031  0.0311 0.0312 0.0313
 0.0314 0.0315 0.0316 0.0317 0.0318 0.0319 0.032  0.0321 0.0322 0.0325
 0.0326 0.0327 0.0328 0.0329 0.033  0.0331 0.0332 0.0334 0.0338 0.0339
 0.0342 0.0343 0.0344 0.0345 0.0346 0.0347 0.0349 0.035  0.0352 0.036
 0.0361 0.0365 0.0366 0.0368 0.0372 0.0373 0.0374 0.0377 0.0378 0.0379
 0.0382 0.0383 0.0384 0.0386 0.0393 0.0394 0.0399 0.04   0.0401 0.0405
 0.0406 0.0412 0.0421 0.0423 0.0424 0.0433 0.0439 0.0441 0.0443 0.0446
 0.0454 0.0459 0.0463 0.0464 0.0477 0.0484 0.0489 0.0494 0.0497 0.0503
 0.064  0.0519 0.0521 0.0528 0.0541 0.0568 0.0592 0.064  0.0684 0.0691 0.0726
 0.0771 0.0864 0.0899 0.0918 0.0938 0.1031 0.1136 0.1156 0.1176 0.1309
 0.1379 0.1394 0.1406 0.1451 0.1456 0.1476 0.1477 0.1487 0.1503 0.1511
 0.1525 0.1538 0.154  0.1541 0.1542 0.1551 0.1567 0.1582 0.1614 0.1617
 0.1623 0.1632 0.1637 0.1649 0.1651 0.1658 0.1684 0.169  0.1695 0.1704
 0.171  0.1712 0.172  0.1732 0.1743 0.1753 0.1757 0.1777 0.1788 0.1796
 0.1798 0.1799 0.1801 0.1805 0.1813 0.183  0.1836 0.1861 0.1883 0.1885
 0.1886 0.189  0.1894 0.1896 0.1908 0.1909 0.191  0.1911 0.1912 0.1913
 0.1916 0.1917 0.1918 0.1921 0.1925 0.193  0.1931 0.1932 0.1933 0.1936
 0.1938 0.1943 0.1945 0.1946 0.1947 0.195  0.1951 0.1952 0.1953 0.1958
 0.1959 0.1963 0.1965 0.1966 0.1967 0.1968 0.1971 0.1972 0.1974 0.1975
 0.1976 0.1978 0.198  0.1981 0.1982 0.1983 0.1984 0.1985 0.1986 0.1987
 0.1988 0.199  0.1991 0.1992 0.1993 0.1994 0.1995 0.1998 0.1999 0.2
 0.2001 0.2003
-1.6896984924623115 0.0287 0.0314 0.032  0.0321 0.0335 0.0358 0.0359 0.036  0.0471 0.0472 0.0632 0.0633 0.0634 0.0635 0.0636 0.0637 0.0638 0.159  0.1591 0.1592
 0.1593 0.1832 0.1833 0.1834 0.1836 0.1839 0.184  0.1841 0.1842 0.1843
 0.1844 0.1946 0.196  0.1961 0.1994 0.1995
-1.6907035175879397 0.0287 0.0288 0.0289 0.029  0.0291 0.0292 0.0294 0.0295 0.0298 0.0299
 0.0301 0.0302 0.0303 0.0305 0.0307 0.0309 0.031  0.0311 0.0312 0.0313
 0.0314 0.0315 0.0316 0.0317 0.0318 0.0319 0.032  0.0322 0.0323 0.0324
 0.0325 0.0326 0.0328 0.033  0.0331 0.0332 0.0334 0.0335 0.0336 0.0337
 0.0339 0.0343 0.0344 0.0345 0.0346 0.035  0.0353 0.0354 0.0357 0.0361
 0.0362 0.0363 0.0364 0.0365 0.0366 0.0367 0.0371 0.0372 0.0375 0.0377
 0.0379 0.0392 0.0396 0.0401 0.0402 0.0403 0.0411 0.0426 0.0428 0.0437
 0.0445 0.0446 0.0451 0.0454 0.0456 0.0459 0.046  0.0465 0.047  0.0471
 0.0472 0.0474 0.0475 0.0497 0.0505 0.0643 0.0664 0.0513 0.0524 0.0615 0.0619 0.062  0.0622 0.0627 0.064  0.0643 0.0648
 0.0673 0.0683 0.0721 0.0734 0.0753 0.0784 0.0805 0.0863 0.0875 0.0981
 0.1084 0.111  0.1328 0.1396 0.1418 0.1427 0.1444 0.1451 0.1457 0.1473
 0.1494 0.1521 0.1522 0.1567 0.1582 0.1584 0.1585 0.1586 0.1588 0.1594
 0.1598 0.1613 0.1615 0.1631 0.1637 0.1645 0.1658 0.1667 0.1691 0.1693
 0.1696 0.1708 0.1735 0.1739 0.1748 0.1758 0.1779 0.1784 0.1789 0.1793
 0.1806 0.1807 0.1812 0.1819 0.1824 0.1826 0.1852 0.1867 0.1869 0.1871
 0.1882 0.1884 0.1895 0.1897 0.1898 0.1902 0.1907 0.191  0.1911 0.1914
 0.1915 0.1916 0.1925 0.1926 0.1931 0.1943 0.1944 0.1945 0.1947 0.1948
 0.1953 0.1956 0.1957 0.1958 0.1959 0.196  0.1962 0.1963 0.1964 0.1965
 0.1966 0.1967 0.1968 0.1969 0.197  0.1973 0.1975 0.1976 0.1977 0.198
 0.1981 0.1985 0.1987 0.1989 0.1991 0.1992 0.1993 0.1994 0.1995 0.1996
 0.1997 0.1998 0.1999 0.2    0.2002 0.2004
-1.6917085427135679 0.0287 0.0288 0.0289 0.029  0.0291 0.0295 0.0299 0.03   0.0301 0.0302
 0.0305 0.0306 0.0307 0.0308 0.0309 0.031  0.0311 0.0312 0.0313 0.0314
 0.0315 0.0316 0.0317 0.0318 0.0319 0.032  0.0321 0.0322 0.0323 0.0324
 0.0325 0.0326 0.0327 0.0328 0.0329 0.033  0.0332 0.0333 0.0334 0.0335
 0.0336 0.0337 0.0338 0.0339 0.034  0.0341 0.0342 0.0343 0.0344 0.0345
 0.0346 0.0347 0.0348 0.035  0.0351 0.0352 0.0353 0.0357 0.0362 0.0367
 0.0368 0.037  0.0374 0.0383 0.0384 0.0385 0.0387 0.039  0.0399 0.0401
 0.0405 0.0408 0.0414 0.0415 0.0417 0.0422 0.0423 0.0429 0.0434 0.0445
 0.0453 0.0454 0.0459 0.046  0.0463 0.0472 0.0477 0.0478 0.0484 0.0498
 0.0646 0.0661 0.067  0.0522 0.0561 0.0595 0.0605 0.0623 0.0648 0.0668 0.0683 0.0691 0.0718
 0.0728 0.0782 0.0788 0.0877 0.102  0.1077 0.1173 0.1245 0.1266 0.1285
 0.1362 0.1408 0.1439 0.144  0.1458 0.1481 0.1489 0.1494 0.1499 0.1531
 0.1547 0.1571 0.1577 0.1587 0.159  0.1591 0.1608 0.1609 0.1618 0.162
 0.163  0.1635 0.1639 0.1646 0.1651 0.1658 0.166  0.1697 0.173  0.1755
 0.1767 0.1777 0.1778 0.1797 0.1813 0.1821 0.184  0.1847 0.1851 0.1854
 0.1877 0.188  0.1885 0.1887 0.1891 0.1894 0.1896 0.1899 0.19   0.1905
 0.1908 0.1912 0.1915 0.1917 0.1919 0.1926 0.1928 0.1929 0.1931 0.1933
 0.1936 0.1938 0.1939 0.1941 0.1942 0.1945 0.1946 0.1947 0.1949 0.1951
 0.1953 0.1954 0.1956 0.1958 0.1959 0.196  0.1962 0.1964 0.1966 0.1967
 0.1968 0.197  0.1975 0.1977 0.1979 0.1981 0.1982 0.1983 0.1984 0.1985
 0.1986 0.1987 0.199  0.1991 0.1992 0.1993 0.1994 0.1995 0.1999 0.2
 0.2001 0.2003 0.2004
-1.692713567839196 0.0287 0.0288 0.0289 0.0291 0.0292 0.0294 0.0296 0.0298 0.03   0.0301
 0.0302 0.0303 0.0304 0.0305 0.0308 0.0309 0.031  0.0311 0.0313 0.0314
 0.0315 0.0316 0.0317 0.0318 0.032  0.0321 0.0322 0.0323 0.0324 0.0325
 0.0326 0.0327 0.033  0.0331 0.0332 0.0333 0.0334 0.0335 0.0336 0.0337
 0.0338 0.034  0.0344 0.0345 0.0346 0.035  0.0351 0.0352 0.0354 0.0355
 0.036  0.0362 0.0367 0.0368 0.037  0.0372 0.0373 0.0375 0.0376 0.0377
 0.0378 0.0383 0.0384 0.0387 0.0392 0.0393 0.0396 0.0406 0.0407 0.0412
 0.0424 0.0425 0.0429 0.0442 0.0443 0.0447 0.0452 0.0454 0.0461 0.0473
 0.0482 0.0484 0.0488 0.0515 0.064  0.0648 0.0654 0.0662 0.0687 0.0516 0.0554 0.0568 0.058  0.0628 0.064  0.065  0.0658 0.067  0.0712
 0.0723 0.0778 0.0808 0.0847 0.0904 0.0909 0.1078 0.1134 0.1144 0.1313
 0.1374 0.1381 0.1392 0.1395 0.1411 0.1424 0.1431 0.152  0.1541 0.1547
 0.155  0.1553 0.1557 0.1562 0.1566 0.1578 0.1584 0.1589 0.1594 0.1601
 0.1611 0.1619 0.1633 0.1641 0.1651 0.1656 0.1669 0.1685 0.1701 0.1707
 0.1709 0.1711 0.1719 0.1724 0.1736 0.1748 0.1754 0.1767 0.1778 0.1783
 0.179  0.1799 0.1803 0.1821 0.1831 0.1837 0.1862 0.1864 0.1872 0.1876
 0.188  0.1885 0.1887 0.1889 0.189  0.1891 0.1892 0.1894 0.1896 0.1906
 0.1915 0.1916 0.1925 0.1926 0.1932 0.1935 0.1938 0.1939 0.194  0.1942
 0.1944 0.1945 0.1946 0.1947 0.1948 0.1951 0.1952 0.1954 0.1955 0.1957
 0.196  0.1962 0.1965 0.1966 0.1967 0.1968 0.1969 0.197  0.1971 0.1973
 0.1974 0.1977 0.1979 0.198  0.1981 0.1982 0.1983 0.1984 0.1986 0.1987
 0.1988 0.1989 0.199  0.1991 0.1993 0.1994 0.1996 0.1997 0.2    0.2001
 0.2002 0.2003 0.2005
-1.6937185929648242 0.0287 0.0288 0.0289 0.029  0.0292 0.0293 0.0296 0.0297 0.0298 0.0299
 0.03   0.0301 0.0307 0.0309 0.031  0.0312 0.0313 0.0314 0.0315 0.0316
 0.0317 0.0318 0.0319 0.032  0.0322 0.0323 0.0324 0.0325 0.0326 0.0327
 0.0328 0.0329 0.033  0.0331 0.0332 0.0333 0.0334 0.0335 0.0336 0.0337
 0.0338 0.0339 0.034  0.0341 0.0342 0.0343 0.0344 0.0345 0.0347 0.0348
 0.0349 0.035  0.0351 0.0352 0.0353 0.0355 0.0356 0.0357 0.0358 0.0366
 0.0368 0.0369 0.0374 0.0375 0.038  0.0388 0.0389 0.039  0.0391 0.0394
 0.0398 0.0406 0.0412 0.0416 0.0435 0.0439 0.0441 0.0451 0.0456 0.0462
 0.0476 0.0477 0.0479 0.0483 0.049  0.065  0.0679 0.068  0.0697 0.0547 0.0572 0.0591 0.0594 0.0603 0.061  0.0652 0.0699 0.0714 0.0733
 0.0759 0.076  0.0817 0.0918 0.0945 0.0997 0.1004 0.1257 0.132  0.1393
 0.1496 0.1534 0.1557 0.157  0.1572 0.1573 0.1576 0.1577 0.1581 0.1582
 0.1596 0.16   0.1602 0.1606 0.1608 0.163  0.1633 0.1649 0.1653 0.1673
 0.1689 0.1715 0.1723 0.1726 0.1736 0.1747 0.1749 0.1773 0.1787 0.1795
 0.1845 0.185  0.1857 0.186  0.1861 0.1863 0.1867 0.1875 0.1882 0.1885
 0.1892 0.1894 0.1897 0.1904 0.1905 0.1907 0.1924 0.1925 0.1926 0.1927
 0.1929 0.193  0.1931 0.1934 0.1935 0.1936 0.1937 0.1939 0.1941 0.1942
 0.1943 0.1944 0.1947 0.1948 0.1949 0.195  0.1952 0.1953 0.1954 0.1955
 0.1956 0.1957 0.1958 0.1959 0.196  0.1965 0.1966 0.1969 0.197  0.1971
 0.1975 0.1976 0.1977 0.1978 0.1982 0.1983 0.1984 0.1985 0.1986 0.1987
 0.1988 0.1989 0.199  0.1991 0.1992 0.1993 0.1994 0.1995 0.2002 0.2005
-1.6947236180904524 0.0287 0.0289 0.029  0.0291 0.0292 0.0294 0.0295 0.0296 0.0298 0.0299
 0.0302 0.0306 0.0309 0.031  0.0311 0.0312 0.0313 0.0314 0.0315 0.0316
 0.0317 0.0319 0.0321 0.0322 0.0323 0.0325 0.0326 0.0327 0.0328 0.0329
 0.033  0.0331 0.0332 0.0335 0.0336 0.0337 0.0339 0.034  0.0341 0.0342
 0.0343 0.0344 0.0346 0.0347 0.0349 0.0352 0.0353 0.0354 0.0356 0.0357
 0.0358 0.036  0.0365 0.0375 0.0376 0.0378 0.0379 0.0384 0.0385 0.0386
 0.0388 0.039  0.0392 0.0394 0.0399 0.0402 0.041  0.0418 0.0428 0.0443
 0.0444 0.0447 0.0473 0.0483 0.0484 0.0486 0.0488 0.0489 0.049  0.0495
 0.05   0.067  0.0673 0.0703 0.0704 0.0524 0.0534 0.0546 0.0551 0.056  0.0565 0.0572 0.0622 0.0682 0.0689
 0.0746 0.0748 0.085  0.0893 0.0898 0.0905 0.1092 0.1233 0.1336 0.1338
 0.1409 0.1455 0.1478 0.1495 0.1517 0.1534 0.1538 0.1539 0.154  0.1548
 0.1552 0.1557 0.1574 0.1575 0.1588 0.1593 0.1604 0.1622 0.1627 0.1628
 0.1635 0.1646 0.1661 0.1662 0.1688 0.1703 0.1705 0.1707 0.171  0.1719
 0.1723 0.1725 0.1738 0.1765 0.1784 0.1814 0.1834 0.1837 0.1851 0.1856
 0.1858 0.1862 0.1873 0.1874 0.1879 0.1881 0.1888 0.189  0.1897 0.1903
 0.1912 0.1914 0.1918 0.1919 0.1925 0.1929 0.193  0.1932 0.1934 0.1935
 0.1936 0.1937 0.1938 0.1939 0.1943 0.1945 0.1947 0.1948 0.1951 0.1953
 0.1956 0.1957 0.1958 0.1959 0.196  0.1963 0.1965 0.1967 0.1969 0.1971
 0.1973 0.1974 0.1975 0.1976 0.1977 0.1978 0.198  0.1981 0.1982 0.1983
 0.1984 0.1985 0.1986 0.1987 0.1989 0.199  0.1991 0.1992 0.1994 0.1995
 0.1996 0.1998 0.2002 0.2005
-1.6957286432160805 0.0287 0.0289 0.0291 0.0293 0.0294 0.0295 0.0296 0.0297 0.0298 0.0299
 0.03   0.0301 0.0303 0.0306 0.0307 0.0308 0.0309 0.0311 0.0312 0.0313
 0.0314 0.0315 0.0316 0.0317 0.0318 0.0319 0.032  0.0321 0.0322 0.0323
 0.0324 0.0325 0.0326 0.0327 0.0328 0.0329 0.033  0.0331 0.0332 0.0333
 0.0336 0.0337 0.0338 0.0339 0.0343 0.0345 0.0346 0.0347 0.0349 0.0356
 0.0358 0.0359 0.036  0.0361 0.0363 0.0364 0.0367 0.0373 0.039  0.0403
 0.0411 0.0412 0.0414 0.0419 0.0428 0.0433 0.0437 0.0448 0.046  0.0473
 0.0489 0.0492 0.0494 0.0496 0.0497 0.0499 0.0504 0.0507 0.0667 0.067
 0.0671 0.0711 0.0712 0.0716 0.0517 0.052  0.0527 0.053  0.0533 0.0534 0.0539 0.0541 0.0556 0.0621
 0.0631 0.0678 0.0682 0.0684 0.0725 0.0768 0.0769 0.0779 0.0839 0.0842
 0.0844 0.0985 0.1026 0.1094 0.1213 0.1279 0.132  0.1322 0.1338 0.1415
 0.1416 0.1426 0.1449 0.1465 0.1481 0.1501 0.1509 0.1515 0.1524 0.1527
 0.153  0.1534 0.1544 0.1586 0.1588 0.1593 0.1622 0.1624 0.1636 0.1672
 0.1673 0.1678 0.1683 0.1685 0.1686 0.1743 0.1745 0.1759 0.1785 0.1797
 0.1809 0.1816 0.1819 0.1823 0.183  0.1837 0.1838 0.1851 0.1853 0.1854
 0.1859 0.1868 0.1869 0.1874 0.1892 0.1893 0.1898 0.1903 0.1904 0.1907
 0.1909 0.1914 0.1916 0.1919 0.1921 0.1923 0.1925 0.1928 0.1929 0.193
 0.1931 0.1932 0.1934 0.1946 0.1947 0.1948 0.1949 0.1952 0.1957 0.1958
 0.1959 0.196  0.1962 0.1964 0.1969 0.1972 0.1974 0.1975 0.1976 0.1977
 0.1979 0.1982 0.1983 0.1985 0.1988 0.1989 0.199  0.1991 0.1993 0.1994
 0.1995 0.1996 0.1997 0.1998 0.1999 0.2002 0.2005 0.2006
-1.6967336683417087 0.0287 0.0288 0.0289 0.029  0.0293 0.0298 0.0299 0.03   0.0301 0.0302
 0.0303 0.0305 0.0306 0.0307 0.0308 0.0309 0.0311 0.0312 0.0313 0.0314
 0.0315 0.0318 0.0319 0.032  0.0321 0.0323 0.0324 0.0325 0.0326 0.0327
 0.0328 0.0329 0.033  0.0331 0.0332 0.0334 0.0335 0.0336 0.0338 0.0341
 0.0344 0.0346 0.035  0.0352 0.0359 0.0361 0.0362 0.0363 0.0364 0.0366
 0.0368 0.0392 0.0399 0.0402 0.0405 0.0415 0.0419 0.045  0.0458 0.0466
 0.047  0.0486 0.05   0.0501 0.0503 0.0507 0.0508 0.0509 0.051  0.0513
 0.0648 0.0677 0.0718 0.0514 0.0515 0.0516 0.0517 0.0518 0.0521 0.0522 0.0523 0.0566 0.0641
 0.065  0.0672 0.0695 0.0696 0.0751 0.0787 0.0823 0.0825 0.0829 0.1211
 0.1272 0.1411 0.1416 0.1441 0.145  0.1453 0.1454 0.1457 0.1459 0.1469
 0.1477 0.1482 0.1487 0.1489 0.149  0.1504 0.1513 0.1531 0.1534 0.1545
 0.1554 0.1564 0.1575 0.1578 0.1596 0.1598 0.1613 0.1632 0.1648 0.1677
 0.1678 0.168  0.1683 0.1781 0.1802 0.1816 0.1818 0.1821 0.1825 0.1829
 0.183  0.1834 0.1837 0.1842 0.1852 0.1883 0.1894 0.1899 0.1901 0.1902
 0.1905 0.1906 0.1907 0.1911 0.1913 0.1916 0.1917 0.192  0.1921 0.1923
 0.1924 0.1925 0.1931 0.1932 0.1936 0.1937 0.1942 0.1944 0.1945 0.1946
 0.1951 0.1953 0.1955 0.196  0.1961 0.1962 0.1963 0.1964 0.1965 0.1974
 0.1975 0.1976 0.1978 0.198  0.1982 0.1983 0.1988 0.1989 0.199  0.1993
 0.1994 0.1995 0.1996 0.1997 0.1998 0.1999 0.2    0.2001 0.2002 0.2005
 0.2006
-1.6977386934673366 0.0289 0.0292 0.0294 0.0295 0.0297 0.0298 0.0299 0.03   0.0301 0.0302
 0.0303 0.0304 0.0305 0.0307 0.0308 0.0309 0.0311 0.0312 0.0313 0.0314
 0.0315 0.0316 0.0317 0.0318 0.0319 0.032  0.0322 0.0323 0.0324 0.0325
 0.0327 0.0329 0.033  0.0331 0.0332 0.0333 0.0334 0.0335 0.0336 0.0337
 0.0339 0.034  0.0341 0.0343 0.0344 0.0345 0.0346 0.0348 0.035  0.0356
 0.0357 0.0361 0.0362 0.0363 0.0366 0.0367 0.0371 0.0389 0.039  0.0392
 0.0393 0.0396 0.0398 0.0399 0.0404 0.0405 0.0425 0.0428 0.0432 0.0439
 0.0441 0.0448 0.0454 0.0486 0.0496 0.05   0.0501 0.0504 0.0509 0.0513
 0.0516 0.0519 0.0635 0.0653 0.0657 0.0666 0.0676 0.0516 0.0517 0.0519 0.0522 0.0523 0.0534 0.0567 0.0568 0.0635 0.0656
 0.0663 0.0676 0.0693 0.0795 0.0845 0.0929 0.093  0.0944 0.0956 0.1034
 0.1097 0.1141 0.1406 0.1424 0.1434 0.1435 0.1437 0.1443 0.1447 0.1459
 0.1471 0.149  0.1492 0.1498 0.1508 0.1517 0.1518 0.1519 0.1522 0.1523
 0.1555 0.1556 0.1565 0.1572 0.1582 0.1595 0.1603 0.1608 0.1619 0.1631
 0.1667 0.1687 0.1721 0.1722 0.1727 0.1728 0.1732 0.1763 0.1765 0.1787
 0.1797 0.1798 0.1804 0.182  0.1824 0.183  0.1857 0.1861 0.1862 0.1893
 0.1896 0.1898 0.19   0.1901 0.1903 0.1904 0.1906 0.1907 0.1908 0.1912
 0.1918 0.192  0.1921 0.1922 0.1926 0.1927 0.1928 0.1929 0.193  0.1933
 0.1934 0.1938 0.1939 0.1941 0.1943 0.1944 0.1947 0.1949 0.195  0.1952
 0.1953 0.1955 0.1957 0.1958 0.196  0.1961 0.1963 0.1965 0.1966 0.1971
 0.1975 0.1977 0.1978 0.1979 0.1984 0.1985 0.1986 0.1987 0.1988 0.1993
 0.1995 0.1996 0.1997 0.1998 0.2    0.2001 0.2002
-1.6987437185929648 0.0288 0.0289 0.0296 0.0298 0.0299 0.03   0.0301 0.0302 0.0303 0.0304
 0.0305 0.0307 0.031  0.0311 0.0312 0.0313 0.0314 0.0315 0.0316 0.0317
 0.0318 0.0319 0.0321 0.0323 0.0324 0.0325 0.0326 0.0327 0.0328 0.033
 0.0331 0.0333 0.0335 0.0336 0.0338 0.0339 0.0345 0.0347 0.0348 0.0349
 0.0351 0.0352 0.0354 0.0358 0.036  0.0365 0.0366 0.0369 0.0372 0.0373
 0.0382 0.0385 0.0387 0.0391 0.0402 0.0419 0.0422 0.0424 0.0428 0.0437
 0.0444 0.046  0.0464 0.048  0.0485 0.0501 0.0504 0.0505 0.0507 0.051
 0.0643 0.0682 0.069  0.0697 0.0704 0.0705 0.0718 0.0514 0.0518 0.0519 0.0522 0.0523 0.0527 0.057  0.0589 0.0644 0.0705
 0.0706 0.072  0.0729 0.0733 0.075  0.0751 0.0787 0.0895 0.0978 0.1116
 0.1154 0.1192 0.1233 0.1409 0.1415 0.1419 0.1445 0.1449 0.145  0.1466
 0.1467 0.147  0.1477 0.148  0.1485 0.1489 0.1502 0.1558 0.157  0.1571
 0.1578 0.158  0.1592 0.1618 0.1629 0.1639 0.164  0.1648 0.1656 0.1665
 0.1674 0.1683 0.1708 0.1742 0.1747 0.1752 0.1778 0.1795 0.1805 0.1808
 0.181  0.1824 0.1839 0.1859 0.186  0.1873 0.188  0.1888 0.1889 0.1892
 0.1894 0.1895 0.1904 0.1906 0.1907 0.191  0.1911 0.1912 0.1914 0.1915
 0.1916 0.1917 0.1918 0.1922 0.1923 0.1936 0.1939 0.1944 0.1946 0.195
 0.1951 0.1954 0.1961 0.1962 0.1963 0.1964 0.1967 0.1969 0.1971 0.1974
 0.1976 0.1978 0.1983 0.1985 0.1987 0.1988 0.199  0.1991 0.1993 0.1994
 0.1995 0.1996 0.1997 0.1998 0.1999 0.2    0.2001 0.2003 0.2005 0.2006
-1.699748743718593 0.0287 0.0288 0.0289 0.0292 0.0293 0.0296 0.0298 0.03   0.0301 0.0304
 0.0305 0.0306 0.031  0.0311 0.0312 0.0313 0.0314 0.0315 0.0317 0.0318
 0.0319 0.032  0.0321 0.0323 0.0324 0.0325 0.0326 0.0328 0.033  0.0333
 0.0334 0.0335 0.0338 0.0339 0.0341 0.0343 0.0344 0.0345 0.0346 0.0349
 0.035  0.0353 0.0354 0.0355 0.0356 0.036  0.0362 0.0363 0.0365 0.0366
 0.0367 0.0369 0.0375 0.0381 0.0382 0.0383 0.0399 0.0405 0.0419 0.042
 0.0421 0.0424 0.0452 0.0463 0.0465 0.0473 0.0482 0.0484 0.0492 0.05
 0.0512 0.064  0.0654 0.0683 0.0693 0.0697 0.0698 0.0699 0.0711 0.0715 0.0518 0.0531 0.0544 0.0545 0.0574 0.0575 0.0584 0.064  0.0642 0.0659
 0.068  0.0702 0.0706 0.0725 0.0736 0.0739 0.0769 0.0781 0.0808 0.1151
 0.1195 0.121  0.1216 0.1419 0.142  0.1423 0.1429 0.1457 0.1487 0.1511
 0.1533 0.1534 0.156  0.1562 0.1569 0.1591 0.16   0.1606 0.1618 0.1628
 0.164  0.1652 0.1658 0.1659 0.1663 0.167  0.1673 0.1675 0.1681 0.1729
 0.1781 0.1799 0.1808 0.1809 0.1815 0.1823 0.1825 0.1827 0.1831 0.1833
 0.1836 0.1838 0.1869 0.1872 0.1873 0.1876 0.1885 0.1896 0.1897 0.1899
 0.1903 0.1904 0.1908 0.192  0.1923 0.1925 0.1932 0.1933 0.1934 0.1941
 0.1943 0.1949 0.1951 0.1953 0.1954 0.1955 0.1958 0.1961 0.1962 0.1965
 0.1966 0.1968 0.197  0.1971 0.1972 0.1973 0.1975 0.1976 0.1979 0.1982
 0.1984 0.1988 0.1989 0.1992 0.1993 0.1994 0.1995 0.1997 0.1998 0.1999
 0.2    0.2002 0.2003 0.2004 0.2006
-1.7007537688442211 0.0287 0.0289 0.029  0.0291 0.0294 0.0298 0.0299 0.03   0.0301 0.0302
 0.0303 0.0304 0.0305 0.0306 0.0308 0.031  0.0311 0.0312 0.0313 0.0314
 0.0315 0.0316 0.0317 0.0318 0.0319 0.032  0.0321 0.0322 0.0323 0.0324
 0.0326 0.0327 0.0328 0.0329 0.0331 0.0333 0.0334 0.0335 0.0337 0.0338
 0.0339 0.034  0.0343 0.0344 0.0346 0.0347 0.0348 0.035  0.0351 0.0352
 0.0355 0.0356 0.0357 0.0362 0.0363 0.0366 0.0368 0.0374 0.0376 0.0388
 0.0391 0.0398 0.0405 0.0407 0.041  0.0415 0.0424 0.0425 0.0427 0.0434
 0.0435 0.0448 0.0456 0.0477 0.0486 0.0488 0.049  0.0508 0.066  0.0664
 0.0666 0.0671 0.0686 0.0688 0.0696 0.0708 0.0709 0.0724 0.0743 0.0755 0.052  0.0551 0.0564 0.0567 0.0617 0.0668 0.0673 0.0676 0.0686 0.0711
 0.0715 0.0731 0.0761 0.0763 0.077  0.0803 0.0863 0.0866 0.0916 0.1007
 0.1038 0.1119 0.1154 0.1163 0.1276 0.1358 0.1381 0.1417 0.1418 0.1419
 0.1426 0.143  0.1431 0.1442 0.1478 0.1516 0.1535 0.1542 0.1555 0.1557
 0.158  0.1588 0.1613 0.1615 0.1618 0.162  0.1628 0.1644 0.1647 0.1656
 0.1658 0.1672 0.1673 0.1692 0.1696 0.172  0.1732 0.1741 0.1752 0.1754
 0.1766 0.1787 0.1798 0.1799 0.1811 0.1814 0.182  0.183  0.1834 0.1855
 0.1856 0.1859 0.1872 0.1874 0.1883 0.1886 0.1891 0.1892 0.1896 0.1899
 0.19   0.1903 0.1904 0.1915 0.1919 0.192  0.1923 0.1928 0.1931 0.1934
 0.1936 0.1939 0.194  0.1943 0.1949 0.195  0.1952 0.1953 0.1957 0.1958
 0.1959 0.196  0.1961 0.1962 0.1965 0.1966 0.1967 0.197  0.1973 0.1974
 0.1979 0.198  0.1981 0.1984 0.1985 0.1986 0.1987 0.1988 0.1989 0.1991
 0.1992 0.1993 0.1994 0.1996 0.1997 0.1998 0.1999 0.2001 0.2002 0.2003
 0.2004 0.2005 0.2006 0.2008
-1.7017587939698493 0.0287 0.0288 0.0291 0.0293 0.0295 0.0297 0.0298 0.0299 0.03   0.0302
 0.0303 0.0305 0.0306 0.0307 0.0308 0.031  0.0311 0.0312 0.0313 0.0314
 0.0315 0.0316 0.0317 0.0318 0.0319 0.032  0.0322 0.0323 0.0324 0.0325
 0.0326 0.0327 0.0328 0.0329 0.033  0.0332 0.0334 0.0335 0.0336 0.0338
 0.0342 0.0348 0.035  0.0352 0.0355 0.0356 0.0359 0.0365 0.0366 0.0368
 0.0373 0.0375 0.0376 0.038  0.0382 0.0386 0.0395 0.04   0.0402 0.0405
 0.0408 0.0417 0.0425 0.0427 0.0435 0.0438 0.0441 0.0447 0.047  0.0479
 0.048  0.0491 0.0494 0.068  0.0686 0.0694 0.0701 0.0702 0.0711 0.0724
 0.074  0.0743 0.076  0.0541 0.0555 0.0592 0.0597 0.0661 0.0702 0.0712 0.0728 0.0742 0.0744
 0.0745 0.0769 0.0804 0.0856 0.0867 0.0875 0.0927 0.094  0.0969 0.1025
 0.1112 0.1122 0.1159 0.1265 0.1368 0.1372 0.1408 0.1411 0.1421 0.1427
 0.1428 0.1435 0.1446 0.1462 0.1483 0.152  0.153  0.1539 0.1543 0.1546
 0.1568 0.1575 0.1578 0.1611 0.1639 0.1641 0.1645 0.1655 0.1662 0.1663
 0.1664 0.1676 0.1685 0.1693 0.1702 0.1716 0.1721 0.1723 0.1736 0.1739
 0.1744 0.175  0.1752 0.1762 0.1785 0.1795 0.1799 0.1805 0.1813 0.1814
 0.1851 0.1852 0.1855 0.1873 0.1878 0.1887 0.1888 0.1892 0.1894 0.1897
 0.1899 0.19   0.1902 0.1905 0.1913 0.1918 0.1924 0.193  0.1932 0.1936
 0.1937 0.1938 0.1942 0.1944 0.1946 0.1947 0.1948 0.1957 0.1963 0.1964
 0.1965 0.1967 0.1969 0.197  0.1972 0.1976 0.1978 0.1979 0.198  0.1981
 0.1982 0.1983 0.1985 0.1986 0.1987 0.1989 0.199  0.1991 0.1992 0.1993
 0.1994 0.1995 0.1996 0.1997 0.1998 0.2002 0.2003 0.2004 0.2005 0.2008
-1.7027638190954775 0.0287 0.0288 0.0289 0.0293 0.0296 0.0298 0.0299 0.03   0.0302 0.0303
 0.0305 0.0306 0.0307 0.0308 0.0309 0.031  0.0311 0.0312 0.0313 0.0314
 0.0315 0.0316 0.0317 0.0318 0.0319 0.032  0.0321 0.0323 0.0324 0.0325
 0.0326 0.0327 0.0328 0.0329 0.033  0.0331 0.0332 0.0334 0.0335 0.0336
 0.0337 0.0338 0.0339 0.034  0.0342 0.0343 0.0344 0.0345 0.0347 0.0348
 0.0352 0.0353 0.0354 0.0356 0.0357 0.0361 0.0363 0.0368 0.037  0.0372
 0.0374 0.0378 0.0383 0.0384 0.0388 0.0389 0.039  0.04   0.0416 0.0419
 0.0427 0.0444 0.045  0.0466 0.0467 0.0469 0.0475 0.0477 0.0486 0.0494
 0.0499 0.0509 0.0634 0.0706 0.0718 0.072  0.073  0.0748 0.0771 0.0523 0.0535 0.0541 0.0576 0.0605 0.0622 0.0635 0.066  0.068  0.0684
 0.0755 0.0787 0.0793 0.0821 0.0831 0.0891 0.0917 0.0992 0.1121 0.1222
 0.1275 0.1413 0.142  0.1421 0.1428 0.1468 0.1472 0.1485 0.1487 0.1488
 0.1505 0.1519 0.1531 0.1533 0.1554 0.1565 0.1583 0.1586 0.1592 0.1599
 0.1603 0.1611 0.1617 0.162  0.1622 0.1655 0.167  0.1684 0.1686 0.1688
 0.1701 0.1705 0.1719 0.1732 0.1753 0.1768 0.1773 0.1779 0.1785 0.1796
 0.1799 0.183  0.1836 0.1843 0.1856 0.186  0.1864 0.1877 0.1883 0.1886
 0.1895 0.1897 0.1898 0.19   0.1911 0.1912 0.1913 0.1915 0.1918 0.192
 0.1921 0.1925 0.1926 0.1928 0.1929 0.1932 0.1933 0.1934 0.1935 0.1937
 0.1941 0.1943 0.1944 0.1947 0.1949 0.195  0.1952 0.1953 0.1956 0.1957
 0.1958 0.1959 0.196  0.1963 0.1965 0.1969 0.1973 0.1974 0.1975 0.1976
 0.1978 0.1979 0.1981 0.1983 0.1984 0.1986 0.1987 0.1989 0.199  0.1991
 0.1993 0.1994 0.1995 0.1996 0.1997 0.1998 0.1999 0.2003 0.2004 0.2008
-1.7037688442211056 0.0287 0.0288 0.0289 0.0293 0.0295 0.0297 0.0298 0.0299 0.0301 0.0302
 0.0303 0.0304 0.0306 0.0307 0.0308 0.031  0.0311 0.0312 0.0313 0.0314
 0.0315 0.0316 0.0317 0.0318 0.0319 0.032  0.0321 0.0323 0.0325 0.0326
 0.0327 0.0328 0.0329 0.0331 0.0332 0.0334 0.0335 0.0336 0.0338 0.0339
 0.034  0.0341 0.0342 0.0343 0.0344 0.0346 0.0348 0.0349 0.035  0.0352
 0.0354 0.0357 0.0361 0.0368 0.0369 0.0376 0.0379 0.0386 0.0388 0.0391
 0.0396 0.0402 0.0414 0.0415 0.0418 0.0428 0.0429 0.0445 0.046  0.0464
 0.0468 0.047  0.0477 0.0481 0.0493 0.0501 0.0505 0.0509 0.0513 0.0644
 0.0664 0.0687 0.0769 0.078  0.0781 0.0515 0.0522 0.0527 0.0532 0.054  0.0588 0.0611 0.0645 0.0658 0.0662
 0.0674 0.07   0.0714 0.0734 0.0889 0.0982 0.1043 0.1046 0.1095 0.1107
 0.1244 0.1287 0.1301 0.1443 0.1451 0.1453 0.1458 0.1481 0.15   0.1502
 0.1509 0.1513 0.1525 0.153  0.1531 0.1536 0.1556 0.1564 0.1572 0.1574
 0.1587 0.1596 0.1598 0.161  0.1612 0.1621 0.1623 0.1629 0.1636 0.1644
 0.1648 0.17   0.1708 0.1769 0.1783 0.1787 0.179  0.1793 0.1794 0.1838
 0.1845 0.1859 0.186  0.1865 0.1881 0.1882 0.1886 0.1889 0.1891 0.1901
 0.1902 0.1905 0.1908 0.1909 0.1911 0.1915 0.1916 0.1918 0.1922 0.1924
 0.1927 0.1928 0.193  0.1932 0.1933 0.1935 0.1936 0.1937 0.1938 0.194
 0.1941 0.1942 0.1944 0.1946 0.1947 0.1948 0.195  0.1952 0.1954 0.1956
 0.1957 0.1958 0.196  0.1961 0.1963 0.1964 0.1965 0.1967 0.1968 0.1969
 0.1971 0.1972 0.1977 0.198  0.1982 0.1983 0.1985 0.1987 0.1988 0.1989
 0.199  0.1991 0.1992 0.1993 0.1995 0.1996 0.1997 0.1998 0.1999 0.2
 0.2001 0.2002 0.2003 0.2008 0.2009
-1.7047738693467336 0.0287 0.0288 0.0289 0.029  0.0291 0.0294 0.0295 0.0297 0.0299 0.03
 0.0303 0.0304 0.0305 0.0308 0.0309 0.0311 0.0312 0.0313 0.0314 0.0315
 0.0316 0.0317 0.0318 0.0319 0.032  0.0321 0.0322 0.0323 0.0325 0.0326
 0.0327 0.0328 0.0329 0.033  0.0331 0.0332 0.0334 0.0335 0.0337 0.0338
 0.034  0.0341 0.0342 0.0343 0.0344 0.0345 0.0348 0.035  0.0353 0.0354
 0.0355 0.0359 0.0361 0.0364 0.0365 0.0372 0.0374 0.038  0.0381 0.0382
 0.0386 0.0388 0.0394 0.0396 0.04   0.0405 0.0412 0.0427 0.0434 0.0447
 0.0455 0.0462 0.0472 0.048  0.0486 0.0487 0.0495 0.0498 0.0499 0.0503
 0.0507 0.0648 0.0652 0.0669 0.0735 0.0741 0.0783 0.0517 0.0524 0.0528 0.0539 0.0541 0.0564 0.0566 0.0593 0.0653 0.0658
 0.0682 0.0714 0.0778 0.084  0.0859 0.0884 0.1029 0.1057 0.1113 0.1332
 0.1414 0.1418 0.143  0.1469 0.1478 0.1489 0.1498 0.1503 0.1508 0.1513
 0.1515 0.1528 0.1531 0.1541 0.1556 0.1558 0.1559 0.1564 0.1577 0.1605
 0.1609 0.1618 0.1627 0.1636 0.1637 0.1663 0.1675 0.1678 0.1686 0.1705
 0.1707 0.1711 0.1719 0.175  0.1765 0.1797 0.1798 0.1809 0.1817 0.1844
 0.1849 0.1876 0.188  0.1882 0.1897 0.1898 0.1903 0.1907 0.1909 0.1914
 0.1917 0.1921 0.1923 0.1924 0.1926 0.1929 0.193  0.1933 0.1934 0.1935
 0.1937 0.1939 0.1941 0.1942 0.1943 0.1948 0.195  0.1953 0.1954 0.1957
 0.1958 0.1962 0.1963 0.1964 0.1965 0.1969 0.197  0.1972 0.1973 0.1978
 0.1979 0.1981 0.1983 0.1984 0.1985 0.1986 0.1987 0.1988 0.1989 0.199
 0.1991 0.1992 0.1993 0.1995 0.1996 0.1997 0.1998 0.1999 0.2    0.2004
 0.2008
-1.7057788944723618 0.0287 0.0288 0.0289 0.0291 0.0292 0.0293 0.0294 0.0298 0.0299 0.03
 0.0302 0.0304 0.0305 0.0307 0.0309 0.0311 0.0312 0.0313 0.0314 0.0315
 0.0316 0.0317 0.0318 0.0319 0.0322 0.0324 0.0325 0.0326 0.0327 0.0329
 0.0331 0.0332 0.0333 0.0336 0.0337 0.0338 0.0339 0.034  0.0345 0.0346
 0.0349 0.0351 0.0353 0.0355 0.0359 0.0367 0.0368 0.0369 0.037  0.0371
 0.0372 0.0374 0.0384 0.0388 0.039  0.0395 0.0403 0.041  0.0425 0.0437
 0.0448 0.0452 0.0453 0.048  0.0482 0.0486 0.049  0.0495 0.0504 0.0515
 0.0635 0.0637 0.0656 0.0669 0.0677 0.068  0.0706 0.0713 0.0728 0.0733
 0.0784 0.052  0.0528 0.0548 0.0552 0.0577 0.0588 0.061  0.0635 0.0638 0.0661
 0.0674 0.0682 0.0699 0.07   0.076  0.0773 0.0803 0.0813 0.0815 0.0817
 0.0834 0.086  0.1006 0.1065 0.1143 0.1345 0.1425 0.1427 0.1436 0.1443
 0.1451 0.1454 0.1459 0.1465 0.1505 0.153  0.1541 0.1545 0.1551 0.1567
 0.1575 0.1586 0.1588 0.1589 0.1598 0.1612 0.1619 0.1627 0.1628 0.1639
 0.164  0.1666 0.1674 0.1678 0.1679 0.168  0.1698 0.1701 0.1709 0.1741
 0.1757 0.1769 0.1773 0.1778 0.1783 0.1793 0.1798 0.1799 0.1801 0.1802
 0.1809 0.1851 0.187  0.1873 0.1881 0.1885 0.1891 0.1892 0.1893 0.19
 0.1901 0.1903 0.1904 0.1909 0.191  0.1911 0.1912 0.1913 0.1914 0.1925
 0.1926 0.1929 0.1931 0.1935 0.1937 0.1939 0.1945 0.1946 0.1948 0.1949
 0.1951 0.1952 0.1953 0.1954 0.1958 0.1959 0.1961 0.1963 0.1964 0.1965
 0.1967 0.1974 0.1976 0.1977 0.1978 0.1979 0.1982 0.1983 0.1984 0.1986
 0.1987 0.1988 0.199  0.1991 0.1992 0.1995 0.1996 0.1997 0.1998 0.1999
 0.2    0.2002 0.2003 0.2004 0.2005 0.2006 0.2008
-1.70678391959799 0.0287 0.0288 0.029  0.0293 0.0294 0.0295 0.0298 0.0299 0.03   0.0302
 0.0303 0.0304 0.0305 0.0306 0.0307 0.0308 0.0309 0.031  0.0311 0.0312
 0.0313 0.0314 0.0315 0.0316 0.0317 0.0318 0.0319 0.032  0.0321 0.0322
 0.0323 0.0324 0.0325 0.0326 0.0327 0.0329 0.0331 0.0332 0.0333 0.0334
 0.0335 0.0336 0.0337 0.0338 0.0341 0.0342 0.0343 0.0344 0.0345 0.0353
 0.0354 0.0355 0.0358 0.0359 0.036  0.0368 0.0373 0.0378 0.038  0.0381
 0.0382 0.0385 0.0393 0.0396 0.0397 0.04   0.0408 0.041  0.0414 0.0415
 0.0417 0.0424 0.0445 0.0469 0.0473 0.0479 0.0487 0.0493 0.0495 0.0496
 0.0497 0.0679 0.068  0.0738 0.0742 0.0762 0.0772 0.0777 0.0782 0.0795
 0.0798 0.0799 0.0801 0.0535 0.0542 0.0544 0.0546 0.0564 0.0602 0.0648 0.0664 0.07   0.0705
 0.0857 0.0863 0.0887 0.0955 0.1004 0.1024 0.1058 0.1141 0.1159 0.1163
 0.1167 0.1182 0.1255 0.129  0.1317 0.1322 0.1367 0.14   0.1453 0.1484
 0.1502 0.1507 0.1523 0.153  0.1533 0.1537 0.1538 0.1539 0.1545 0.1558
 0.1559 0.1562 0.1563 0.1571 0.1583 0.1607 0.1615 0.164  0.1642 0.1644
 0.1672 0.1683 0.1686 0.1704 0.1709 0.1715 0.172  0.1722 0.176  0.1779
 0.1787 0.1793 0.18   0.1817 0.1829 0.1835 0.1837 0.1842 0.1846 0.1848
 0.185  0.1853 0.1859 0.1863 0.1872 0.1874 0.1881 0.1882 0.1888 0.1889
 0.19   0.191  0.1926 0.1927 0.1928 0.1932 0.1935 0.1936 0.1937 0.1938
 0.194  0.1941 0.1942 0.1943 0.1944 0.1945 0.1948 0.195  0.1951 0.1953
 0.1956 0.1957 0.1958 0.1959 0.196  0.1963 0.1968 0.1969 0.197  0.1971
 0.1974 0.1976 0.1978 0.198  0.1981 0.1985 0.1986 0.1988 0.1989 0.199
 0.1992 0.1995 0.1998 0.1999 0.2    0.2001 0.2003 0.2004 0.2005 0.2007
 0.2008 0.2009 0.201 
-1.707788944723618 0.0287 0.0289 0.0291 0.0292 0.0293 0.0295 0.0298 0.0299 0.03   0.0302
 0.0303 0.0305 0.0307 0.0309 0.031  0.0311 0.0312 0.0313 0.0314 0.0315
 0.0316 0.0317 0.0318 0.0319 0.032  0.0321 0.0322 0.0324 0.0325 0.0326
 0.0327 0.0328 0.0329 0.033  0.0331 0.0333 0.0334 0.0336 0.0337 0.0338
 0.0339 0.034  0.0341 0.0342 0.0343 0.0344 0.0345 0.0346 0.0348 0.0353
 0.0354 0.0355 0.0356 0.036  0.0363 0.0364 0.0366 0.0373 0.0377 0.0392
 0.0397 0.0399 0.04   0.0401 0.0402 0.0406 0.0418 0.0423 0.0429 0.0437
 0.0446 0.0451 0.0456 0.0464 0.0473 0.0474 0.0486 0.0491 0.0494 0.0631
 0.0647 0.0691 0.0727 0.0733 0.0749 0.077  0.0805 0.0549 0.0554 0.0572 0.0631 0.0632 0.0638 0.0651 0.072  0.0722 0.0771
 0.0816 0.0828 0.0834 0.0882 0.0891 0.0996 0.1005 0.1088 0.119  0.1268
 0.1409 0.1422 0.1435 0.1451 0.1461 0.1489 0.149  0.1496 0.1499 0.15
 0.1504 0.1526 0.1528 0.1543 0.1548 0.155  0.1564 0.1571 0.1572 0.1578
 0.1585 0.159  0.16   0.1603 0.1605 0.164  0.1654 0.1662 0.1686 0.1702
 0.1705 0.1708 0.171  0.1722 0.1726 0.1734 0.1752 0.1757 0.1776 0.1789
 0.1804 0.1819 0.1827 0.1834 0.1842 0.1853 0.1856 0.1871 0.1874 0.1887
 0.1888 0.1901 0.1903 0.1905 0.1909 0.191  0.192  0.1923 0.1924 0.1927
 0.1929 0.1931 0.1932 0.1933 0.1934 0.1935 0.1939 0.194  0.1942 0.1945
 0.1947 0.1948 0.195  0.1951 0.1952 0.1953 0.1955 0.1956 0.1957 0.1958
 0.1961 0.1962 0.1967 0.1968 0.1972 0.1973 0.1974 0.1975 0.1977 0.1978
 0.198  0.1982 0.1985 0.1986 0.1987 0.1988 0.1989 0.199  0.1991 0.1993
 0.1994 0.1995 0.1996 0.1997 0.1999 0.2    0.2001 0.2003 0.2004 0.2009
 0.201 
-1.7087939698492463 0.0287 0.029  0.0293 0.0296 0.0298 0.0299 0.0301 0.0302 0.0303 0.0304
 0.0307 0.0308 0.0309 0.031  0.0311 0.0312 0.0313 0.0314 0.0315 0.0316
 0.0317 0.0318 0.0319 0.032  0.0321 0.0322 0.0323 0.0325 0.0326 0.0327
 0.0329 0.033  0.0331 0.0332 0.0334 0.0335 0.0337 0.0338 0.0339 0.034
 0.0341 0.0343 0.0344 0.0346 0.0348 0.0349 0.035  0.0351 0.0352 0.0353
 0.0355 0.0358 0.0359 0.0363 0.0364 0.0365 0.037  0.0376 0.0381 0.0388
 0.0389 0.0397 0.0412 0.0414 0.0416 0.0429 0.043  0.045  0.047  0.0489
 0.0499 0.051  0.0523 0.0632 0.0635 0.0643 0.0661 0.0677 0.0694 0.0697
 0.0774 0.0778 0.0794 0.0795 0.0799 0.08   0.0802 0.0803 0.0804 0.0805
 0.0806 0.081  0.0813 0.0814 0.0519 0.0523 0.0534 0.056  0.0632 0.0633 0.0636 0.0646 0.0661 0.0672
 0.0699 0.0734 0.0736 0.0833 0.1014 0.1039 0.1088 0.1108 0.1133 0.114
 0.1172 0.1175 0.119  0.1191 0.12   0.1206 0.1212 0.1218 0.1251 0.1279
 0.128  0.1281 0.1298 0.1323 0.1452 0.1475 0.1521 0.1533 0.1555 0.1567
 0.1575 0.158  0.1587 0.1588 0.1591 0.16   0.1604 0.1614 0.1623 0.1641
 0.1662 0.1663 0.1688 0.17   0.1728 0.1776 0.1784 0.179  0.1794 0.1797
 0.1823 0.1827 0.1829 0.183  0.184  0.1841 0.1846 0.1849 0.1851 0.1853
 0.1854 0.1855 0.186  0.1863 0.1867 0.187  0.1871 0.1875 0.188  0.1885
 0.1887 0.1892 0.1902 0.1904 0.1911 0.1913 0.1917 0.1918 0.1926 0.193
 0.1932 0.1939 0.1942 0.1943 0.1947 0.1949 0.195  0.1951 0.1952 0.1953
 0.1954 0.1956 0.1957 0.1959 0.1961 0.1962 0.1964 0.1965 0.1968 0.1969
 0.1972 0.1973 0.1974 0.1975 0.1981 0.1984 0.1985 0.1989 0.1991 0.1992
 0.1993 0.1997 0.1998 0.1999 0.2    0.2001 0.2003 0.2004 0.2005 0.2009
 0.201 
-1.7097989949748744 0.0311 0.0321 0.0811 0.1261 0.1866 0.201 
-1.7108040201005026 0.0309 0.031  0.0311 0.0312 0.0313 0.0314 0.0319 0.032  0.0321 0.0322
 0.0802 0.0803 0.0804 0.0805 0.0806 0.0807 0.0808 0.0811 0.0812 0.0813
 0.0814 0.0815 0.0816 0.0817 0.0818 0.0819 0.119  0.1191 0.1195 0.1204 0.1212 0.1213 0.1214 0.1215 0.1219 0.1224
 0.1225 0.1231 0.1239 0.1258 0.1262 0.1263 0.1265 0.1268 0.1274 0.1276
 0.1279 0.128  0.1281 0.1283 0.1285 0.1286 0.1289 0.1291 0.1292 0.1294
 0.1303 0.1307 0.1309 0.131  0.1312 0.1314 0.1315 0.1318 0.1321 0.1322
 0.1324 0.1847 0.1848 0.1851 0.1853 0.1854 0.1855 0.1857 0.1859 0.1861
 0.1866 0.1867 0.1868 0.1869 0.187  0.1871 0.1872 0.1873 0.1874 0.1875
 0.1876 0.1877 0.1878 0.1879 0.188  0.2008 0.2009 0.201  0.2011
-1.7118090452261308 0.0307 0.0308 0.0309 0.031  0.0312 0.0313 0.0314 0.0315 0.0316 0.0317
 0.0319 0.032  0.0321 0.0322 0.0795 0.0796 0.0797 0.08   0.0801 0.0802
 0.0804 0.0805 0.0806 0.0807 0.0808 0.0809 0.0814 0.0816 0.0818 0.0819
 0.082  0.0821 0.0823 0.0824 0.0825 0.1138 0.1139 0.114  0.1142 0.1148 0.1156 0.1176 0.1183 0.1184 0.1185
 0.1186 0.1187 0.1189 0.119  0.1198 0.1206 0.1212 0.1218 0.1222 0.1225
 0.123  0.1231 0.1236 0.124  0.1242 0.1245 0.1285 0.1304 0.1321 0.1322
 0.1323 0.1325 0.1326 0.1328 0.1329 0.1333 0.1336 0.1349 0.1361 0.1367
 0.1372 0.1375 0.1376 0.1377 0.1378 0.183  0.1831 0.1832 0.1834 0.1836
 0.1843 0.1845 0.1846 0.1847 0.185  0.1852 0.1854 0.1856 0.1857 0.1858
 0.1859 0.1861 0.1862 0.1863 0.1873 0.1877 0.188  0.1881 0.1882 0.1883
 0.2008 0.2009 0.201  0.2011
-1.712814070351759 0.031  0.032  0.0321 0.0322 0.0806 0.0831 0.1226 0.143  0.1858 0.1864 0.2009 0.2011
-1.7138190954773869 0.1923
-1.714824120603015 0.1923
-1.7158291457286432 0.1923
-1.7168341708542714 0.0315 0.0317 0.0318 0.0323 0.0821 0.0822 0.0825 0.0826 0.135  0.1355 0.1383 0.1394 0.1882 0.1884 0.1885 0.2009
-1.7178391959798995 0.1923
-1.7188442211055277 0.1923
-1.7198492462311559 0.1923
-1.720854271356784 0.1923
-1.7218592964824122 0.1923
-1.7228643216080402 0.1923
-1.7238693467336683 0.1923
-1.7248743718592965 0.1923
-1.7258793969849247 0.1923
-1.7268844221105528 0.1923
-1.727889447236181 0.1923
-1.7288944723618092 0.1923
-1.729899497487437 0.1923
-1.7309045226130653 0.1923
-1.7319095477386934 0.1923
-1.7329145728643216 0.1923
-1.7339195979899498 0.1923
-1.734924623115578 0.1923
-1.735929648241206 0.1923
-1.7369346733668343 0.1923
-1.7379396984924624 0.1923
-1.7389447236180904 0.1923
-1.7399497487437185 0.1923
-1.7409547738693467 0.1923
-1.7419597989949749 0.1923
-1.742964824120603 0.1923
-1.7439698492462312 0.1923
-1.7449748743718594 0.1923
-1.7459798994974876 0.1923
-1.7469849246231157 0.1923
-1.7479899497487437 0.1923
-1.7489949748743718 0.1923
-1.75 0.1923
