-1.55 0.03265 0.19265
-1.552 0.03267 0.19268
-1.554 0.03268 0.19272
-1.556 0.0327 0.19275
-1.558 0.03271 0.19278
-1.56 0.03273 0.19281
-1.562 0.03274 0.19284
-1.564 0.03276 0.19287
-1.566 0.03277 0.1929
-1.568 0.03279 0.19293
-1.57 0.0328 0.19296
-1.572 0.03282 0.19299
-1.574 0.03284 0.19301
-1.576 0.03285 0.19304
-1.578 0.03287 0.19307
-1.58 0.03289 0.19309
-1.582 0.0329 0.19312
-1.584 0.03292 0.19314
-1.586 0.03294 0.19317
-1.588 0.03295 0.19319
-1.59 0.03297 0.19322
-1.592 0.03299 0.19324
-1.594 0.033 0.19326
-1.596 0.03273 0.03335 0.19198 0.19436
-1.598 0.03254 0.03363 0.19089 0.19504
-1.6 0.03243 0.03383 0.19007 0.19545
-1.602 0.03235 0.034 0.18936 0.19575
-1.604 0.03228 0.03416 0.18872 0.196
-1.606 0.03223 0.0343 0.18813 0.19619
-1.608 0.03218 0.03443 0.18756 0.19636
-1.61 0.03214 0.03456 0.18703 0.19651
-1.612 0.03211 0.03467 0.18651 0.19664
-1.614 0.03207 0.03479 0.18602 0.19676
-1.616 0.03204 0.0349 0.18553 0.19686
-1.618 0.03202 0.035 0.18507 0.19695
-1.62 0.03199 0.0351 0.18461 0.19704
-1.622 0.03197 0.0352 0.18416 0.19711
-1.624 0.03195 0.0353 0.18372 0.19719
-1.6260000000000001 0.03193 0.03539 0.18328 0.19725
-1.6280000000000001 0.03191 0.03548 0.18286 0.19731
-1.6300000000000001 0.0319 0.03557 0.18244 0.19737
-1.6320000000000001 0.03188 0.03565 0.18203 0.19742
-1.6340000000000001 0.03187 0.03574 0.18162 0.19747
-1.6360000000000001 0.03185 0.03186 0.0358 0.03581 0.03584 0.1811 0.18111 0.18112 0.18131 0.18132 0.18133 0.1975 0.19751 0.19752
-1.6380000000000001 0.03175 0.03197 0.03546 0.03624 0.17844 0.18367 0.1973 0.19768
-1.6400000000000001 0.03172 0.03203 0.03533 0.03643 0.17718 0.18461 0.1972 0.19773
-1.6420000000000001 0.03169 0.03208 0.03524 0.03658 0.17618 0.1853 0.19712 0.19776
-1.6440000000000001 0.03166 0.03169 0.03206 0.03218 0.03506 0.03531 0.03662 0.03677 0.17484 0.17599 0.18499 0.18646 0.19697 0.19717 0.19771 0.19785
-1.6460000000000001 0.03163 0.03164 0.03165 0.03166 0.03167 0.03168 0.03169 0.0317 0.03171 0.03172 0.03193 0.03194 0.03195 0.03197 0.03201 0.03202 0.03203 0.03204 0.03205 0.03208 0.03211 0.03212 0.03213 0.03219 0.0322 0.03222 0.03224 0.03225 0.03226 0.03228 0.03229 0.0323 0.03485 0.03486 0.03488 0.03493 0.03495 0.03496 0.03497 0.035 0.03503 0.03505 0.03506 0.03519 0.0352 0.03522 0.03524 0.0353 0.03538 0.03542 0.03544 0.03547 0.03549 0.03561 0.03567 0.03569 0.0357 0.03571 0.03649 0.0365 0.03651 0.03654 0.03661 0.03664 0.03665 0.03667 0.03671 0.03675 0.03676 0.03677 0.03678 0.03686 0.03687 0.03688 0.03689 0.0369 0.03691 0.03692 0.03693 0.03695 0.03697 0.03698 0.17339 0.1734 0.17341 0.17343 0.17346 0.17355 0.17375 0.17384 0.17389 0.17396 0.17403 0.17411 0.17423 0.1743 0.17433 0.17436 0.17492 0.17498 0.17504 0.17517 0.17542 0.17575 0.17591 0.17601 0.17622 0.17673 0.17695 0.17704 0.17708 0.1771 0.17712 0.18269 0.18272 0.18275 0.18282 0.18296 0.18329 0.18404 0.18418 0.18435 0.18449 0.18472 0.18517 0.18552 0.18569 0.18577 0.18585 0.18657 0.1866 0.18664 0.18672 0.18688 0.18706 0.18714 0.1872 0.1873 0.18754 0.18764 0.18768 0.1877 0.18771 0.18772 0.19677 0.19678 0.19679 0.1968 0.19684 0.19686 0.19687 0.19688 0.19691 0.19693 0.19694 0.19695 0.19696 0.19706 0.19707 0.19708 0.1971 0.19715 0.1972 0.19723 0.19725 0.19726 0.19728 0.19736 0.19739 0.19741 0.19742 0.19755 0.19756 0.19757 0.19759 0.19764 0.19766 0.19767 0.19768 0.19772 0.19774 0.19775 0.19776 0.19785 0.19786 0.19787 0.19788 0.19791 0.19793 0.19794 0.19795 0.19796
-1.6480000000000001 0.0316 0.03161 0.03162 0.03166 0.03167 0.03168 0.03169 0.0317 0.03171 0.03173 0.03174 0.03175 0.03176 0.03177 0.03179 0.0318 0.03181 0.03182 0.03183 0.03184 0.03185 0.03186 0.03188 0.03194 0.03196 0.032 0.03203 0.03206 0.03208 0.03209 0.03213 0.03232 0.03238 0.03243 0.03244 0.03246 0.03463 0.03465 0.03467 0.03474 0.03475 0.03476 0.03485 0.03523 0.03533 0.03535 0.0354 0.03546 0.03554 0.03566 0.03567 0.03573 0.03593 0.03597 0.03598 0.03599 0.036 0.03602 0.03605 0.03609 0.03611 0.03615 0.03616 0.03619 0.0362 0.03621 0.03623 0.03635 0.03639 0.0364 0.03642 0.03643 0.03646 0.03647 0.03649 0.03659 0.03661 0.03663 0.03669 0.03674 0.03677 0.03679 0.0368 0.03686 0.03706 0.0371 0.03711 0.03715 0.03716 0.03717 0.03718 0.17187 0.1719 0.17198 0.172 0.17205 0.17243 0.17246 0.17249 0.1725 0.17292 0.1746 0.17502 0.17509 0.1753 0.17555 0.17588 0.17636 0.17639 0.17667 0.17744 0.17759 0.17762 0.17767 0.17769 0.17778 0.17789 0.17808 0.17817 0.17848 0.17909 0.17926 0.17931 0.17958 0.17959 0.17967 0.18014 0.1803 0.1806 0.1808 0.18095 0.18108 0.18113 0.18139 0.18267 0.18311 0.18314 0.1839 0.18439 0.18475 0.18505 0.18516 0.18574 0.18785 0.18833 0.18836 0.1884 0.18881 0.18886 0.18888 0.18897 0.18899 0.19654 0.19655 0.19657 0.19658 0.19666 0.19667 0.19676 0.19708 0.19715 0.19717 0.1972 0.19724 0.19726 0.19727 0.1973 0.19732 0.19738 0.19743 0.19744 0.19745 0.19746 0.19754 0.19756 0.19757 0.19758 0.19759 0.19761 0.19763 0.19764 0.19768 0.19776 0.19778 0.19781 0.19782 0.19786 0.19788 0.1979 0.19792 0.19793 0.19794 0.19796 0.19797 0.19798 0.198 0.19801 0.19802 0.19803
-1.6500000000000001 0.03157 0.03158 0.0316 0.03161 0.03162 0.03163 0.03164 0.03168 0.03169 0.03171 0.03172 0.03173 0.03174 0.03175 0.0318 0.03183 0.03186 0.03187 0.03188 0.0319 0.03191 0.03192 0.03195 0.03196 0.03197 0.03198 0.03201 0.03218 0.0322 0.03222 0.03224 0.03226 0.03234 0.03235 0.03237 0.03238 0.0324 0.03242 0.03243 0.03244 0.03256 0.0326 0.03264 0.03265 0.03441 0.03442 0.03447 0.03448 0.03452 0.0347 0.03472 0.03475 0.03479 0.03483 0.03485 0.03499 0.03502 0.03507 0.0351 0.03515 0.03557 0.03559 0.03564 0.03565 0.03568 0.03581 0.03582 0.03583 0.03584 0.03588 0.03595 0.03596 0.03601 0.03613 0.03623 0.03626 0.0364 0.03641 0.03646 0.03652 0.03657 0.03661 0.03662 0.0367 0.03675 0.03698 0.03702 0.03704 0.03705 0.03712 0.03714 0.03715 0.03717 0.03719 0.0372 0.03721 0.03722 0.03732 0.03734 0.03737 0.03738 0.17032 0.17038 0.17063 0.17067 0.17089 0.17175 0.17177 0.17188 0.17201 0.1722 0.17221 0.17239 0.17249 0.17307 0.17324 0.17346 0.17357 0.17376 0.17545 0.17578 0.17641 0.17646 0.17668 0.17698 0.17714 0.17759 0.17799 0.17807 0.1793 0.17946 0.18019 0.18102 0.18114 0.18132 0.18185 0.1819 0.18204 0.18221 0.18229 0.1829 0.18311 0.18335 0.18345 0.18387 0.18634 0.18659 0.18674 0.18701 0.18723 0.18794 0.18805 0.18826 0.18827 0.18849 0.18863 0.18875 0.18877 0.18966 0.18987 0.18991 0.19015 0.19021 0.19629 0.1963 0.19636 0.19637 0.19641 0.1966 0.19662 0.19665 0.19669 0.19673 0.19675 0.1968 0.19683 0.19687 0.1969 0.19694 0.19696 0.197 0.19706 0.19731 0.19736 0.19739 0.1974 0.19744 0.19746 0.19747 0.19748 0.1975 0.19754 0.19755 0.19757 0.1976 0.19763 0.19764 0.19769 0.1977 0.19778 0.19782 0.19785 0.19787 0.19789 0.19792 0.19801 0.19802 0.19803 0.19806 0.19807 0.19808 0.1981 0.19811
-1.6520000000000001 0.03153 0.03154 0.03155 0.03156 0.03158 0.03164 0.03166 0.03168 0.03169 0.0318 0.03182 0.03194 0.03197 0.03198 0.032 0.03202 0.03203 0.03204 0.03205 0.03208 0.03214 0.03216 0.03217 0.03222 0.03233 0.03237 0.03239 0.0324 0.03253 0.03255 0.03272 0.03273 0.03274 0.03278 0.03284 0.03289 0.03296 0.03298 0.03299 0.033 0.03408 0.03409 0.0341 0.03412 0.03419 0.03423 0.03429 0.0343 0.03434 0.03435 0.03437 0.03458 0.03471 0.03473 0.03476 0.03482 0.03483 0.03503 0.03516 0.03521 0.03523 0.03526 0.03535 0.03547 0.03551 0.03557 0.03566 0.0357 0.03579 0.03617 0.03623 0.03672 0.03679 0.03686 0.0369 0.03698 0.037 0.03734 0.03746 0.03748 0.03749 0.03751 0.03755 0.03758 0.03762 0.03763 0.03764 0.03765 0.16809 0.16814 0.1682 0.16821 0.16832 0.16833 0.16834 0.16871 0.16896 0.1693 0.16952 0.16958 0.16968 0.17073 0.17356 0.17363 0.17374 0.1746 0.17474 0.17528 0.17546 0.17577 0.17938 0.17979 0.18261 0.18316 0.18345 0.1837 0.18406 0.18426 0.18433 0.18456 0.18498 0.185 0.18584 0.18599 0.18606 0.18609 0.18681 0.18785 0.18787 0.18791 0.18821 0.18837 0.18851 0.18949 0.19052 0.19061 0.19067 0.19086 0.19115 0.19136 0.19165 0.19166 0.19167 0.19176 0.19177 0.19181 0.19185 0.19575 0.19579 0.19582 0.19583 0.19585 0.19587 0.19588 0.1959 0.19591 0.196 0.19606 0.19614 0.19619 0.1962 0.19622 0.19629 0.19646 0.19648 0.1966 0.19663 0.19669 0.19704 0.19705 0.19707 0.19718 0.19722 0.19723 0.19726 0.19735 0.19738 0.19744 0.19756 0.1976 0.19764 0.19772 0.19773 0.19794 0.19798 0.19802 0.19803 0.19804 0.19805 0.19813 0.19814 0.19815 0.19816 0.19817 0.19818
-1.6540000000000001 0.03149 0.03152 0.03153 0.03154 0.03155 0.03157 0.03159 0.03161 0.03163 0.03166 0.03168 0.03169 0.03172 0.03173 0.03174 0.03176 0.03179 0.0318 0.03182 0.03187 0.0319 0.03194 0.03195 0.03202 0.03203 0.03208 0.03218 0.03219 0.03223 0.0323 0.03234 0.03236 0.03243 0.03244 0.03249 0.03251 0.03256 0.03264 0.03278 0.03281 0.03292 0.03296 0.03301 0.03305 0.03308 0.03309 0.03316 0.03334 0.03338 0.03341 0.03381 0.03383 0.03385 0.03388 0.03394 0.03401 0.03405 0.03408 0.03415 0.03419 0.0343 0.03433 0.03441 0.03458 0.03459 0.0346 0.03469 0.03475 0.03477 0.0348 0.03485 0.03491 0.03499 0.03504 0.03519 0.03521 0.03538 0.03549 0.03556 0.03559 0.0358 0.03582 0.03593 0.03601 0.03622 0.03628 0.03631 0.03645 0.03651 0.03657 0.03664 0.03674 0.0368 0.03693 0.03694 0.03708 0.03712 0.03719 0.0373 0.03731 0.03742 0.03755 0.03759 0.03763 0.03766 0.03772 0.03773 0.03785 0.03786 0.03787 0.03789 0.16598 0.16612 0.16628 0.16633 0.1675 0.16767 0.16808 0.16831 0.16889 0.16908 0.17037 0.17114 0.17123 0.17218 0.173 0.17308 0.17444 0.17454 0.17529 0.17536 0.17576 0.17677 0.17706 0.17754 0.17821 0.17916 0.17923 0.17986 0.181 0.18182 0.18256 0.18268 0.18399 0.18416 0.18427 0.18496 0.18623 0.18634 0.18685 0.18745 0.18755 0.18787 0.18812 0.1886 0.1887 0.18871 0.18914 0.18926 0.18954 0.19009 0.19079 0.19096 0.19146 0.19165 0.19189 0.19197 0.19209 0.19222 0.19247 0.19296 0.19307 0.19315 0.19437 0.19449 0.19463 0.19529 0.19542 0.19545 0.1955 0.19554 0.19557 0.19569 0.19579 0.19583 0.19589 0.19593 0.19596 0.19599 0.19611 0.19612 0.19617 0.19646 0.19658 0.19663 0.19664 0.19684 0.19701 0.19702 0.19722 0.19728 0.1973 0.19737 0.19741 0.19743 0.19744 0.19751 0.19753 0.19756 0.19767 0.19771 0.19773 0.19778 0.19779 0.19786 0.19787 0.19799 0.198 0.19805 0.19807 0.19816 0.1982 0.19823 0.19824
-1.6560000000000001 0.03145 0.03146 0.0315 0.03151 0.03152 0.03153 0.03155 0.03157 0.0316 0.03161 0.03164 0.03168 0.03169 0.03171 0.03173 0.03174 0.03177 0.03181 0.03185 0.03187 0.03189 0.03191 0.03202 0.03205 0.03209 0.03211 0.03213 0.03223 0.03233 0.03237 0.03243 0.03249 0.03251 0.03255 0.03267 0.03269 0.0328 0.03283 0.03286 0.03287 0.03288 0.03303 0.03307 0.03311 0.03314 0.03321 0.03327 0.03328 0.0333 0.03339 0.03353 0.03355 0.0336 0.03361 0.03364 0.03374 0.0338 0.03382 0.03383 0.03393 0.03395 0.03398 0.03399 0.03406 0.03412 0.03418 0.03422 0.03425 0.03426 0.03428 0.03438 0.03449 0.03455 0.0346 0.03464 0.03469 0.03474 0.03482 0.03497 0.03516 0.03529 0.03533 0.03534 0.03545 0.03548 0.03557 0.03595 0.03597 0.03603 0.03607 0.0363 0.03647 0.03653 0.03663 0.03667 0.03677 0.03686 0.03705 0.03721 0.03727 0.03741 0.03755 0.03766 0.03767 0.03776 0.03778 0.03784 0.03806 0.03809 0.0381 0.03814 0.03815 0.16363 0.16373 0.16411 0.16414 0.1642 0.16445 0.1667 0.16713 0.16752 0.16831 0.16838 0.16945 0.17042 0.17164 0.1724 0.17352 0.1753 0.17568 0.17647 0.17701 0.17753 0.17826 0.17943 0.18057 0.18105 0.18108 0.18139 0.18186 0.18395 0.1845 0.18498 0.18531 0.18535 0.18559 0.18667 0.18768 0.18813 0.18858 0.18907 0.18914 0.18923 0.18948 0.19016 0.19034 0.19092 0.19105 0.19115 0.19122 0.19126 0.19187 0.19209 0.19218 0.19223 0.19234 0.19249 0.19277 0.19281 0.19287 0.19314 0.19394 0.19408 0.19411 0.19413 0.19433 0.19439 0.19454 0.19488 0.1949 0.19492 0.19495 0.195 0.19502 0.19503 0.19505 0.19511 0.1952 0.19546 0.19553 0.19557 0.19568 0.1957 0.19579 0.19582 0.19588 0.19607 0.19609 0.19633 0.19637 0.19638 0.19651 0.19655 0.1966 0.19681 0.19694 0.19697 0.19698 0.19719 0.19734 0.19743 0.19744 0.1975 0.19751 0.19757 0.19766 0.1977 0.19778 0.19779 0.19786 0.19787 0.19795 0.19807 0.19808 0.1982 0.19822 0.19823 0.19824 0.19825 0.19826 0.19827 0.1983 0.19831
-1.6580000000000001 0.03142 0.03144 0.03145 0.03146 0.03147 0.03149 0.03152 0.03155 0.03158 0.0316 0.03162 0.03166 0.03167 0.03176 0.03181 0.03185 0.03188 0.03191 0.03194 0.03197 0.03217 0.03219 0.03224 0.03225 0.03227 0.03231 0.03236 0.0324 0.03242 0.03243 0.0325 0.0326 0.03265 0.03269 0.03272 0.03294 0.03296 0.03299 0.033 0.03302 0.03306 0.03308 0.03314 0.03319 0.03324 0.03335 0.03337 0.03339 0.03346 0.03348 0.03349 0.03353 0.03354 0.03356 0.03357 0.03369 0.03371 0.03373 0.03378 0.03389 0.0339 0.03392 0.03393 0.03396 0.03401 0.03403 0.03409 0.0341 0.03412 0.03414 0.03417 0.03437 0.0344 0.03452 0.03455 0.03466 0.03481 0.03483 0.03486 0.03487 0.03496 0.03504 0.03508 0.03513 0.03518 0.03522 0.03529 0.03575 0.03588 0.03597 0.03603 0.03612 0.03629 0.0365 0.03693 0.03719 0.03727 0.0374 0.03744 0.03756 0.03777 0.03779 0.03793 0.03794 0.03796 0.03802 0.0381 0.03818 0.0382 0.03821 0.03823 0.03833 0.16207 0.16292 0.16324 0.16331 0.16349 0.16442 0.16503 0.16579 0.16582 0.1659 0.16737 0.16738 0.16934 0.17062 0.17072 0.17186 0.17247 0.17457 0.17487 0.17785 0.1794 0.18057 0.18118 0.18184 0.18243 0.18297 0.18602 0.18608 0.18631 0.18684 0.18692 0.1871 0.1875 0.18797 0.18828 0.1884 0.18854 0.18909 0.18975 0.18997 0.19031 0.19045 0.19152 0.19159 0.19171 0.19177 0.192 0.19208 0.19229 0.19246 0.19262 0.19289 0.19294 0.19296 0.19328 0.19334 0.19346 0.19384 0.19396 0.1943 0.19436 0.19437 0.19445 0.19448 0.19457 0.19465 0.19468 0.1947 0.19477 0.19479 0.19488 0.1949 0.19494 0.19506 0.19519 0.1952 0.19534 0.19537 0.19554 0.19555 0.19556 0.19576 0.19583 0.19593 0.19594 0.19602 0.19607 0.19618 0.19622 0.19639 0.19667 0.19669 0.19671 0.19693 0.19694 0.197 0.19706 0.19713 0.19728 0.19746 0.19751 0.19755 0.1977 0.19774 0.19781 0.19789 0.19797 0.198 0.19808 0.19809 0.19813 0.19816 0.19821 0.19822 0.19824 0.19827 0.19831 0.19834 0.19836 0.19839
-1.6600000000000001 0.03136 0.03137 0.03197 0.03198 0.03199 0.03202 0.03205 0.03206 0.03207 0.03208 0.0321 0.03211 0.03212 0.03301 0.03302 0.03304 0.03306 0.03307 0.03308 0.03309 0.0331 0.03537 0.03539 0.03542 0.03546 0.03547 0.03548 0.03549 0.03551 0.03552 0.03553 0.03554 0.03561 0.03569 0.0357 0.03571 0.03572 0.03573 0.03574 0.03575 0.03864 0.03865 0.03866 0.03867 0.03868 0.03871 0.03872 0.03873 0.15801 0.15802 0.15803 0.15806 0.15809 0.1581 0.15813 0.15815 0.15836 0.15855 0.15859 0.15861 0.15864 0.15869 0.15873 0.15876 0.15877 0.15888 0.15897 0.15902 0.15903 0.18306 0.1831 0.18316 0.18324 0.18325 0.18334 0.18337 0.18339 0.18387 0.18429 0.18438 0.18442 0.1845 0.18459 0.18467 0.18468 0.18475 0.18477 0.18502 0.18521 0.18531 0.18533 0.18534 0.19352 0.19353 0.19354 0.19355 0.19356 0.19362 0.19367 0.19368 0.19369 0.1937 0.19371 0.19372 0.19373 0.19376 0.19379 0.1938 0.19381 0.19622 0.19623 0.19624 0.19627 0.19631 0.19632 0.19633 0.19634 0.19635 0.19637 0.19639 0.19645 0.19652 0.19653 0.19654 0.19655 0.19656 0.19838 0.19839 0.19841 0.19842 0.19843 0.19844 0.19845 0.19846
-1.6620000000000001 0.0313 0.03131 0.03134 0.03137 0.03138 0.03145 0.03146 0.03147 0.03148 0.0315 0.03153 0.03157 0.03164 0.03168 0.03169 0.03173 0.0318 0.03183 0.03184 0.0319 0.03199 0.03207 0.0321 0.03211 0.03217 0.03222 0.03224 0.03234 0.03236 0.03239 0.0324 0.03248 0.03265 0.03278 0.03279 0.03281 0.03282 0.03295 0.03296 0.033 0.03309 0.0331 0.03313 0.03318 0.03319 0.0332 0.03326 0.0334 0.03342 0.03346 0.03348 0.03352 0.03356 0.03358 0.0337 0.03371 0.03374 0.03375 0.03376 0.03383 0.03384 0.03385 0.0339 0.03391 0.03394 0.03401 0.03404 0.03416 0.03417 0.03418 0.03419 0.0342 0.03445 0.03453 0.03475 0.03488 0.03493 0.03496 0.03497 0.03514 0.03518 0.03529 0.03543 0.03544 0.03551 0.03579 0.03602 0.0362 0.03629 0.03631 0.03644 0.03669 0.03687 0.03692 0.03698 0.03712 0.03748 0.03777 0.03789 0.03806 0.03808 0.03812 0.03815 0.03816 0.03822 0.0386 0.03868 0.03884 0.03898 0.03899 0.03904 0.15479 0.15524 0.15535 0.15693 0.15865 0.15954 0.15966 0.1637 0.16399 0.16412 0.16468 0.165 0.16507 0.16657 0.16661 0.16804 0.17033 0.17329 0.17486 0.1749 0.17526 0.17679 0.17896 0.17984 0.17996 0.18019 0.18147 0.1833 0.18458 0.18505 0.18513 0.18592 0.1865 0.18674 0.18772 0.18788 0.18805 0.18817 0.18883 0.18993 0.19066 0.19147 0.19149 0.19165 0.19196 0.192 0.19216 0.19232 0.1926 0.19266 0.19279 0.19282 0.19302 0.19303 0.19307 0.19312 0.19317 0.19329 0.19336 0.19339 0.19351 0.19375 0.19378 0.19383 0.19401 0.19403 0.19407 0.19408 0.19411 0.19431 0.19444 0.19451 0.19471 0.19477 0.19478 0.19516 0.19524 0.19527 0.19529 0.19542 0.1955 0.19552 0.19559 0.19575 0.19582 0.19586 0.19589 0.1959 0.19595 0.19599 0.1962 0.19625 0.19632 0.19634 0.19635 0.19677 0.19685 0.19687 0.1973 0.19731 0.19733 0.19738 0.19744 0.19766 0.19767 0.19773 0.19776 0.19796 0.19798 0.19804 0.19808 0.19825 0.19828 0.19831 0.19834 0.19836 0.19838 0.19839 0.19846 0.19847 0.1985
-1.6640000000000001 0.03124 0.03126 0.03131 0.03132 0.03137 0.03144 0.03146 0.03148 0.03149 0.03152 0.03155 0.03158 0.03164 0.03166 0.03167 0.03168 0.0317 0.03172 0.03181 0.03182 0.03188 0.03191 0.03197 0.03203 0.03205 0.03208 0.03222 0.03228 0.03243 0.03246 0.0325 0.03252 0.03256 0.03257 0.03264 0.03281 0.03283 0.03284 0.03286 0.03288 0.03289 0.03294 0.03306 0.03312 0.03314 0.03318 0.03319 0.03321 0.03338 0.03341 0.03351 0.03352 0.03359 0.0336 0.03362 0.03374 0.03378 0.03379 0.03385 0.03387 0.034 0.03401 0.03404 0.03413 0.03414 0.03425 0.03429 0.03444 0.03475 0.0348 0.03485 0.03519 0.03523 0.03553 0.03559 0.03564 0.03581 0.03601 0.03617 0.03639 0.0364 0.03644 0.03675 0.03676 0.03678 0.03684 0.03697 0.03701 0.03703 0.0371 0.03714 0.03745 0.03762 0.0378 0.03797 0.03809 0.03818 0.03822 0.03831 0.0387 0.03874 0.03894 0.03896 0.03898 0.039 0.03902 0.03926 0.03937 0.03938 0.15103 0.15115 0.15118 0.15248 0.15491 0.15528 0.15557 0.15575 0.15847 0.15864 0.16257 0.16388 0.16429 0.1652 0.16601 0.16759 0.16922 0.17075 0.17326 0.174 0.17462 0.17466 0.17477 0.1757 0.17631 0.17636 0.17658 0.17911 0.17935 0.17947 0.18095 0.18168 0.18294 0.18398 0.18424 0.18464 0.18641 0.18698 0.18842 0.18867 0.18892 0.18904 0.19082 0.19115 0.19135 0.19161 0.19164 0.19165 0.19184 0.19205 0.19223 0.19227 0.19239 0.19278 0.19286 0.19289 0.19298 0.19301 0.19303 0.19328 0.19331 0.19349 0.1935 0.19376 0.19382 0.19386 0.19397 0.19411 0.1944 0.19445 0.19453 0.19482 0.19489 0.19495 0.19529 0.1954 0.19555 0.19562 0.19563 0.19567 0.19583 0.19609 0.19622 0.19629 0.19634 0.19649 0.1966 0.19664 0.1968 0.19694 0.19719 0.19724 0.19731 0.19741 0.19759 0.1977 0.19771 0.19772 0.19778 0.19787 0.19788 0.19794 0.19795 0.19798 0.19799 0.19802 0.19818 0.1982 0.19827 0.19834 0.19837 0.19838 0.19839 0.19851 0.19856 0.19858 0.19859 0.1986
-1.6660000000000001 0.02932 0.02939 0.03096 0.03099 0.03119 0.0312 0.03127 0.0313 0.03131 0.03132 0.03133 0.03134 0.03135 0.03139 0.03144 0.03145 0.03147 0.03148 0.0315 0.03153 0.03158 0.03163 0.03165 0.03167 0.03169 0.03171 0.03177 0.0318 0.03181 0.03187 0.03188 0.03198 0.03203 0.03207 0.03215 0.03221 0.03224 0.0323 0.03232 0.03237 0.03245 0.03246 0.03252 0.03268 0.03269 0.03276 0.03279 0.03284 0.03291 0.03298 0.03303 0.03304 0.03307 0.0331 0.03314 0.03317 0.03324 0.0333 0.03336 0.03349 0.03351 0.03366 0.03372 0.03378 0.03382 0.03393 0.03396 0.03407 0.0341 0.03413 0.03414 0.03426 0.0343 0.03446 0.03465 0.03475 0.03495 0.03498 0.03505 0.03506 0.03518 0.0352 0.03527 0.03541 0.03588 0.03611 0.03617 0.03619 0.03642 0.03646 0.03654 0.03679 0.03688 0.0369 0.03709 0.03718 0.03724 0.03751 0.03776 0.038 0.03813 0.03824 0.03832 0.03836 0.0386 0.03884 0.03885 0.03891 0.039 0.03908 0.03913 0.03923 0.03959 0.04038 0.04049 0.04433 0.04449 0.08384 0.08569 0.13696 0.13837 0.14864 0.14884 0.15288 0.15431 0.15486 0.15578 0.15658 0.15714 0.15726 0.15983 0.16264 0.16309 0.16344 0.16463 0.16629 0.1667 0.16747 0.16813 0.17029 0.17264 0.17356 0.17433 0.17543 0.17597 0.17619 0.17817 0.17894 0.1791 0.18069 0.18101 0.18106 0.18301 0.18551 0.18626 0.18664 0.1871 0.18716 0.18741 0.18745 0.18758 0.18784 0.1884 0.18902 0.18994 0.19047 0.19095 0.19101 0.19162 0.19177 0.19195 0.19211 0.19221 0.19226 0.19236 0.19269 0.19281 0.19285 0.1931 0.19312 0.19325 0.19336 0.19352 0.19355 0.1939 0.19411 0.19428 0.19438 0.19452 0.19459 0.19505 0.1951 0.19517 0.19526 0.19551 0.19557 0.19577 0.19579 0.19586 0.19588 0.19599 0.19603 0.19607 0.19611 0.19624 0.19643 0.19672 0.19676 0.19692 0.19693 0.19713 0.19717 0.19736 0.19741 0.19755 0.19758 0.19772 0.1978 0.19787 0.19791 0.19798 0.198 0.19804 0.19817 0.19827 0.1983 0.19831 0.19841 0.19842 0.19856 0.19857 0.19858 0.19859 0.19865 0.1994 0.19944
-1.6680000000000001 0.02896 0.02906 0.02962 0.02974 0.03002 0.03039 0.03041 0.03047 0.03058 0.03059 0.03094 0.03099 0.03108 0.03112 0.03115 0.03117 0.03121 0.0313 0.03132 0.03135 0.03137 0.03139 0.03141 0.03143 0.03144 0.03152 0.03154 0.03155 0.03157 0.03159 0.0316 0.03165 0.03166 0.03169 0.0317 0.03172 0.03173 0.03174 0.03176 0.03177 0.03179 0.03182 0.03183 0.0319 0.03201 0.03208 0.03209 0.03218 0.0322 0.03221 0.03228 0.03233 0.03235 0.03236 0.03239 0.03241 0.03244 0.0325 0.03254 0.03268 0.03277 0.03282 0.03284 0.03293 0.03308 0.03321 0.03323 0.03335 0.03353 0.0337 0.03374 0.03397 0.03405 0.03448 0.03452 0.03458 0.03485 0.0349 0.03503 0.03504 0.03517 0.03541 0.03546 0.03555 0.0361 0.0364 0.03641 0.03658 0.03671 0.03681 0.0369 0.03713 0.03714 0.03749 0.03764 0.03777 0.03789 0.03837 0.03849 0.03862 0.03877 0.03888 0.039 0.03911 0.03957 0.03974 0.03977 0.03981 0.03998 0.0401 0.04041 0.04065 0.04165 0.04168 0.04201 0.04216 0.043 0.04386 0.04514 0.04541 0.07444 0.07711 0.09149 0.1026 0.11418 0.11483 0.11691 0.12086 0.12129 0.13565 0.13828 0.14259 0.14451 0.14618 0.14706 0.14711 0.14931 0.15452 0.15566 0.15733 0.15857 0.15984 0.16117 0.16282 0.16285 0.16399 0.16717 0.1686 0.16983 0.16997 0.17067 0.17125 0.1737 0.17415 0.17444 0.17553 0.17675 0.17703 0.17841 0.17894 0.17919 0.1793 0.17961 0.17998 0.18131 0.18145 0.18161 0.18476 0.18576 0.186 0.18675 0.18734 0.18764 0.18768 0.18807 0.18839 0.18902 0.18908 0.18972 0.18998 0.19025 0.19045 0.19054 0.19055 0.19066 0.19125 0.19238 0.19273 0.19284 0.19318 0.19366 0.19401 0.19415 0.1943 0.19437 0.19474 0.19482 0.19499 0.19515 0.19518 0.19524 0.19565 0.1957 0.19622 0.19628 0.19662 0.19667 0.19683 0.19689 0.197 0.19708 0.19716 0.19719 0.19744 0.1975 0.19769 0.19777 0.19782 0.19794 0.19801 0.19808 0.19813 0.19819 0.19824 0.19827 0.19832 0.19841 0.19852 0.19853 0.19854 0.19855 0.19858 0.19868 0.19869 0.19883 0.19886 0.1989 0.19893 0.19903 0.19909 0.19925 0.19927 0.19947 0.19953
-1.6700000000000002 0.02873 0.02874 0.03097 0.03137 0.03203 0.03205 0.03206 0.0332 0.03321 0.03568 0.03574 0.04053 0.04055 0.04617 0.04621 0.06751 0.06782 0.13706 0.13733 0.15992 0.16006 0.18369 0.18411 0.18732 0.18741 0.19401 0.19405 0.19629 0.19635 0.19879 0.1988 0.19956 0.19957
-1.6720000000000002 0.02866 0.02868 0.0287 0.02877 0.02883 0.02895 0.03087 0.03093 0.03095 0.03099 0.03105 0.03106 0.03107 0.03123 0.03131 0.03132 0.03133 0.03137 0.03138 0.03139 0.03142 0.03148 0.0315 0.03152 0.03155 0.03159 0.03165 0.03166 0.03168 0.0317 0.03173 0.03174 0.03178 0.03189 0.03192 0.03196 0.03202 0.03205 0.03207 0.03209 0.03213 0.03217 0.03219 0.0322 0.03222 0.03227 0.03238 0.03244 0.03245 0.03261 0.03277 0.03286 0.03288 0.03289 0.03296 0.03297 0.033 0.03316 0.03319 0.03329 0.03332 0.03343 0.03365 0.03428 0.03435 0.03445 0.03465 0.03499 0.03504 0.03505 0.03515 0.03525 0.03538 0.0354 0.03552 0.03576 0.03609 0.03619 0.03667 0.03684 0.03687 0.03695 0.03706 0.03715 0.0372 0.03756 0.03772 0.03776 0.03794 0.03809 0.03818 0.03882 0.03904 0.03907 0.03949 0.04015 0.04025 0.04027 0.04051 0.04061 0.04069 0.04089 0.04091 0.04547 0.04585 0.04608 0.04703 0.04731 0.04733 0.0474 0.05959 0.06007 0.06008 0.06018 0.06177 0.06877 0.07075 0.07421 0.1325 0.13267 0.13534 0.13632 0.13789 0.1408 0.14132 0.14212 0.15053 0.15536 0.15573 0.15608 0.15635 0.15636 0.15642 0.15728 0.15857 0.1606 0.16147 0.16297 0.16517 0.16604 0.16691 0.16852 0.16855 0.1689 0.17093 0.17341 0.17383 0.1739 0.17467 0.17544 0.17658 0.17676 0.17805 0.18102 0.18169 0.18419 0.18515 0.18584 0.1859 0.186 0.18672 0.18683 0.18716 0.1877 0.18771 0.18809 0.18823 0.18827 0.18868 0.18885 0.18911 0.1903 0.19122 0.19124 0.1918 0.19202 0.19204 0.19289 0.19298 0.193 0.19326 0.19327 0.19337 0.19418 0.1943 0.19457 0.19471 0.19502 0.19557 0.19595 0.19596 0.196 0.19608 0.19611 0.19617 0.19638 0.19669 0.19676 0.19684 0.19713 0.19724 0.19727 0.19729 0.19731 0.19752 0.19754 0.19762 0.19779 0.19786 0.19787 0.19801 0.19814 0.19819 0.19821 0.19832 0.19834 0.19835 0.19837 0.19852 0.1986 0.1987 0.19873 0.1988 0.19884 0.19939 0.19944 0.19947 0.19961 0.19965 0.19968 0.1997
-1.6740000000000002 0.02867 0.02868 0.02869 0.02875 0.02881 0.02888 0.029 0.02901 0.02905 0.02906 0.02914 0.03075 0.03086 0.0309 0.03091 0.03096 0.03099 0.031 0.03102 0.03106 0.0311 0.03124 0.03125 0.03126 0.03127 0.03128 0.03132 0.03133 0.03135 0.03138 0.03143 0.03148 0.0315 0.03157 0.03158 0.03161 0.03172 0.03183 0.03187 0.03188 0.03189 0.03191 0.03196 0.032 0.03201 0.03207 0.0321 0.03212 0.03216 0.03221 0.03224 0.03229 0.03259 0.03263 0.03265 0.03266 0.03272 0.03277 0.03293 0.03294 0.03297 0.03298 0.03305 0.03315 0.03316 0.03333 0.0334 0.03382 0.03403 0.03434 0.03448 0.03472 0.03543 0.03549 0.0355 0.03566 0.03622 0.03623 0.03629 0.03687 0.03741 0.0376 0.03768 0.03809 0.03821 0.03902 0.03945 0.04005 0.04022 0.04041 0.04044 0.04048 0.04062 0.04079 0.04082 0.04092 0.04093 0.04127 0.04128 0.0413 0.04535 0.04626 0.04661 0.04723 0.04732 0.04735 0.04788 0.04805 0.04834 0.04844 0.04846 0.04859 0.05433 0.05434 0.05486 0.05492 0.05522 0.05639 0.05718 0.0603 0.06052 0.06105 0.06478 0.06801 0.07557 0.12738 0.12762 0.12773 0.13205 0.13216 0.13385 0.1345 0.13679 0.13799 0.13855 0.13961 0.14148 0.14362 0.15099 0.15203 0.15204 0.15262 0.15267 0.15298 0.15402 0.15462 0.15593 0.1566 0.15672 0.15701 0.15888 0.16037 0.16366 0.16508 0.16578 0.16947 0.1702 0.1718 0.17623 0.18039 0.18085 0.18135 0.18324 0.18412 0.18421 0.18425 0.18491 0.18543 0.18545 0.18578 0.18581 0.18626 0.18641 0.18663 0.18742 0.18782 0.18801 0.18899 0.18963 0.18969 0.19119 0.1917 0.19187 0.19188 0.1919 0.192 0.19203 0.19233 0.19252 0.19276 0.19314 0.19318 0.19327 0.19351 0.19385 0.19412 0.19432 0.19529 0.1953 0.19601 0.19604 0.19616 0.19618 0.19668 0.19675 0.19704 0.19705 0.19721 0.19733 0.19742 0.19746 0.19755 0.19777 0.19799 0.19813 0.1983 0.19834 0.19835 0.19841 0.19842 0.19853 0.19871 0.19883 0.19884 0.19886 0.19887 0.19888 0.19932 0.19948 0.19964 0.19967 0.19971 0.19973 0.19974 0.19976 0.19977 0.19978
-1.6760000000000002 0.02877 0.02902 0.02917 0.0293 0.02931 0.02938 0.02952 0.02957 0.03003 0.03014 0.03051 0.03053 0.03058 0.03076 0.03077 0.03078 0.0308 0.03113 0.0312 0.03122 0.03123 0.03124 0.03138 0.03142 0.03143 0.03145 0.03149 0.0315 0.03151 0.03152 0.03153 0.03154 0.03161 0.03164 0.03172 0.03173 0.03175 0.03176 0.03178 0.03189 0.0319 0.03191 0.032 0.03201 0.03216 0.03224 0.03227 0.0323 0.03247 0.03248 0.03252 0.03256 0.03261 0.03268 0.03269 0.03271 0.03272 0.03281 0.03288 0.0331 0.03319 0.03342 0.03345 0.03362 0.03371 0.03374 0.03387 0.03393 0.03404 0.03406 0.03423 0.03429 0.03461 0.03467 0.03478 0.03481 0.03482 0.03502 0.03508 0.03529 0.03546 0.03553 0.03589 0.03692 0.03693 0.03729 0.03789 0.03791 0.03806 0.03807 0.03809 0.03841 0.0386 0.03959 0.04116 0.0412 0.04124 0.04127 0.04179 0.04188 0.04192 0.04194 0.04306 0.04414 0.04455 0.04456 0.04541 0.04616 0.0487 0.04871 0.04889 0.04891 0.04919 0.04986 0.05137 0.05277 0.05358 0.05363 0.05425 0.05426 0.06852 0.07594 0.08506 0.08511 0.09002 0.10285 0.11833 0.11915 0.11917 0.12084 0.12796 0.1285 0.12855 0.12945 0.1459 0.14972 0.14977 0.15113 0.1512 0.15202 0.16071 0.16133 0.16326 0.16394 0.16595 0.16624 0.16666 0.1676 0.16777 0.16779 0.16783 0.16981 0.17308 0.17496 0.17607 0.17643 0.18091 0.18122 0.18184 0.18319 0.18443 0.18462 0.18464 0.18496 0.18537 0.18624 0.18668 0.18833 0.18866 0.1897 0.18973 0.1898 0.18988 0.18998 0.19039 0.19071 0.19106 0.1915 0.19152 0.19172 0.19173 0.19178 0.19203 0.19285 0.1932 0.19352 0.19376 0.19418 0.1945 0.19452 0.19453 0.19511 0.19518 0.19547 0.19563 0.1958 0.19614 0.19631 0.19638 0.19645 0.19648 0.19656 0.1967 0.19676 0.19711 0.19715 0.19736 0.19765 0.19772 0.19773 0.19788 0.19818 0.19829 0.19837 0.19839 0.19844 0.19855 0.19856 0.1987 0.19871 0.19873 0.19877 0.19891 0.19892 0.19901 0.19937 0.19948 0.19952 0.1996 0.19982 0.19983 0.19984
-1.6780000000000002 0.02872 0.02879 0.02882 0.02899 0.02902 0.02919 0.0295 0.02956 0.0298 0.02987 0.03 0.03028 0.03053 0.03065 0.03067 0.03077 0.03078 0.03079 0.03081 0.03087 0.03088 0.03099 0.03102 0.03103 0.03104 0.03105 0.03107 0.03108 0.03109 0.03112 0.03115 0.03116 0.03117 0.0312 0.03123 0.03124 0.03127 0.03129 0.0313 0.03131 0.03132 0.03139 0.03143 0.0315 0.03151 0.03155 0.03156 0.03161 0.03163 0.03168 0.03177 0.03179 0.03183 0.03185 0.03191 0.03193 0.03199 0.03206 0.03208 0.03211 0.03215 0.03217 0.0322 0.03223 0.03226 0.03229 0.03232 0.03236 0.0324 0.03246 0.0325 0.03263 0.03272 0.03274 0.03282 0.03283 0.03284 0.03295 0.03298 0.03305 0.03316 0.03352 0.03364 0.03378 0.03396 0.03401 0.03428 0.0347 0.03534 0.03535 0.0358 0.0365 0.03674 0.03682 0.03739 0.03748 0.03784 0.0381 0.03913 0.03919 0.03954 0.0399 0.04019 0.04039 0.04096 0.04118 0.0412 0.04123 0.04153 0.04257 0.0436 0.04424 0.04536 0.0461 0.04755 0.04795 0.04842 0.0487 0.0492 0.04957 0.04972 0.05001 0.05038 0.05051 0.05055 0.05075 0.05087 0.05085 0.05089 0.05091 0.05097 0.05104 0.0512 0.0516 0.05186 0.05266 0.05412 0.05557 0.05715 0.0592 0.06918 0.07592 0.08816 0.0961 0.11042 0.1243 0.12875 0.12915 0.13002 0.13291 0.13893 0.13974 0.14006 0.14134 0.14193 0.14224 0.14282 0.14359 0.14516 0.14663 0.14689 0.14773 0.14967 0.15106 0.15196 0.15351 0.15447 0.15482 0.15516 0.15618 0.16111 0.16404 0.16595 0.16834 0.16915 0.1716 0.17235 0.17237 0.17746 0.17802 0.17805 0.17978 0.1832 0.18391 0.18481 0.18495 0.18526 0.18627 0.18697 0.18702 0.18756 0.18794 0.18837 0.18857 0.1886 0.18887 0.18913 0.18942 0.18965 0.19022 0.19037 0.19049 0.19085 0.19112 0.19185 0.19188 0.19223 0.19234 0.19269 0.19276 0.19318 0.19325 0.19329 0.19345 0.19352 0.19399 0.19457 0.19471 0.19558 0.19633 0.19639 0.19695 0.19701 0.19724 0.19741 0.19745 0.19756 0.19766 0.19781 0.19784 0.19794 0.19796 0.19826 0.19831 0.19858 0.19866 0.19869 0.1987 0.19874 0.19892 0.19896 0.19907 0.19908 0.19922 0.19932 0.19949 0.19953 0.19961 0.19966 0.1997 0.19972 0.19975 0.19981 0.19985 0.19991 0.19992
-1.6800000000000002 0.03096 0.0317 0.03205 0.13733 0.18712 0.19996
-1.6820000000000002 0.03096 0.03105 0.03152 0.03164 0.03206 0.03219 0.13728 0.1417 0.18719 0.18873 0.19983 0.20003
-1.6840000000000002 0.02884 0.02946 0.02948 0.02949 0.02951 0.02953 0.02959 0.02961 0.02962 0.02984 0.02993 0.03017 0.03037 0.03065 0.03069 0.03072 0.03097 0.03099 0.031 0.03101 0.03105 0.03108 0.0311 0.03112 0.03113 0.03116 0.03117 0.03121 0.03122 0.03127 0.03128 0.0313 0.03132 0.03135 0.03136 0.03143 0.0315 0.03151 0.03152 0.03153 0.03154 0.03156 0.03158 0.0316 0.03165 0.03166 0.03167 0.03181 0.03184 0.03188 0.03193 0.03203 0.03207 0.03208 0.03211 0.03212 0.03213 0.03214 0.03217 0.03218 0.0322 0.03224 0.03227 0.03229 0.0323 0.03232 0.03234 0.03237 0.03242 0.03256 0.03295 0.03309 0.03317 0.03368 0.034 0.03403 0.03444 0.03554 0.03571 0.03574 0.03579 0.03583 0.03592 0.03595 0.03604 0.03634 0.0365 0.03666 0.03732 0.03791 0.03804 0.03869 0.03917 0.04154 0.04173 0.04291 0.04341 0.04364 0.04408 0.04415 0.04428 0.04434 0.0444 0.04441 0.04444 0.04445 0.04806 0.04936 0.05024 0.05059 0.051 0.05122 0.05263 0.05714 0.0871 0.08724 0.08758 0.08777 0.08835 0.08902 0.09058 0.0914 0.09723 0.09978 0.10688 0.1233 0.12604 0.13775 0.13867 0.13923 0.13966 0.13985 0.14174 0.143 0.14409 0.14425 0.14504 0.14516 0.14592 0.147 0.14984 0.15513 0.15533 0.16139 0.16773 0.16893 0.16904 0.1691 0.16924 0.16932 0.16955 0.16983 0.17047 0.1708 0.17315 0.17337 0.17417 0.17696 0.17858 0.18023 0.18134 0.18314 0.18327 0.18381 0.18402 0.18414 0.18463 0.18482 0.18516 0.1853 0.1863 0.18745 0.18776 0.18794 0.18812 0.18815 0.18883 0.18921 0.18963 0.18968 0.18988 0.18998 0.19024 0.19059 0.19144 0.19147 0.19311 0.19325 0.19376 0.19389 0.19468 0.19546 0.19682 0.19705 0.19708 0.19722 0.19724 0.19727 0.1973 0.19732 0.19736 0.19743 0.1976 0.19768 0.19783 0.19824 0.19826 0.1985 0.19901 0.19902 0.1991 0.19915 0.19916 0.19917 0.19919 0.19921 0.19923 0.19924 0.19925 0.19927 0.1994 0.19952 0.1996 0.19964 0.19969 0.19971 0.19981 0.19989 0.2 0.20003 0.20005 0.20008 0.2001
-1.6860000000000002 0.0287 0.02874 0.02882 0.02889 0.02904 0.02911 0.0292 0.02929 0.02938 0.02968 0.02973 0.03012 0.03035 0.03042 0.0306 0.03061 0.0307 0.03073 0.0308 0.03084 0.03088 0.03093 0.03099 0.03101 0.03112 0.03118 0.0312 0.03124 0.03126 0.03128 0.03131 0.03132 0.03133 0.03137 0.0314 0.03142 0.03145 0.03146 0.03147 0.03149 0.0315 0.03155 0.03157 0.03165 0.0317 0.03171 0.03173 0.03174 0.03182 0.03185 0.03189 0.03195 0.03196 0.03198 0.03199 0.03202 0.03213 0.03215 0.03218 0.03228 0.03241 0.03245 0.03248 0.03253 0.03255 0.03258 0.03274 0.03282 0.03283 0.03299 0.03303 0.03314 0.03324 0.03331 0.03347 0.03352 0.03381 0.03388 0.03398 0.03405 0.03419 0.03442 0.03443 0.03464 0.03492 0.03517 0.03523 0.03555 0.03564 0.03575 0.03622 0.03628 0.03655 0.03709 0.03714 0.03781 0.03782 0.03916 0.03926 0.03946 0.04017 0.0411 0.04124 0.04153 0.04181 0.04229 0.04243 0.04305 0.04398 0.04468 0.04487 0.04506 0.04529 0.04543 0.04598 0.0461 0.04673 0.04781 0.04954 0.05235 0.05939 0.06518 0.07007 0.07218 0.07623 0.07817 0.08049 0.08284 0.08495 0.09289 0.10548 0.1128 0.11518 0.12176 0.12644 0.12931 0.13127 0.13289 0.13966 0.14437 0.14858 0.14927 0.14953 0.15189 0.15293 0.15306 0.15308 0.15467 0.15566 0.15674 0.15974 0.16196 0.16289 0.16461 0.16544 0.16641 0.16739 0.16827 0.16921 0.16935 0.17151 0.17506 0.17604 0.17652 0.17933 0.17946 0.18023 0.18185 0.18223 0.18267 0.18437 0.18471 0.18531 0.18539 0.18608 0.18639 0.18664 0.18798 0.18813 0.1882 0.18976 0.19048 0.19111 0.19119 0.19135 0.1915 0.19164 0.19209 0.19226 0.19259 0.19263 0.19266 0.19319 0.19351 0.19365 0.1937 0.19376 0.19394 0.19424 0.1945 0.19462 0.19529 0.19556 0.19557 0.19591 0.19607 0.19612 0.19631 0.19658 0.19671 0.19685 0.19707 0.19709 0.19726 0.19727 0.19747 0.1975 0.19778 0.19794 0.19796 0.19831 0.19835 0.19859 0.19861 0.19864 0.19873 0.19876 0.19905 0.19906 0.19909 0.19914 0.19919 0.19921 0.19924 0.19929 0.19932 0.19933 0.1995 0.19961 0.19976 0.20006 0.20019 0.2002 0.20022
-1.6880000000000002 0.02869 0.02874 0.02879 0.02881 0.02885 0.02889 0.02894 0.02895 0.02898 0.02902 0.02939 0.02947 0.02951 0.02978 0.03058 0.03099 0.03103 0.03107 0.03113 0.03116 0.03119 0.03122 0.03132 0.03136 0.0314 0.03141 0.03142 0.03143 0.03144 0.03151 0.03152 0.03153 0.03156 0.03158 0.03181 0.03197 0.03199 0.03201 0.03202 0.03203 0.03208 0.03218 0.03223 0.03225 0.03231 0.03238 0.03247 0.03253 0.03256 0.03266 0.03271 0.03281 0.03287 0.03296 0.03306 0.03317 0.03326 0.03327 0.03346 0.03347 0.0335 0.03357 0.03359 0.03362 0.03365 0.03368 0.03388 0.03393 0.03404 0.0341 0.03411 0.03414 0.03427 0.03429 0.0343 0.03436 0.03437 0.0345 0.03451 0.03461 0.0347 0.03476 0.03486 0.03492 0.03531 0.03553 0.03578 0.03589 0.036 0.03608 0.03615 0.03618 0.03621 0.03628 0.03722 0.03787 0.0379 0.03817 0.03858 0.03905 0.03998 0.0405 0.04188 0.04377 0.04447 0.0446 0.04559 0.04569 0.0458 0.04582 0.04598 0.04611 0.04625 0.04633 0.04693 0.04773 0.04931 0.05301 0.05912 0.06395 0.06904 0.06972 0.07095 0.07211 0.07353 0.07374 0.07454 0.07573 0.08525 0.08729 0.09568 0.12077 0.13964 0.14243 0.14625 0.1473 0.14887 0.15073 0.15668 0.1572 0.15926 0.16162 0.16192 0.16224 0.16246 0.16296 0.16358 0.16367 0.16401 0.16452 0.16691 0.16849 0.16876 0.16894 0.16934 0.17274 0.18199 0.18212 0.18241 0.18246 0.1828 0.18291 0.18321 0.1839 0.1852 0.1866 0.18735 0.18902 0.18924 0.18935 0.18965 0.19019 0.19046 0.19086 0.19087 0.19117 0.19129 0.19138 0.1919 0.19192 0.19198 0.19248 0.19279 0.19284 0.19293 0.1931 0.19316 0.1935 0.19376 0.19394 0.19403 0.19437 0.19447 0.19456 0.1946 0.19484 0.19496 0.19504 0.19518 0.19525 0.19527 0.19536 0.19552 0.19567 0.19585 0.19588 0.19598 0.19608 0.19612 0.19617 0.19634 0.19641 0.19702 0.19706 0.19723 0.19725 0.19739 0.19744 0.19746 0.19748 0.19767 0.19784 0.19813 0.19828 0.19832 0.1989 0.19896 0.19908 0.19919 0.19928 0.19929 0.1994 0.19941 0.19942 0.19943 0.19995 0.19998 0.20011
-1.6900000000000002 0.0287 0.02871 0.02877 0.02906 0.02955 0.02965 0.02996 0.03005 0.03007 0.03018 0.03028 0.03029 0.03047 0.0305 0.03053 0.03054 0.03092 0.03096 0.03102 0.03104 0.03105 0.0311 0.03112 0.0312 0.03126 0.03128 0.03129 0.03132 0.03133 0.03135 0.03137 0.03138 0.0314 0.03145 0.03147 0.0315 0.03154 0.03155 0.03158 0.03161 0.03162 0.03164 0.03167 0.03178 0.03179 0.0318 0.03181 0.03182 0.03185 0.032 0.03209 0.03218 0.03222 0.03223 0.03229 0.03231 0.03234 0.03237 0.03239 0.03255 0.03261 0.03292 0.03297 0.033 0.03301 0.03303 0.03325 0.03326 0.03348 0.0336 0.03364 0.03366 0.03388 0.03459 0.03474 0.0352 0.03535 0.03544 0.0356 0.03613 0.03668 0.03681 0.03684 0.03687 0.03743 0.03749 0.03758 0.03782 0.03785 0.03787 0.03834 0.03916 0.03955 0.04024 0.0405 0.04089 0.04211 0.04212 0.04297 0.04322 0.04346 0.04418 0.04436 0.04474 0.04546 0.04645 0.04677 0.047 0.06516 0.06443 0.06529 0.06545 0.06815 0.07686 0.08948 0.09186 0.10065 0.10385 0.1072 0.11798 0.11915 0.13461 0.14003 0.1401 0.14085 0.14126 0.14152 0.14305 0.14418 0.14488 0.14936 0.1516 0.15408 0.15471 0.15676 0.15686 0.15692 0.15962 0.15966 0.16002 0.16134 0.1651 0.16546 0.16943 0.1697 0.16984 0.17035 0.17132 0.1717 0.17245 0.17366 0.17483 0.17609 0.1774 0.178 0.17825 0.17849 0.1794 0.18148 0.18192 0.18255 0.18577 0.18666 0.18718 0.18742 0.18852 0.18854 0.18893 0.18903 0.18952 0.18992 0.19016 0.19023 0.19088 0.19104 0.19162 0.19291 0.19312 0.19332 0.19395 0.19398 0.19448 0.19466 0.19475 0.19482 0.19487 0.19527 0.19555 0.19564 0.19579 0.19622 0.19637 0.19675 0.19703 0.19707 0.19731 0.19733 0.19767 0.19773 0.19776 0.1978 0.19782 0.19802 0.19805 0.19815 0.19818 0.19829 0.19851 0.19861 0.19888 0.19906 0.19913 0.19915 0.19917 0.1992 0.19922 0.19931 0.19932 0.19941 0.19949 0.19973 0.19976 0.19984 0.19994 0.20006 0.20008 0.20013 0.20016 0.20029
-1.6920000000000002 0.02871 0.0288 0.02884 0.02888 0.0289 0.02926 0.02949 0.02956 0.02958 0.0297 0.02975 0.02988 0.03012 0.03022 0.03023 0.03039 0.03064 0.03075 0.03079 0.03091 0.031 0.0311 0.03124 0.0313 0.03131 0.03134 0.03136 0.03141 0.03142 0.03145 0.03146 0.03149 0.03153 0.03154 0.03157 0.03169 0.03171 0.03172 0.03174 0.03175 0.03176 0.03177 0.03182 0.03185 0.03203 0.03206 0.03208 0.03219 0.03221 0.03231 0.03233 0.03244 0.03278 0.0331 0.03312 0.03315 0.03317 0.03335 0.03336 0.03338 0.03341 0.03355 0.03356 0.03379 0.03383 0.03394 0.03405 0.03411 0.03418 0.03423 0.03424 0.03437 0.0345 0.03452 0.03463 0.03527 0.0356 0.03581 0.03594 0.03599 0.03609 0.03672 0.03673 0.03691 0.03697 0.03713 0.03716 0.03728 0.03822 0.03858 0.03862 0.03905 0.03918 0.04071 0.04102 0.04186 0.04251 0.04288 0.04386 0.04396 0.04433 0.04438 0.04446 0.04505 0.04619 0.04646 0.04755 0.04823 0.04836 0.0484 0.0513 0.06437 0.06749 0.05154 0.05688 0.05704 0.05765 0.06099 0.06446 0.06901 0.06909 0.0705 0.08196 0.08782 0.08951 0.09012 0.09342 0.09465 0.10874 0.11382 0.1228 0.13419 0.13837 0.14379 0.15141 0.15536 0.15548 0.15593 0.15601 0.15749 0.15753 0.15798 0.15881 0.16188 0.16241 0.16248 0.16258 0.16296 0.16691 0.16736 0.16977 0.17047 0.17072 0.17204 0.17254 0.17506 0.17538 0.17628 0.17688 0.17723 0.1781 0.17855 0.17859 0.17928 0.18003 0.18299 0.18335 0.1836 0.18387 0.18523 0.18648 0.18738 0.18776 0.18879 0.18984 0.19149 0.19151 0.19211 0.19217 0.19237 0.19239 0.19274 0.19331 0.19352 0.19354 0.19356 0.1937 0.19396 0.19407 0.19426 0.1943 0.19433 0.19441 0.19462 0.19465 0.19551 0.19554 0.19569 0.19576 0.19603 0.19605 0.19619 0.1962 0.19626 0.19657 0.19658 0.19668 0.19684 0.19694 0.19708 0.19718 0.19746 0.19762 0.19766 0.19773 0.19791 0.19797 0.19831 0.19843 0.19871 0.19872 0.19883 0.19888 0.19897 0.19901 0.19911 0.19915 0.19923 0.19931 0.19932 0.19937 0.19941 0.19954 0.19955 0.19956 0.19962 0.19993 0.19995 0.20018 0.20035 0.20037
-1.6940000000000002 0.02869 0.0287 0.02872 0.02874 0.02876 0.02882 0.02888 0.02902 0.02929 0.02932 0.02942 0.02943 0.02949 0.02978 0.03009 0.0302 0.03029 0.03036 0.03106 0.03112 0.03118 0.03119 0.03124 0.03125 0.03126 0.03131 0.03132 0.03133 0.03135 0.03136 0.03137 0.03139 0.0314 0.03141 0.03142 0.03145 0.03152 0.03154 0.03158 0.03162 0.03168 0.03171 0.03173 0.03184 0.03186 0.0319 0.03191 0.03206 0.03211 0.03217 0.03222 0.03228 0.03232 0.03266 0.03268 0.03279 0.03283 0.03284 0.03288 0.03289 0.03294 0.03297 0.03305 0.03317 0.03326 0.03331 0.03332 0.03335 0.03347 0.03361 0.03363 0.0337 0.03376 0.03383 0.03388 0.03394 0.03396 0.03401 0.03416 0.03421 0.03426 0.03442 0.03446 0.03462 0.0347 0.03481 0.03486 0.03549 0.03578 0.03579 0.03589 0.03612 0.03646 0.03657 0.03661 0.0367 0.03737 0.03764 0.03811 0.03828 0.03876 0.03887 0.03892 0.03937 0.03992 0.04003 0.04251 0.04268 0.04288 0.04382 0.04461 0.04571 0.04638 0.04688 0.04716 0.04728 0.04731 0.04766 0.04787 0.04835 0.0492 0.04927 0.04952 0.04955 0.06472 0.05333 0.05366 0.05403 0.05412 0.05714 0.05892 0.06094 0.06273 0.06303 0.06305 0.06491 0.06616 0.06977 0.07569 0.08603 0.09549 0.10778 0.11053 0.11288 0.14201 0.14732 0.14772 0.15146 0.15194 0.15254 0.15268 0.15513 0.15567 0.15689 0.15807 0.159 0.15916 0.15924 0.15938 0.15964 0.16067 0.16095 0.16229 0.16484 0.16644 0.16732 0.16914 0.17145 0.17298 0.17376 0.17782 0.17887 0.17901 0.17955 0.17977 0.18049 0.18068 0.18346 0.18426 0.18495 0.18551 0.18664 0.18934 0.1902 0.19053 0.19075 0.19109 0.19178 0.19186 0.1919 0.19201 0.19239 0.19254 0.19273 0.19278 0.19319 0.19326 0.19351 0.19371 0.19401 0.19408 0.19413 0.19433 0.19444 0.1945 0.19462 0.19473 0.19478 0.19483 0.19486 0.1949 0.19523 0.19529 0.1954 0.1956 0.19571 0.19575 0.19585 0.19595 0.19646 0.19648 0.19663 0.19689 0.19702 0.19715 0.19735 0.19736 0.19752 0.19761 0.19764 0.19767 0.19798 0.19825 0.19847 0.1985 0.19861 0.19866 0.19869 0.19877 0.19909 0.19916 0.1993 0.19943 0.19944 0.19948 0.19954 0.19956 0.19959 0.1996 0.19965 0.19984 0.19998 0.20014
-1.6960000000000002 0.02873 0.02881 0.02981 0.02982 0.02983 0.02985 0.02999 0.03008 0.03017 0.03038 0.03097 0.03099 0.03102 0.03103 0.03107 0.03112 0.03114 0.03115 0.03116 0.03117 0.03118 0.0312 0.03132 0.03133 0.03134 0.03136 0.03138 0.03139 0.03141 0.03144 0.03145 0.03147 0.03149 0.03154 0.03156 0.0316 0.03164 0.03165 0.03185 0.03212 0.03217 0.03218 0.03221 0.03222 0.03223 0.03231 0.03247 0.03248 0.03252 0.03254 0.03255 0.03258 0.03259 0.03262 0.03276 0.03281 0.03285 0.03286 0.03288 0.03293 0.033 0.03316 0.03336 0.03345 0.03348 0.03349 0.03367 0.0339 0.03391 0.034 0.03427 0.03435 0.03451 0.03456 0.03484 0.03487 0.0349 0.03495 0.03496 0.03497 0.03527 0.03578 0.03582 0.03591 0.03667 0.03756 0.03757 0.0387 0.03921 0.03932 0.03933 0.03988 0.04005 0.04015 0.04073 0.04082 0.04371 0.04632 0.047 0.05033 0.05046 0.05053 0.05075 0.06576 0.06875 0.06893 0.06907 0.06911 0.06913 0.06988 0.0515 0.05165 0.05186 0.052 0.0654 0.06632 0.06938 0.07136 0.07171 0.072 0.07208 0.07213 0.07374 0.09753 0.13669 0.13756 0.13763 0.13994 0.14014 0.14035 0.14246 0.14512 0.14611 0.14626 0.14634 0.14675 0.14754 0.14775 0.14812 0.14843 0.15488 0.15592 0.15714 0.16042 0.16077 0.16171 0.16221 0.16431 0.16452 0.16468 0.16474 0.16476 0.16567 0.17228 0.17243 0.17391 0.17924 0.18434 0.18489 0.1851 0.1884 0.18855 0.1887 0.18872 0.18875 0.18882 0.18888 0.18961 0.18998 0.19008 0.19012 0.1902 0.19045 0.19075 0.19077 0.19082 0.19104 0.19117 0.19123 0.19136 0.19142 0.19147 0.19155 0.19221 0.19227 0.19245 0.19337 0.19414 0.19429 0.19444 0.19449 0.19479 0.1949 0.19524 0.1954 0.19577 0.19581 0.19596 0.19604 0.19642 0.19646 0.19648 0.19652 0.19654 0.19655 0.1968 0.19694 0.19706 0.19755 0.19777 0.19794 0.19799 0.19801 0.19816 0.19849 0.19852 0.19877 0.1989 0.19895 0.19936 0.19945 0.19948 0.19952 0.19954 0.19956 0.19959 0.1996 0.19963 0.19965 0.19973 0.19975 0.20014 0.20031 0.20032 0.20033 0.20039
-1.6980000000000002 0.02891 0.02895 0.02901 0.02903 0.02905 0.02909 0.02946 0.02956 0.02983 0.02984 0.02989 0.0299 0.02995 0.03016 0.0307 0.03075 0.03089 0.031 0.03102 0.03106 0.03108 0.03111 0.03119 0.03125 0.03129 0.03131 0.03136 0.03141 0.03142 0.03143 0.03144 0.03145 0.03146 0.03147 0.03153 0.03154 0.03155 0.03156 0.0316 0.03161 0.0318 0.03191 0.032 0.03204 0.03208 0.03218 0.03229 0.03233 0.03234 0.03235 0.03237 0.0324 0.0325 0.03254 0.03262 0.03273 0.03277 0.03286 0.03288 0.03303 0.03315 0.03325 0.0333 0.03357 0.03359 0.03365 0.0337 0.03377 0.0339 0.034 0.03402 0.03416 0.03422 0.03425 0.03426 0.03443 0.03446 0.03448 0.0345 0.03485 0.03487 0.035 0.03509 0.03524 0.03525 0.03541 0.03549 0.03555 0.03581 0.03624 0.03636 0.03692 0.03701 0.03788 0.03812 0.03829 0.03878 0.03886 0.03995 0.04051 0.04062 0.04119 0.04167 0.04377 0.04435 0.04549 0.0457 0.04581 0.04592 0.04839 0.04874 0.04951 0.0514 0.0517 0.0518 0.06396 0.06637 0.06705 0.06721 0.06881 0.07223 0.07336 0.05165 0.05171 0.0518 0.05351 0.05582 0.05687 0.064 0.06725 0.06832 0.06859 0.07151 0.07351 0.07533 0.07644 0.07751 0.07996 0.08332 0.08959 0.09699 0.12534 0.13299 0.13933 0.14085 0.14275 0.14284 0.14434 0.14765 0.15194 0.15478 0.15568 0.15869 0.16017 0.16113 0.16162 0.16242 0.16262 0.16412 0.1645 0.16491 0.16538 0.16582 0.16679 0.16842 0.16891 0.17045 0.17059 0.17081 0.1738 0.17767 0.1777 0.18219 0.18301 0.18455 0.18502 0.18656 0.18694 0.18725 0.18793 0.18829 0.18877 0.18938 0.18959 0.18977 0.1898 0.18988 0.19007 0.19017 0.19029 0.19082 0.19188 0.19205 0.19254 0.19259 0.19272 0.19275 0.19313 0.1934 0.19351 0.19355 0.1936 0.19388 0.19391 0.19402 0.19447 0.19487 0.19495 0.19538 0.19563 0.19569 0.19571 0.19573 0.19579 0.19596 0.19602 0.19641 0.19655 0.19664 0.19668 0.19677 0.19689 0.19739 0.19743 0.19745 0.19754 0.19776 0.19777 0.19807 0.19809 0.19815 0.19823 0.19834 0.19865 0.19873 0.19895 0.19898 0.19904 0.19913 0.19936 0.19942 0.19943 0.19966 0.19974 0.2 0.20013 0.20016 0.20017 0.20026 0.2006 0.20064
-1.7000000000000002 0.02873 0.02877 0.02881 0.02883 0.02932 0.02937 0.02976 0.02983 0.02985 0.02996 0.02998 0.03 0.03011 0.03032 0.03033 0.03035 0.03045 0.03053 0.03061 0.03062 0.03066 0.03074 0.03092 0.03102 0.03103 0.03108 0.03113 0.03116 0.0312 0.03122 0.03123 0.03125 0.03126 0.03127 0.03133 0.03135 0.0314 0.03141 0.03144 0.03146 0.03151 0.03152 0.03158 0.03164 0.03167 0.03169 0.03171 0.03173 0.03174 0.03178 0.0318 0.03184 0.03186 0.03188 0.03189 0.03194 0.03226 0.03236 0.03248 0.03261 0.03264 0.0327 0.03272 0.03274 0.03279 0.0329 0.03297 0.03301 0.03302 0.03305 0.03343 0.03346 0.03348 0.03361 0.03372 0.03375 0.03401 0.03402 0.03408 0.03409 0.03413 0.03425 0.03426 0.03428 0.03429 0.03493 0.03505 0.03515 0.03517 0.03645 0.0367 0.03673 0.03689 0.03702 0.03729 0.0374 0.03761 0.03971 0.03991 0.0402 0.04167 0.04193 0.04234 0.0426 0.04263 0.04279 0.04318 0.0448 0.04496 0.04677 0.04772 0.04828 0.04839 0.05012 0.05043 0.05082 0.06585 0.06822 0.07175 0.07187 0.07461 0.05149 0.05235 0.0528 0.05823 0.05855 0.06027 0.06664 0.06759 0.0704 0.07844 0.07905 0.08322 0.08457 0.08801 0.105 0.11141 0.11237 0.1125 0.11608 0.12169 0.12666 0.14057 0.1431 0.14556 0.14606 0.14916 0.14957 0.15045 0.15099 0.1528 0.1532 0.15677 0.15686 0.15698 0.15802 0.16131 0.16165 0.16393 0.1683 0.16831 0.16859 0.16886 0.1722 0.17259 0.17395 0.1749 0.17705 0.17774 0.17869 0.17953 0.17987 0.17988 0.17993 0.18007 0.18109 0.18127 0.18333 0.18513 0.18875 0.18914 0.18937 0.18941 0.18998 0.19052 0.19077 0.19165 0.19193 0.19234 0.19274 0.19296 0.19304 0.19315 0.19316 0.19327 0.19347 0.19361 0.19363 0.19373 0.19381 0.19404 0.19408 0.1943 0.19436 0.1944 0.19468 0.19512 0.19526 0.19572 0.19577 0.19622 0.19647 0.19672 0.19677 0.19688 0.19766 0.19767 0.19775 0.1978 0.19781 0.1982 0.19828 0.19833 0.19849 0.19858 0.19863 0.19868 0.19875 0.19886 0.19895 0.19902 0.19911 0.19929 0.19944 0.1995 0.1996 0.1997 0.19972 0.19973 0.1998 0.19989 0.20017 0.20018 0.20023 0.2004 0.20042 0.20064 0.20073
-1.7020000000000002 0.02879 0.02918 0.02967 0.02968 0.02981 0.02982 0.02983 0.02986 0.03002 0.03018 0.03019 0.03022 0.03044 0.03045 0.03049 0.03057 0.03059 0.03066 0.03077 0.03098 0.03106 0.03108 0.03109 0.0311 0.03112 0.03113 0.03114 0.03115 0.03116 0.03117 0.03118 0.03119 0.0312 0.03123 0.03125 0.03129 0.0313 0.03135 0.03136 0.03138 0.03139 0.03141 0.03145 0.03147 0.03148 0.03149 0.03151 0.03157 0.03161 0.03169 0.03178 0.03183 0.03185 0.03188 0.03211 0.03226 0.03231 0.03233 0.03236 0.03237 0.03238 0.03239 0.03248 0.03251 0.03255 0.03258 0.03261 0.03267 0.03271 0.03272 0.03281 0.03288 0.03297 0.0333 0.03364 0.03366 0.03373 0.03381 0.03398 0.03419 0.03433 0.03451 0.03497 0.03522 0.03551 0.03553 0.03563 0.03568 0.03585 0.03603 0.03677 0.03687 0.03694 0.0391 0.04029 0.04238 0.04313 0.04376 0.04412 0.0465 0.04926 0.05006 0.05092 0.05111 0.05124 0.05138 0.05152 0.06375 0.06537 0.06843 0.06961 0.06996 0.07143 0.07158 0.07166 0.05156 0.05164 0.05166 0.05172 0.05186 0.05309 0.05503 0.06378 0.06582 0.06862 0.07108 0.07324 0.07401 0.07763 0.07802 0.07824 0.09278 0.09767 0.10729 0.11608 0.14185 0.14186 0.14199 0.14299 0.14314 0.14512 0.14518 0.14568 0.1458 0.14645 0.14681 0.14817 0.14895 0.15116 0.15205 0.15414 0.15518 0.15799 0.15818 0.1587 0.16068 0.16221 0.16448 0.16572 0.16614 0.168 0.16819 0.1683 0.17232 0.17428 0.17806 0.17854 0.179 0.17978 0.18137 0.18394 0.1857 0.18634 0.1867 0.1869 0.18703 0.1892 0.18966 0.18968 0.18971 0.18983 0.19003 0.19009 0.19072 0.1909 0.19094 0.19115 0.19132 0.19146 0.19177 0.19201 0.19263 0.19265 0.19279 0.193 0.19397 0.194 0.19487 0.19488 0.19503 0.19527 0.19554 0.19556 0.19558 0.19562 0.19588 0.19602 0.19671 0.19705 0.19717 0.19743 0.19767 0.19772 0.19775 0.19839 0.19854 0.19864 0.19876 0.19884 0.19922 0.19931 0.19946 0.19948 0.1996 0.19962 0.19966 0.19967 0.1997 0.19971 0.19977 0.19979 0.19987 0.19989 0.19991 0.19998 0.19999 0.20021 0.20023 0.20033 0.20034 0.20051
-1.7040000000000002 0.02878 0.02884 0.02902 0.02948 0.02981 0.02982 0.02983 0.02984 0.03 0.03002 0.03006 0.03008 0.03023 0.03034 0.03058 0.03086 0.03107 0.03108 0.03109 0.03111 0.03112 0.03114 0.03118 0.03119 0.0312 0.03126 0.03129 0.03131 0.03133 0.03136 0.03138 0.03139 0.0314 0.03141 0.03146 0.03147 0.0315 0.03151 0.03152 0.03153 0.03156 0.03161 0.03165 0.03166 0.03169 0.0317 0.03174 0.03175 0.03176 0.03189 0.03234 0.03237 0.03238 0.0324 0.03242 0.03244 0.03254 0.0326 0.03266 0.03271 0.03301 0.03303 0.03322 0.03324 0.03348 0.03357 0.03369 0.03385 0.03389 0.03409 0.03411 0.03415 0.03426 0.0343 0.03452 0.03465 0.03482 0.0355 0.03559 0.0356 0.03568 0.03676 0.03678 0.03679 0.03712 0.0373 0.0375 0.03756 0.03783 0.03827 0.03932 0.03955 0.04026 0.04033 0.04279 0.04343 0.04354 0.04381 0.04591 0.04684 0.04846 0.04988 0.05069 0.05162 0.06467 0.06519 0.06923 0.07105 0.07109 0.07173 0.07195 0.07202 0.05174 0.05196 0.0538 0.05841 0.06491 0.06576 0.06767 0.07247 0.07539 0.07668 0.07677 0.07848 0.07911 0.07929 0.09699 0.10226 0.10345 0.11208 0.1425 0.14256 0.14275 0.1431 0.14313 0.14355 0.14412 0.14473 0.14785 0.1484 0.15252 0.15427 0.15435 0.15687 0.15711 0.15997 0.16083 0.16192 0.16527 0.16539 0.16676 0.16764 0.16769 0.16852 0.16883 0.16891 0.17063 0.1739 0.17411 0.17438 0.17599 0.17621 0.17649 0.17667 0.17978 0.17982 0.17998 0.18657 0.1868 0.18723 0.18731 0.18998 0.19 0.19005 0.19017 0.19018 0.19049 0.19069 0.19102 0.1914 0.19147 0.19169 0.19193 0.19269 0.19316 0.19325 0.19365 0.19366 0.19377 0.19394 0.19433 0.19442 0.19457 0.19477 0.19505 0.19548 0.19549 0.19551 0.19574 0.19601 0.19654 0.19689 0.19698 0.19704 0.19721 0.19762 0.19765 0.19767 0.19775 0.19787 0.19789 0.19797 0.19799 0.19845 0.19847 0.19858 0.19908 0.19916 0.19926 0.19939 0.19941 0.19943 0.19947 0.19949 0.19952 0.19958 0.19962 0.19971 0.19972 0.1998 0.19984 0.19991 0.20014 0.20025 0.20026 0.2003 0.20031 0.20032 0.20039
-1.7060000000000002 0.02888 0.02954 0.02969 0.0297 0.02971 0.0298 0.02981 0.02983 0.02987 0.02988 0.03003 0.03007 0.03014 0.03038 0.03043 0.03045 0.03051 0.03053 0.03057 0.03059 0.03067 0.03069 0.0307 0.03071 0.03073 0.03076 0.0308 0.03084 0.03102 0.03108 0.03112 0.03124 0.0313 0.03131 0.03133 0.03136 0.03144 0.03145 0.03146 0.03148 0.0315 0.03152 0.03154 0.03155 0.03158 0.03159 0.03161 0.03163 0.03166 0.03167 0.03175 0.03176 0.03178 0.03179 0.03184 0.03185 0.03191 0.03193 0.03199 0.03202 0.03209 0.03234 0.03239 0.0324 0.0325 0.03258 0.03278 0.03288 0.033 0.03303 0.03331 0.03349 0.03355 0.035 0.03512 0.03521 0.03544 0.0357 0.03625 0.03698 0.03755 0.03771 0.03775 0.03801 0.03882 0.03889 0.03959 0.03983 0.04072 0.04157 0.04167 0.04187 0.0419 0.04195 0.04243 0.0426 0.04272 0.04416 0.04428 0.0445 0.04644 0.04846 0.05208 0.06812 0.06887 0.06972 0.07081 0.07167 0.0717 0.07271 0.0728 0.07482 0.0752 0.07575 0.07834 0.0787 0.07882 0.07946 0.07959 0.05216 0.05756 0.07061 0.0713 0.07177 0.07394 0.07652 0.07879 0.0789 0.08169 0.08186 0.08881 0.08888 0.09084 0.09292 0.09318 0.09327 0.09328 0.10659 0.10872 0.1095 0.11339 0.1136 0.11443 0.115 0.11594 0.12378 0.12468 0.12504 0.12768 0.12902 0.13912 0.14284 0.14486 0.15005 0.15411 0.1546 0.15662 0.16174 0.16243 0.16363 0.16442 0.16509 0.16633 0.16767 0.16878 0.16883 0.17013 0.17021 0.17096 0.17244 0.1726 0.17273 0.17275 0.17276 0.17324 0.17325 0.17408 0.17504 0.17854 0.18021 0.18058 0.18098 0.18118 0.18126 0.18152 0.18268 0.18296 0.1835 0.18439 0.18471 0.18484 0.18578 0.18625 0.18682 0.18827 0.18944 0.18967 0.18994 0.19018 0.19049 0.19082 0.19313 0.19396 0.19434 0.19451 0.19645 0.19659 0.19663 0.19672 0.19685 0.19693 0.19704 0.19738 0.19757 0.19774 0.19795 0.19803 0.19805 0.19832 0.19838 0.1984 0.19851 0.19858 0.19862 0.1989 0.19896 0.19898 0.19901 0.19902 0.19905 0.19914 0.19933 0.19954 0.19958 0.1998 0.19999 0.20008 0.20032 0.20047 0.20049 0.20055 0.20059 0.20063 0.20068 0.20078 0.2008 0.20092 0.20094 0.20095
-1.7080000000000002 0.02887 0.0289 0.02892 0.02935 0.0296 0.02962 0.0298 0.02981 0.02982 0.02986 0.02987 0.02991 0.03004 0.03006 0.03015 0.03023 0.03024 0.03027 0.03031 0.0305 0.03057 0.03067 0.03078 0.03092 0.03101 0.03105 0.03107 0.03111 0.03112 0.03114 0.03118 0.0312 0.03128 0.03129 0.03133 0.03134 0.03135 0.03137 0.03142 0.03143 0.03144 0.03145 0.03147 0.03148 0.0315 0.03154 0.03157 0.0316 0.03162 0.03166 0.0317 0.03176 0.03178 0.03186 0.03188 0.03193 0.03201 0.03209 0.03215 0.03217 0.03233 0.03239 0.03246 0.0325 0.03253 0.03255 0.03259 0.03263 0.03281 0.03284 0.03285 0.03304 0.03321 0.0333 0.0336 0.03373 0.03381 0.03407 0.03501 0.03502 0.03519 0.03542 0.0355 0.03616 0.03648 0.03659 0.03693 0.03724 0.03747 0.03879 0.04054 0.04077 0.04088 0.0412 0.04185 0.04381 0.04382 0.04411 0.0445 0.04456 0.04636 0.04654 0.04854 0.04971 0.05053 0.05254 0.0636 0.06684 0.06934 0.06987 0.07034 0.07091 0.07243 0.07496 0.0766 0.07667 0.07829 0.07984 0.05228 0.05254 0.05439 0.05739 0.0637 0.0681 0.07077 0.07223 0.07277 0.07394 0.07546 0.07642 0.08061 0.08942 0.09032 0.09091 0.09573 0.09674 0.09706 0.09771 0.09788 0.10648 0.11611 0.12389 0.13429 0.13854 0.13863 0.14147 0.14224 0.1445 0.14495 0.14595 0.14925 0.1536 0.15412 0.15661 0.15721 0.15766 0.15909 0.16283 0.16294 0.16352 0.16415 0.16578 0.16643 0.16724 0.16772 0.16974 0.17167 0.1719 0.1736 0.17384 0.17405 0.17461 0.17468 0.17656 0.17669 0.17679 0.17904 0.18026 0.18066 0.18217 0.18347 0.18362 0.18425 0.18803 0.18816 0.18851 0.18958 0.1896 0.18969 0.18988 0.19007 0.19053 0.19058 0.19081 0.19095 0.1913 0.19231 0.19367 0.1939 0.19459 0.1948 0.19484 0.19497 0.1954 0.19585 0.19614 0.19648 0.19663 0.19664 0.19682 0.19684 0.19731 0.19749 0.1977 0.19772 0.19783 0.19792 0.19801 0.19836 0.19851 0.19852 0.19883 0.19889 0.1991 0.19926 0.19928 0.19929 0.19931 0.19935 0.19952 0.19954 0.19967 0.19992 0.19993 0.19995 0.20001 0.20005 0.20008 0.20009 0.20016 0.20026 0.20043 0.20056 0.20057 0.20085 0.20092
-1.7100000000000002 0.03104 0.03117 0.03204 0.03211 0.08091 0.08136 0.1244 0.12814 0.18621 0.18714 0.20095 0.20102
-1.7120000000000002 0.03073 0.03074 0.03094 0.03096 0.03167 0.03171 0.03187 0.03199 0.032 0.03224 0.07954 0.07957 0.08042 0.08049 0.08247 0.08253 0.11434 0.1145 0.12129 0.12186 0.13785 0.1383 0.18322 0.18327 0.18542 0.18559 0.18824 0.18828 0.20076 0.20104 0.20105 0.20112
-1.7140000000000002 0.19231
-1.7160000000000002 0.19231
-1.7180000000000002 0.19231
-1.7200000000000002 0.19231
-1.7220000000000002 0.19231
-1.7240000000000002 0.19231
-1.7260000000000002 0.19231
-1.7280000000000002 0.19231
-1.7300000000000002 0.19231
-1.7320000000000002 0.19231
-1.7340000000000002 0.19231
-1.7360000000000002 0.19231
-1.7380000000000002 0.19231
-1.7400000000000002 0.19232
-1.7420000000000002 0.19232
-1.7440000000000002 0.19232
-1.7460000000000002 0.19232
-1.7480000000000002 0.19232
