2.34177 -20 -20 2 2 3
2.33767 -19.9603 -19.9603 2 2 3
2.33359 -19.9206 -19.9206 2 2 3
2.3254 -19.8411 -19.8411 2 2 3
2.31514 -19.7418 -19.7418 2 2 3
2.30485 -19.6425 -19.6425 2 2 3
2.29454 -19.5432 -19.5432 2 2 3
2.2842 -19.4439 -19.4439 2 2 3
2.27384 -19.3446 -19.3446 2 2 3
2.26346 -19.2453 -19.2453 2 2 3
2.25305 -19.146 -19.146 2 2 3
2.24261 -19.0467 -19.0467 2 2 3
2.23215 -18.9474 -18.9474 2 2 3
2.22167 -18.8481 -18.8481 2 2 3
2.21116 -18.7487 -18.7487 2 2 3
2.20063 -18.6494 -18.6494 2 2 3
2.19007 -18.5501 -18.5501 2 2 3
2.17949 -18.4508 -18.4508 2 2 3
2.16888 -18.3515 -18.3515 2 2 3
2.15825 -18.2522 -18.2522 2 2 3
2.14759 -18.1529 -18.1529 2 2 3
2.13691 -18.0536 -18.0536 2 2 3
2.1262 -17.9543 -17.9543 2 2 3
2.11546 -17.8551 -17.8551 2 2 3
2.1047 -17.7558 -17.7558 2 2 3
2.09391 -17.6565 -17.6565 2 2 3
2.08309 -17.5572 -17.5572 2 2 3
2.07225 -17.4579 -17.4579 2 2 3
2.06138 -17.3586 -17.3586 2 2 3
2.05048 -17.2593 -17.2593 2 2 3
2.03956 -17.16 -17.16 2 2 3
2.02861 -17.0607 -17.0607 2 2 3
2.01763 -16.9615 -16.9615 2 2 3
2.00663 -16.8622 -16.8622 2 2 3
1.99559 -16.7629 -16.7629 2 2 3
1.98453 -16.6636 -16.6636 2 2 3
1.97345 -16.5644 -16.5644 2 2 3
1.96233 -16.4651 -16.4651 2 2 3
1.95119 -16.3658 -16.3658 2 2 3
1.94002 -16.2665 -16.2665 2 2 3
1.92882 -16.1673 -16.1673 2 2 3
1.91759 -16.068 -16.068 2 2 3
1.90633 -15.9687 -15.9687 2 2 3
1.89505 -15.8695 -15.8695 2 2 3
1.88374 -15.7702 -15.7702 2 2 3
1.8724 -15.671 -15.671 2 2 3
1.86103 -15.5717 -15.5717 2 2 3
1.84963 -15.4725 -15.4725 2 2 3
1.83821 -15.3732 -15.3732 2 2 3
1.82675 -15.274 -15.274 2 2 3
1.81527 -15.1747 -15.1747 2 2 3
1.80376 -15.0755 -15.0755 2 2 3
1.79222 -14.9763 -14.9763 2 2 3
1.78065 -14.877 -14.877 2 2 3
1.76906 -14.7778 -14.7778 2 2 3
1.75744 -14.6786 -14.6786 2 2 3
1.74578 -14.5793 -14.5793 2 2 3
1.7341 -14.4801 -14.4801 2 2 3
1.7224 -14.3809 -14.3809 2 2 3
1.71066 -14.2817 -14.2817 2 2 3
1.6989 -14.1825 -14.1825 2 2 3
1.68711 -14.0832 -14.0832 2 2 3
1.67529 -13.984 -13.984 2 2 3
1.66344 -13.8848 -13.8848 2 2 3
1.65157 -13.7856 -13.7856 2 2 3
1.63967 -13.6864 -13.6864 2 2 3
1.62774 -13.5872 -13.5872 2 2 3
1.61579 -13.488 -13.488 2 2 3
1.60382 -13.3888 -13.3888 2 2 3
1.59181 -13.2896 -13.2896 2 2 3
1.57978 -13.1905 -13.1905 2 2 3
1.56773 -13.0913 -13.0913 2 2 3
1.55565 -12.9921 -12.9921 2 2 3
1.54355 -12.8929 -12.8929 2 2 3
1.53142 -12.7937 -12.7937 2 2 3
1.51927 -12.6946 -12.6946 2 2 3
1.5071 -12.5954 -12.5954 2 2 3
1.49491 -12.4962 -12.4962 2 2 3
1.48269 -12.397 -12.397 2 2 3
1.47045 -12.2979 -12.2979 2 2 3
1.4582 -12.1987 -12.1987 2 2 3
1.44592 -12.0996 -12.0996 2 2 3
1.43362 -12.0004 -12.0004 2 2 3
1.42131 -11.9012 -11.9012 2 2 3
1.40898 -11.8021 -11.8021 2 2 3
1.39663 -11.7029 -11.7029 2 2 3
1.38427 -11.6038 -11.6038 2 2 3
1.37189 -11.5046 -11.5046 2 2 3
1.35949 -11.4055 -11.4055 2 2 3
1.34709 -11.3063 -11.3063 2 2 3
1.33467 -11.2072 -11.2072 2 2 3
1.32225 -11.1081 -11.1081 2 2 3
1.30981 -11.0089 -11.0089 2 2 3
1.29737 -10.9098 -10.9098 2 2 3
1.28491 -10.8106 -10.8106 2 2 3
1.27246 -10.7115 -10.7115 2 2 3
1.26 -10.6124 -10.6124 2 2 3
1.24754 -10.5132 -10.5132 2 2 3
1.23507 -10.4141 -10.4141 2 2 3
1.22261 -10.315 -10.315 2 2 3
1.21015 -10.2158 -10.2158 2 2 3
1.1977 -10.1167 -10.1167 2 2 3
1.18525 -10.0175 -10.0175 2 2 3
1.17281 -9.91841 -9.91841 2 2 3
1.16038 -9.81927 -9.81927 2 2 3
1.14796 -9.72013 -9.72013 2 2 3
1.13555 -9.62099 -9.62099 2 2 3
1.12317 -9.52184 -9.52184 2 2 3
1.1108 -9.4227 -9.4227 2 2 3
1.09846 -9.32355 -9.32355 2 2 3
1.08613 -9.2244 -9.2244 2 2 3
1.07384 -9.12524 -9.12524 2 2 3
1.06158 -9.02609 -9.02609 2 2 3
1.04934 -8.92693 -8.92693 2 2 3
1.03715 -8.82776 -8.82776 2 2 3
1.02499 -8.7286 -8.7286 2 2 3
1.01288 -8.62942 -8.62942 2 2 3
1.00081 -8.53024 -8.53024 2 2 3
0.988784 -8.43106 -8.43106 2 2 3
0.976815 -8.33187 -8.33187 2 2 3
0.964901 -8.23268 -8.23268 2 2 3
0.953047 -8.13348 -8.13348 2 2 3
0.941256 -8.03427 -8.03427 2 2 3
0.929532 -7.93506 -7.93506 2 2 3
0.91788 -7.83583 -7.83583 2 2 3
0.906304 -7.7366 -7.7366 2 2 3
0.894807 -7.63736 -7.63736 2 2 3
0.883395 -7.53812 -7.53812 2 2 3
0.872072 -7.43886 -7.43886 2 2 3
0.860842 -7.3396 -7.3396 2 2 3
0.849711 -7.24032 -7.24032 2 2 3
0.838684 -7.14103 -7.14103 2 2 3
0.827765 -7.04174 -7.04174 2 2 3
0.816959 -6.94243 -6.94243 2 2 3
0.806272 -6.84311 -6.84311 2 2 3
0.795709 -6.74378 -6.74378 2 2 3
0.785276 -6.64444 -6.64444 2 2 3
0.774978 -6.54508 -6.54508 2 2 3
0.764821 -6.44571 -6.44571 2 2 3
0.75481 -6.34633 -6.34633 2 2 3
0.744952 -6.24694 -6.24694 2 2 3
0.735252 -6.14753 -6.14753 2 2 3
0.725716 -6.04811 -6.04811 2 2 3
0.71635 -5.94868 -5.94868 2 2 3
0.707337 -5.84922 -5.84922 2 2 3
0.698337 -5.74976 -5.74976 2 2 3
0.689525 -5.65028 -5.65028 2 2 3
0.680908 -5.55079 -5.55079 2 2 3
0.672491 -5.45129 -5.45129 2 2 3
0.664283 -5.35177 -5.35177 2 2 3
0.656287 -5.25224 -5.25224 2 2 3
0.648511 -5.1527 -5.1527 2 2 3
0.64096 -5.05314 -5.05314 2 2 3
0.633642 -4.95358 -4.95358 2 2 3
0.626561 -4.85399 -4.85399 2 2 3
0.619723 -4.7544 -4.7544 2 2 3
0.613134 -4.6548 -4.6548 2 2 3
0.6068 -4.55518 -4.55518 2 2 3
0.600726 -4.45556 -4.45556 2 2 3
0.594917 -4.35593 -4.35593 2 2 3
0.589379 -4.25629 -4.25629 2 2 3
0.584115 -4.15664 -4.15664 2 2 3
0.579131 -4.05698 -4.05698 2 2 3
0.574431 -3.95732 -3.95732 2 2 3
0.570017 -3.85766 -3.85766 2 2 3
0.565894 -3.75799 -3.75799 2 2 3
0.562065 -3.65832 -3.65832 2 2 3
0.558532 -3.55865 -3.55865 2 2 3
0.555296 -3.45897 -3.45897 2 2 3
0.552361 -3.3593 -3.3593 2 2 3
0.549726 -3.25964 -3.25964 2 2 3
0.547391 -3.15998 -3.15998 2 2 3
0.545356 -3.06032 -3.06032 2 2 3
0.543621 -2.96067 -2.96067 2 2 3
0.542183 -2.86103 -2.86103 2 2 3
0.54104 -2.76139 -2.76139 2 2 3
0.540188 -2.66177 -2.66177 2 2 3
0.539624 -2.56216 -2.56216 2 2 3
0.539342 -2.46257 -2.46257 2 2 3
0.539336 -2.36298 -2.36298 2 2 3
0.539601 -2.26342 -2.26342 2 2 3
0.540127 -2.16386 -2.16386 2 2 3
0.540908 -2.06433 -2.06433 2 2 3
0.541932 -1.96481 -1.96481 2 2 3
0.543192 -1.86531 -1.86531 2 2 3
0.544674 -1.76582 -1.76582 2 2 3
0.546369 -1.66635 -1.66635 2 2 3
0.548264 -1.5669 -1.5669 2 2 3
0.550345 -1.46747 -1.46747 2 2 3
0.552599 -1.36805 -1.36805 2 2 3
0.555012 -1.26865 -1.26865 2 2 3
0.557425 -1.16925 -1.16925 2 2 3
0.560127 -1.06987 -1.06987 2 2 3
0.562945 -0.970513 -0.970513 2 2 3
0.565862 -0.871166 -0.871166 2 2 3
0.568867 -0.77183 -0.77183 2 2 3
0.57194 -0.672504 -0.672504 2 2 3
0.57507 -0.573186 -0.573186 2 2 3
0.578241 -0.473876 -0.473876 2 2 3
0.581438 -0.374572 -0.374572 2 2 3
0.582744 -0.334857 -0.334857 2 2 3
0.584023 -0.295136 -0.295136 2 2 3
0.586584 -0.215697 -0.215697 2 2 3
0.589786 -0.116401 -0.116401 2 2 3
0.592975 -0.017108 -0.017108 2 2 3
0.596135 0.0821835 0.0821835 2 2 3
